#!ascii label  , from subject abby vox2ras=TkReg
1803
65239  -31.242  -26.651  53.528 0.0000000000
82695  -43.683  -11.412  40.000 0.0000000000
79245  -29.489  -14.379  48.501 0.0000000000
58653  -2.531  -31.785  52.097 0.0000000000
61499  -16.643  -28.181  53.815 0.0000000000
68443  -0.122  -23.441  55.020 0.0000000000
67318  -3.330  -24.209  59.604 0.0000000000
78045  -37.610  -15.057  42.953 0.0000000000
69608  -3.820  -22.462  50.222 0.0000000000
58561  -0.314  -31.766  63.290 0.0000000000
66384  -29.490  -25.874  47.707 0.0000000000
62859  -26.938  -27.903  50.157 0.0000000000
64049  -24.438  -27.670  53.594 0.0000000000
87632  -44.841  -7.170  37.585 0.0000000000
77973  -33.023  -14.826  45.535 0.0000000000
56030  -12.597  -31.858  52.155 0.0000000000
75508  -5.432  -17.691  55.559 0.0000000000
64062  -3.438  -27.889  52.658 0.0000000000
65244  -0.322  -26.246  50.815 0.0000000000
58706  -1.838  -31.408  47.182 0.0000000000
54534  -7.466  -33.157  63.726 0.0000000000
61397  -5.682  -29.760  66.308 0.0000000000
77878  -25.805  -15.603  50.800 0.0000000000
64016  -22.006  -27.251  55.947 0.0000000000
62851  -17.996  -26.516  51.108 0.0000000000
66297  -0.740  -24.714  58.452 0.0000000000
62772  -5.560  -28.163  56.387 0.0000000000
78091  -41.417  -15.013  40.933 0.0000000000
53230  -9.319  -33.444  60.194 0.0000000000
54615  -10.653  -32.970  55.877 0.0000000000
72037  -0.800  -21.395  52.443 0.0000000000
67473  0.263  -24.715  47.417 0.0000000000
68362  -6.305  -24.285  60.982 0.0000000000
59957  -4.461  -29.915  62.207 0.0000000000
60018  0.348  -31.700  57.507 0.0000000000
67418  -33.278  -24.412  52.986 0.0000000000
61504  -31.592  -27.213  51.427 0.0000000000
65250  -32.545  -25.881  50.548 0.0000000000
62823  -29.320  -27.580  51.731 0.0000000000
60075  -29.046  -28.745  49.358 0.0000000000
62804  -27.647  -27.637  53.906 0.0000000000
84648  -44.069  -9.287  38.769 0.0000000000
82699  -39.755  -12.012  38.325 0.0000000000
84660  -41.234  -9.529  37.515 0.0000000000
85650  -42.731  -8.635  36.459 0.0000000000
77919  -31.776  -14.831  46.807 0.0000000000
77969  -26.364  -15.790  45.338 0.0000000000
79314  -28.497  -14.790  44.746 0.0000000000
79316  -30.900  -14.613  44.542 0.0000000000
61497  -4.755  -29.727  52.073 0.0000000000
62867  -3.172  -29.306  49.861 0.0000000000
57367  -3.261  -32.057  49.633 0.0000000000
54786  -1.356  -34.648  47.531 0.0000000000
56065  -0.507  -33.227  49.988 0.0000000000
53225  -5.603  -33.677  61.658 0.0000000000
53184  -4.941  -33.422  63.514 0.0000000000
75531  -26.004  -17.402  52.509 0.0000000000
70852  -30.107  -21.656  50.171 0.0000000000
67458  -27.640  -23.543  47.948 0.0000000000
73250  -28.391  -19.725  49.681 0.0000000000
74409  -26.579  -18.767  48.758 0.0000000000
63997  -23.972  -26.800  57.211 0.0000000000
64096  -23.052  -27.131  51.404 0.0000000000
62837  -21.488  -26.893  51.889 0.0000000000
85679  -45.182  -8.859  33.007 0.0000000000
84703  -46.933  -9.304  31.863 0.0000000000
66276  -1.602  -24.582  59.259 0.0000000000
65200  -3.747  -26.206  57.001 0.0000000000
65192  -4.543  -26.390  58.478 0.0000000000
76795  -39.765  -15.711  42.074 0.0000000000
78062  -34.242  -14.684  41.337 0.0000000000
78086  -36.117  -15.161  40.460 0.0000000000
78110  -38.173  -15.505  39.811 0.0000000000
55908  -11.238  -32.975  62.433 0.0000000000
55920  -11.545  -32.904  60.609 0.0000000000
71957  0.117  -20.843  56.732 0.0000000000
73197  -0.744  -19.907  55.019 0.0000000000
70778  0.528  -21.623  53.837 0.0000000000
62862  1.510  -27.299  48.321 0.0000000000
66365  0.819  -25.100  49.128 0.0000000000
65264  2.532  -26.468  47.141 0.0000000000
66260  -7.810  -25.823  61.301 0.0000000000
59915  -2.558  -31.187  65.892 0.0000000000
61411  -4.448  -29.160  64.617 0.0000000000
61416  -1.729  -30.784  63.307 0.0000000000
59983  -2.083  -31.294  60.477 0.0000000000
59968  0.392  -31.931  61.024 0.0000000000
68501  -31.287  -23.129  50.869 0.0000000000
64020  -25.358  -27.231  55.790 0.0000000000
62790  -25.926  -27.591  54.624 0.0000000000
64071  -25.318  -27.448  52.501 0.0000000000
88826  -45.007  -5.787  35.642 0.0000000000
85666  -44.085  -8.010  34.838 0.0000000000
78002  -35.450  -14.859  44.719 0.0000000000
79358  -32.517  -14.447  42.988 0.0000000000
60072  -14.906  -28.650  51.148 0.0000000000
57325  -14.584  -30.072  53.387 0.0000000000
72008  -5.368  -20.642  53.691 0.0000000000
66345  -1.598  -25.605  53.819 0.0000000000
67420  -0.625  -24.714  53.096 0.0000000000
62828  -0.987  -27.491  51.612 0.0000000000
61532  -0.870  -28.594  48.921 0.0000000000
60108  0.486  -30.217  46.953 0.0000000000
59947  -8.348  -30.326  63.751 0.0000000000
62714  -7.572  -28.490  64.275 0.0000000000
58553  -6.912  -31.352  65.788 0.0000000000
54503  -4.186  -32.578  65.694 0.0000000000
79222  -27.447  -14.456  49.665 0.0000000000
75576  -25.489  -17.576  46.546 0.0000000000
62784  -19.249  -27.383  55.132 0.0000000000
64032  -22.866  -27.725  54.909 0.0000000000
62797  -20.314  -26.991  53.992 0.0000000000
64078  -17.789  -26.784  52.979 0.0000000000
70734  0.721  -21.703  58.656 0.0000000000
68384  1.089  -23.365  59.741 0.0000000000
67374  -0.169  -24.390  56.250 0.0000000000
66322  -2.377  -25.679  55.485 0.0000000000
64028  -4.401  -27.722  54.160 0.0000000000
60050  -4.223  -30.530  54.471 0.0000000000
81612  -42.435  -13.056  40.462 0.0000000000
79411  -39.516  -14.284  39.074 0.0000000000
57215  -10.030  -32.098  62.979 0.0000000000
53201  -8.030  -33.416  61.630 0.0000000000
52077  -6.468  -33.620  59.569 0.0000000000
55997  -13.666  -31.020  54.984 0.0000000000
55967  -13.457  -31.389  56.753 0.0000000000
55925  -12.424  -32.046  58.801 0.0000000000
53276  -9.569  -33.468  58.332 0.0000000000
53274  -7.283  -33.576  57.620 0.0000000000
74320  -3.637  -18.125  56.736 0.0000000000
71990  -2.731  -20.185  54.459 0.0000000000
70811  -2.428  -21.987  51.597 0.0000000000
68489  0.237  -23.370  51.011 0.0000000000
69604  -0.104  -22.496  50.404 0.0000000000
69641  -1.466  -22.737  48.494 0.0000000000
67305  -4.568  -24.413  60.454 0.0000000000
65149  -6.315  -26.382  64.378 0.0000000000
63947  -5.597  -27.149  63.115 0.0000000000
65182  -5.494  -26.750  60.185 0.0000000000
61472  -5.501  -29.415  59.068 0.0000000000
60022  -3.656  -30.854  57.612 0.0000000000
60047  -1.131  -31.379  54.531 0.0000000000
57223  2.374  -33.504  60.715 0.0000000000
58595  2.711  -33.122  58.552 0.0000000000
58650  0.518  -32.992  52.524 0.0000000000
66351  -32.428  -25.381  53.454 0.0000000000
66331  -31.293  -24.759  54.762 0.0000000000
64074  -31.811  -26.824  52.516 0.0000000000
65243  -33.010  -26.144  52.163 0.0000000000
62807  -30.146  -27.550  52.748 0.0000000000
61502  -30.504  -27.628  51.597 0.0000000000
65233  -30.292  -26.744  54.624 0.0000000000
64055  -29.903  -27.320  53.540 0.0000000000
83683  -43.548  -9.691  38.929 0.0000000000
82693  -41.659  -11.517  39.394 0.0000000000
83680  -41.077  -10.798  38.637 0.0000000000
83681  -41.887  -10.412  38.705 0.0000000000
84647  -43.269  -9.417  38.495 0.0000000000
79268  -31.062  -14.757  47.350 0.0000000000
79247  -31.745  -14.335  48.418 0.0000000000
79226  -31.241  -14.228  49.576 0.0000000000
77970  -27.421  -14.973  45.465 0.0000000000
79281  -29.052  -14.735  46.672 0.0000000000
79282  -30.185  -14.730  46.481 0.0000000000
58642  -3.716  -31.072  52.249 0.0000000000
58662  -4.214  -30.960  50.822 0.0000000000
57338  -3.375  -31.614  51.084 0.0000000000
57366  -2.330  -32.743  49.212 0.0000000000
57336  -1.652  -32.309  51.632 0.0000000000
52059  -5.267  -33.757  60.636 0.0000000000
52042  -4.549  -34.039  61.831 0.0000000000
73242  -29.402  -19.875  50.788 0.0000000000
72067  -29.287  -20.840  49.267 0.0000000000
74394  -28.703  -19.624  50.455 0.0000000000
74392  -26.716  -18.535  50.993 0.0000000000
86642  -45.773  -7.353  33.786 0.0000000000
85680  -45.785  -8.733  32.832 0.0000000000
86649  -47.926  -7.879  32.773 0.0000000000
66277  -2.675  -24.717  59.187 0.0000000000
66289  -3.111  -25.343  58.493 0.0000000000
66290  -4.041  -25.749  58.816 0.0000000000
78046  -38.695  -15.532  43.237 0.0000000000
76787  -39.674  -15.788  43.328 0.0000000000
78043  -35.333  -14.620  42.550 0.0000000000
78063  -35.296  -14.744  41.358 0.0000000000
78065  -37.426  -15.057  41.795 0.0000000000
78088  -38.209  -15.516  41.054 0.0000000000
57224  -13.087  -32.384  61.613 0.0000000000
55921  -12.979  -32.363  60.309 0.0000000000
62783  -17.891  -27.924  55.347 0.0000000000
60051  -16.745  -29.076  55.023 0.0000000000
69594  -5.735  -22.088  51.547 0.0000000000
70754  0.639  -21.886  55.671 0.0000000000
70763  0.391  -21.387  55.178 0.0000000000
69563  0.542  -22.236  54.616 0.0000000000
61584  1.794  -28.578  46.662 0.0000000000
64110  2.989  -27.342  48.296 0.0000000000
62919  2.376  -27.792  46.207 0.0000000000
66280  -7.910  -25.870  59.779 0.0000000000
63955  -8.373  -27.318  61.500 0.0000000000
59922  -1.411  -31.456  64.186 0.0000000000
61401  -2.391  -30.781  64.662 0.0000000000
59936  -1.222  -31.110  63.332 0.0000000000
61425  -1.157  -30.908  62.571 0.0000000000
59942  0.296  -31.777  62.613 0.0000000000
68488  -32.935  -23.397  51.924 0.0000000000
67445  -32.124  -24.444  50.984 0.0000000000
69622  -31.918  -22.659  51.508 0.0000000000
70839  -31.215  -21.732  51.184 0.0000000000
62838  -27.074  -27.558  51.644 0.0000000000
62820  -26.893  -27.649  52.940 0.0000000000
64086  -26.270  -27.429  51.046 0.0000000000
64098  -24.822  -27.400  50.763 0.0000000000
87650  -44.756  -6.802  36.526 0.0000000000
85652  -44.063  -8.262  36.972 0.0000000000
85658  -43.373  -8.433  35.720 0.0000000000
85659  -44.008  -8.139  36.089 0.0000000000
86639  -44.657  -7.298  34.923 0.0000000000
77974  -33.834  -15.173  45.591 0.0000000000
77946  -35.145  -15.290  46.569 0.0000000000
77922  -34.382  -15.203  47.179 0.0000000000
79300  -32.217  -14.576  45.257 0.0000000000
79337  -31.298  -14.538  43.695 0.0000000000
79319  -32.712  -14.620  44.862 0.0000000000
79340  -33.334  -14.603  44.206 0.0000000000
75509  -6.218  -17.621  55.150 0.0000000000
71993  -5.847  -20.053  54.127 0.0000000000
73202  -5.444  -19.322  54.634 0.0000000000
65237  -1.743  -26.042  53.512 0.0000000000
64040  -1.273  -26.636  52.830 0.0000000000
62810  -1.711  -27.714  52.250 0.0000000000
60095  -2.936  -30.186  48.848 0.0000000000
61516  -1.636  -28.680  49.810 0.0000000000
61571  -1.035  -29.864  47.722 0.0000000000
61570  -0.011  -29.575  47.478 0.0000000000
60127  -0.952  -31.080  46.631 0.0000000000
57427  -0.712  -32.544  45.581 0.0000000000
57211  -8.506  -32.107  64.131 0.0000000000
58562  -7.549  -30.866  64.763 0.0000000000
55878  -7.155  -31.989  65.154 0.0000000000
53183  -4.095  -33.495  63.556 0.0000000000
54517  -4.381  -32.901  64.807 0.0000000000
54516  -3.677  -33.168  64.763 0.0000000000
55882  -2.199  -33.206  65.262 0.0000000000
79221  -26.702  -14.751  49.914 0.0000000000
75555  -25.633  -17.391  49.797 0.0000000000
74426  -25.827  -18.233  47.183 0.0000000000
77900  -25.979  -15.946  48.817 0.0000000000
77901  -26.410  -15.354  48.432 0.0000000000
64004  -21.827  -26.984  56.820 0.0000000000
64003  -20.851  -26.901  56.854 0.0000000000
64015  -21.046  -26.891  55.992 0.0000000000
62788  -24.439  -27.747  55.008 0.0000000000
62777  -24.299  -27.471  55.591 0.0000000000
62800  -23.886  -27.951  54.570 0.0000000000
62836  -20.404  -26.752  52.092 0.0000000000
62819  -21.381  -27.229  52.937 0.0000000000
62835  -19.470  -26.769  52.351 0.0000000000
62817  -19.299  -26.949  53.231 0.0000000000
62834  -17.663  -26.662  51.716 0.0000000000
61521  -16.152  -27.634  51.584 0.0000000000
67301  0.106  -24.231  60.103 0.0000000000
67329  0.349  -24.194  58.623 0.0000000000
67328  1.046  -23.938  58.342 0.0000000000
66308  -0.749  -24.833  57.442 0.0000000000
66321  -1.577  -25.373  55.507 0.0000000000
66309  -1.424  -25.260  56.866 0.0000000000
63998  -4.885  -27.124  56.928 0.0000000000
65224  -4.131  -26.670  55.917 0.0000000000
62771  -5.441  -28.485  55.723 0.0000000000
61486  -4.888  -29.642  54.561 0.0000000000
61482  -5.183  -29.574  55.744 0.0000000000
79398  -42.249  -14.465  41.063 0.0000000000
80542  -43.657  -13.999  41.640 0.0000000000
78069  -42.568  -15.168  42.040 0.0000000000
78089  -39.856  -15.355  40.331 0.0000000000
78111  -39.199  -15.161  39.456 0.0000000000
78112  -40.072  -14.920  39.868 0.0000000000
80561  -40.903  -13.658  39.779 0.0000000000
58576  -10.671  -31.488  62.526 0.0000000000
54548  -9.931  -33.479  60.642 0.0000000000
55907  -9.900  -33.336  62.262 0.0000000000
53229  -8.617  -33.466  60.443 0.0000000000
53228  -7.790  -33.401  60.773 0.0000000000
52062  -8.062  -33.524  59.526 0.0000000000
56032  -13.840  -30.587  52.755 0.0000000000
56015  -14.088  -30.505  54.165 0.0000000000
56014  -13.340  -31.012  53.685 0.0000000000
54631  -10.676  -33.053  54.898 0.0000000000
55979  -12.578  -31.916  55.380 0.0000000000
54589  -12.033  -32.032  56.650 0.0000000000
55952  -12.654  -31.724  57.397 0.0000000000
54588  -11.513  -32.430  57.290 0.0000000000
54574  -10.586  -33.359  58.172 0.0000000000
53314  -10.117  -33.310  57.262 0.0000000000
53310  -7.648  -33.481  55.925 0.0000000000
74305  -2.796  -18.216  57.489 0.0000000000
72003  -0.412  -20.974  53.462 0.0000000000
73199  -2.220  -19.606  54.951 0.0000000000
70779  -1.506  -21.118  53.239 0.0000000000
70781  -2.757  -21.294  53.248 0.0000000000
70810  -1.241  -21.442  52.054 0.0000000000
65245  -0.622  -25.789  51.698 0.0000000000
67433  -0.141  -24.325  51.643 0.0000000000
66355  -0.086  -25.276  50.928 0.0000000000
66372  0.869  -25.114  48.391 0.0000000000
67450  0.534  -24.382  49.450 0.0000000000
68517  0.349  -23.773  48.672 0.0000000000
69624  -0.786  -22.610  49.279 0.0000000000
69654  -0.468  -23.328  47.826 0.0000000000
68526  -0.935  -23.681  47.463 0.0000000000
67306  -5.396  -24.288  60.778 0.0000000000
62706  -6.813  -29.250  66.119 0.0000000000
65144  -7.384  -27.069  64.662 0.0000000000
63936  -6.060  -27.488  65.452 0.0000000000
61419  -4.752  -29.051  63.740 0.0000000000
62717  -5.366  -28.044  63.920 0.0000000000
62722  -5.729  -28.051  62.996 0.0000000000
65173  -5.712  -26.540  61.256 0.0000000000
62738  -5.788  -28.545  61.053 0.0000000000
63967  -5.745  -27.851  59.959 0.0000000000
61454  -5.347  -29.509  60.962 0.0000000000
59997  -1.113  -31.406  59.590 0.0000000000
59999  -2.871  -31.201  59.577 0.0000000000
60020  -1.541  -31.455  57.556 0.0000000000
60030  -2.336  -31.280  56.346 0.0000000000
60028  -0.436  -31.455  56.516 0.0000000000
54550  3.301  -34.632  59.837 0.0000000000
57232  2.905  -33.361  59.251 0.0000000000
69578  -33.262  -22.594  53.154 0.0000000000
61526  -31.175  -28.371  49.856 0.0000000000
62880  -31.729  -27.492  49.581 0.0000000000
64101  -32.355  -26.537  50.743 0.0000000000
66354  -33.375  -25.283  52.108 0.0000000000
62839  -28.136  -27.670  50.910 0.0000000000
61510  -29.349  -27.833  50.616 0.0000000000
60068  -29.912  -28.349  49.890 0.0000000000
62805  -28.576  -27.501  53.228 0.0000000000
86589  -44.737  -7.965  37.942 0.0000000000
83688  -39.880  -10.336  37.445 0.0000000000
84671  -40.874  -9.189  36.742 0.0000000000
85655  -41.142  -8.617  35.204 0.0000000000
84672  -41.787  -8.809  36.783 0.0000000000
85643  -43.608  -8.654  37.498 0.0000000000
77942  -32.031  -14.777  46.118 0.0000000000
77921  -33.305  -14.874  47.313 0.0000000000
79248  -32.947  -14.373  48.216 0.0000000000
79208  -33.305  -13.808  50.015 0.0000000000
76768  -25.854  -16.725  44.684 0.0000000000
77997  -26.632  -16.177  44.214 0.0000000000
77998  -27.311  -15.327  44.409 0.0000000000
79334  -28.138  -14.969  43.509 0.0000000000
79354  -28.777  -14.414  42.604 0.0000000000
79315  -29.835  -14.575  44.638 0.0000000000
79298  -30.534  -14.641  45.483 0.0000000000
64063  -4.028  -28.120  52.475 0.0000000000
62812  -3.595  -28.182  51.921 0.0000000000
61506  -4.359  -29.686  51.094 0.0000000000
60084  -3.625  -30.540  49.518 0.0000000000
58708  -3.164  -31.409  48.146 0.0000000000
57429  -1.921  -32.677  46.909 0.0000000000
57383  -2.630  -32.802  48.193 0.0000000000
56105  -1.339  -33.982  48.660 0.0000000000
53199  -6.655  -33.468  62.450 0.0000000000
54533  -6.511  -33.185  64.029 0.0000000000
53198  -5.912  -33.499  62.687 0.0000000000
76661  -25.559  -16.553  51.386 0.0000000000
67451  -29.726  -23.702  49.722 0.0000000000
66373  -28.754  -25.264  48.253 0.0000000000
68520  -29.073  -22.818  49.251 0.0000000000
70863  -28.553  -21.289  48.351 0.0000000000
72082  -28.347  -20.931  47.857 0.0000000000
74402  -27.464  -19.259  49.273 0.0000000000
74400  -25.993  -18.110  50.356 0.0000000000
64005  -22.749  -27.194  56.805 0.0000000000
64083  -23.841  -27.496  52.043 0.0000000000
64068  -23.079  -27.589  53.208 0.0000000000
64095  -22.356  -27.123  51.804 0.0000000000
62853  -20.612  -26.575  50.983 0.0000000000
83718  -44.921  -10.160  31.757 0.0000000000
83727  -45.357  -10.492  31.107 0.0000000000
83741  -45.601  -10.476  30.159 0.0000000000
83742  -46.344  -9.835  29.872 0.0000000000
66287  -1.162  -24.775  58.824 0.0000000000
66299  -2.198  -25.379  57.654 0.0000000000
66300  -3.096  -25.646  57.321 0.0000000000
65201  -4.510  -26.753  57.540 0.0000000000
63987  -5.234  -27.434  57.813 0.0000000000
76796  -40.431  -15.585  41.668 0.0000000000
76788  -40.584  -15.663  42.735 0.0000000000
78107  -34.762  -15.503  39.459 0.0000000000
78108  -35.786  -15.647  39.405 0.0000000000
76828  -36.529  -15.884  38.264 0.0000000000
78109  -36.855  -15.506  39.617 0.0000000000
76814  -38.892  -15.609  40.670 0.0000000000
58571  -11.609  -31.849  62.994 0.0000000000
57218  -12.121  -32.035  62.883 0.0000000000
55914  -10.824  -33.394  61.280 0.0000000000
54551  -9.822  -33.321  60.086 0.0000000000
53377  -9.925  -33.085  53.008 0.0000000000
53334  -9.346  -32.908  55.963 0.0000000000
73173  -0.891  -19.677  56.695 0.0000000000
73174  -1.518  -19.282  56.400 0.0000000000
71979  -0.393  -20.293  55.264 0.0000000000
71987  0.236  -20.900  53.956 0.0000000000
72020  0.031  -21.539  53.036 0.0000000000
64090  0.620  -26.679  49.379 0.0000000000
65248  0.378  -25.969  50.115 0.0000000000
65253  1.439  -26.080  49.100 0.0000000000
67449  2.099  -25.189  48.775 0.0000000000
66380  1.687  -25.802  47.229 0.0000000000
67331  -7.513  -24.551  58.777 0.0000000000
67320  -7.318  -24.608  59.909 0.0000000000
67296  -7.296  -24.873  61.448 0.0000000000
59925  -3.811  -30.482  66.214 0.0000000000
61404  -4.580  -29.307  65.343 0.0000000000
61403  -3.813  -29.938  65.191 0.0000000000
61410  -3.906  -30.076  64.265 0.0000000000
59946  -3.825  -30.293  63.312 0.0000000000
59972  -3.805  -30.495  61.587 0.0000000000
59954  -2.162  -30.818  62.219 0.0000000000
61452  -0.884  -31.388  61.172 0.0000000000
59996  -0.349  -31.614  59.914 0.0000000000
65282  -30.523  -26.778  47.490 0.0000000000
65257  -31.691  -26.304  49.248 0.0000000000
66368  -31.390  -25.450  49.562 0.0000000000
66367  -30.796  -25.237  49.531 0.0000000000
69620  -30.812  -22.308  50.613 0.0000000000
72059  -30.664  -20.971  50.827 0.0000000000
64033  -25.331  -27.583  54.227 0.0000000000
62803  -26.519  -27.662  53.939 0.0000000000
64034  -25.762  -27.557  53.941 0.0000000000
64070  -24.537  -27.512  52.754 0.0000000000
64097  -23.939  -27.279  51.050 0.0000000000
85672  -42.871  -8.682  33.854 0.0000000000
85667  -44.661  -7.695  34.376 0.0000000000
86640  -45.143  -7.321  34.346 0.0000000000
78024  -36.614  -14.990  43.829 0.0000000000
78004  -37.818  -15.594  45.186 0.0000000000
77977  -36.946  -15.552  46.040 0.0000000000
79355  -29.919  -14.411  42.648 0.0000000000
79378  -33.222  -14.547  42.014 0.0000000000
79361  -34.812  -14.539  43.531 0.0000000000
60062  -15.634  -28.467  53.238 0.0000000000
58632  -15.507  -29.216  53.773 0.0000000000
58656  -14.575  -29.423  51.741 0.0000000000
57339  -13.990  -30.523  51.446 0.0000000000
70784  -5.702  -21.121  53.127 0.0000000000
69581  -5.073  -22.237  52.095 0.0000000000
67387  -0.465  -24.252  54.507 0.0000000000
67402  -0.307  -24.117  53.584 0.0000000000
66344  -1.202  -25.291  53.484 0.0000000000
65242  -1.025  -26.045  52.456 0.0000000000
62827  -0.824  -27.085  51.201 0.0000000000
62847  -2.020  -28.418  50.491 0.0000000000
62846  -1.041  -27.825  50.123 0.0000000000
64092  -0.284  -27.544  49.287 0.0000000000
62886  0.408  -28.310  48.403 0.0000000000
62723  -8.300  -28.247  62.583 0.0000000000
61413  -7.832  -29.523  64.034 0.0000000000
61406  -7.165  -29.808  65.566 0.0000000000
59928  -6.671  -30.516  66.538 0.0000000000
55886  -6.342  -32.297  65.131 0.0000000000
57197  -5.405  -32.213  66.140 0.0000000000
58543  -4.826  -31.436  66.570 0.0000000000
58542  -3.490  -31.515  66.422 0.0000000000
57187  -1.585  -32.248  65.520 0.0000000000
55869  -0.373  -32.745  63.981 0.0000000000
79244  -28.509  -14.410  48.626 0.0000000000
79205  -29.683  -13.986  50.192 0.0000000000
79204  -28.793  -13.894  50.143 0.0000000000
66415  -28.182  -26.245  45.587 0.0000000000
75581  -25.616  -17.777  45.502 0.0000000000
79264  -27.011  -14.848  48.158 0.0000000000
62774  -19.013  -27.609  56.141 0.0000000000
62795  -18.258  -27.442  54.372 0.0000000000
64007  -24.395  -26.952  56.628 0.0000000000
64018  -24.013  -27.326  56.134 0.0000000000
64031  -22.072  -27.381  55.021 0.0000000000
64067  -22.356  -27.531  53.373 0.0000000000
64046  -22.008  -27.469  54.039 0.0000000000
64030  -21.021  -27.121  55.032 0.0000000000
62785  -19.995  -27.001  54.713 0.0000000000
62816  -18.457  -27.045  53.642 0.0000000000
62815  -17.457  -27.325  53.519 0.0000000000
60065  -15.592  -28.229  52.117 0.0000000000
84731  -46.708  -9.324  28.289 0.0000000000
84732  -47.580  -8.768  27.936 0.0000000000
85708  -47.659  -8.400  27.120 0.0000000000
70743  0.428  -21.680  57.316 0.0000000000
69548  0.548  -22.552  56.453 0.0000000000
69525  1.103  -22.384  58.751 0.0000000000
68411  0.729  -23.297  57.457 0.0000000000
68433  0.255  -23.452  55.925 0.0000000000
66332  -0.545  -24.511  55.251 0.0000000000
66334  -1.558  -25.404  54.358 0.0000000000
64026  -2.867  -26.505  54.094 0.0000000000
65211  -3.039  -25.903  55.814 0.0000000000
65232  -3.160  -26.294  54.758 0.0000000000
64043  -3.430  -27.454  53.498 0.0000000000
62792  -4.975  -28.694  53.557 0.0000000000
61490  -4.745  -29.745  53.213 0.0000000000
60059  -3.512  -30.820  52.852 0.0000000000
81621  -43.059  -11.888  40.092 0.0000000000
78142  -37.276  -14.994  37.852 0.0000000000
78143  -37.961  -14.496  37.941 0.0000000000
80570  -38.235  -13.475  37.693 0.0000000000
80565  -39.555  -13.016  38.619 0.0000000000
81619  -41.557  -12.763  39.878 0.0000000000
58569  -9.462  -31.431  63.131 0.0000000000
55894  -8.733  -32.364  63.781 0.0000000000
55900  -10.547  -32.578  62.915 0.0000000000
55906  -8.963  -33.293  62.849 0.0000000000
54540  -8.034  -33.369  62.720 0.0000000000
53242  -6.211  -33.526  60.880 0.0000000000
57312  -15.332  -29.673  54.380 0.0000000000
57296  -14.865  -30.170  55.513 0.0000000000
57283  -14.661  -30.408  56.253 0.0000000000
55996  -12.745  -31.593  54.448 0.0000000000
55981  -13.965  -30.929  56.243 0.0000000000
55969  -14.629  -30.964  57.538 0.0000000000
55954  -14.331  -31.262  57.889 0.0000000000
55928  -14.357  -30.960  59.082 0.0000000000
55922  -13.656  -31.668  60.031 0.0000000000
54563  -12.221  -32.308  59.582 0.0000000000
54561  -10.620  -33.300  58.830 0.0000000000
53261  -9.557  -33.562  58.922 0.0000000000
53312  -8.808  -32.883  56.646 0.0000000000
52104  -8.635  -33.252  57.700 0.0000000000
52080  -8.687  -33.493  58.676 0.0000000000
52092  -7.451  -33.504  58.375 0.0000000000
74333  -4.296  -18.171  55.841 0.0000000000
74331  -2.435  -19.016  55.975 0.0000000000
73185  -2.750  -19.179  55.519 0.0000000000
73201  -4.344  -19.181  54.985 0.0000000000
72007  -4.349  -20.768  53.890 0.0000000000
70795  -3.297  -21.816  52.408 0.0000000000
69591  -3.152  -22.448  50.879 0.0000000000
68461  0.112  -23.395  53.190 0.0000000000
69579  0.219  -22.613  52.692 0.0000000000
69590  0.155  -22.584  51.643 0.0000000000
67442  0.369  -24.296  50.487 0.0000000000
70824  -0.111  -21.995  51.467 0.0000000000
69605  -1.144  -22.277  50.176 0.0000000000
69606  -2.106  -22.275  50.048 0.0000000000
69626  -2.814  -22.280  49.260 0.0000000000
69656  -2.131  -23.053  47.883 0.0000000000
63948  -7.713  -26.885  62.764 0.0000000000
66252  -7.221  -25.601  62.608 0.0000000000
66251  -6.566  -25.572  63.020 0.0000000000
63940  -5.433  -27.290  64.812 0.0000000000
65148  -5.907  -26.444  64.030 0.0000000000
67285  -6.108  -25.091  62.507 0.0000000000
66257  -5.302  -25.174  61.380 0.0000000000
66265  -4.991  -25.233  60.972 0.0000000000
66278  -4.094  -25.064  59.658 0.0000000000
65181  -4.785  -26.081  59.423 0.0000000000
63976  -5.544  -27.878  58.894 0.0000000000
61477  -5.360  -29.527  58.019 0.0000000000
60001  -4.560  -30.523  59.789 0.0000000000
60012  -4.512  -30.587  58.853 0.0000000000
61479  -5.166  -29.769  56.805 0.0000000000
60031  -3.494  -30.837  56.532 0.0000000000
60049  -3.231  -30.958  54.504 0.0000000000
58629  -1.890  -31.582  53.641 0.0000000000
55890  0.998  -33.328  62.477 0.0000000000
55895  1.704  -33.625  61.740 0.0000000000
57213  1.218  -32.904  62.141 0.0000000000
58573  1.820  -32.886  60.957 0.0000000000
139661  1.615  -32.388  59.573 0.0000000000
60006  1.081  -31.797  58.361 0.0000000000
57267  2.404  -32.868  56.643 0.0000000000
60026  1.049  -32.085  56.256 0.0000000000
60045  0.297  -31.917  54.955 0.0000000000
58627  -0.459  -32.090  53.906 0.0000000000
57324  -1.385  -32.376  52.715 0.0000000000
57335  -0.411  -33.176  51.541 0.0000000000
56086  0.383  -34.103  50.207 0.0000000000
65240  -31.789  -26.166  53.589 0.0000000000
66343  -31.771  -25.182  54.203 0.0000000000
65235  -31.423  -25.839  54.185 0.0000000000
64057  -31.490  -26.773  53.060 0.0000000000
64058  -32.013  -26.509  52.824 0.0000000000
64056  -30.749  -27.144  53.295 0.0000000000
62808  -30.660  -27.471  52.436 0.0000000000
65234  -30.927  -26.414  54.129 0.0000000000
64039  -30.306  -27.014  54.056 0.0000000000
66342  -31.085  -25.519  54.540 0.0000000000
83676  -43.910  -10.232  39.436 0.0000000000
84638  -44.662  -9.671  39.438 0.0000000000
82696  -44.397  -10.882  39.959 0.0000000000
82694  -42.671  -11.462  39.685 0.0000000000
83674  -42.262  -11.003  39.323 0.0000000000
83675  -42.889  -10.727  39.366 0.0000000000
83682  -42.987  -9.971  38.922 0.0000000000
79267  -29.847  -14.623  47.514 0.0000000000
79246  -30.582  -14.398  48.447 0.0000000000
79266  -28.750  -14.518  47.663 0.0000000000
79280  -27.885  -14.557  46.826 0.0000000000
58654  -3.398  -31.472  51.693 0.0000000000
57337  -2.826  -31.858  51.219 0.0000000000
52058  -4.226  -34.319  60.675 0.0000000000
74384  -28.784  -19.262  51.362 0.0000000000
78026  -38.626  -15.611  44.362 0.0000000000
78044  -36.518  -14.779  42.688 0.0000000000
58583  -14.250  -31.298  61.128 0.0000000000
57225  -13.589  -32.038  61.069 0.0000000000
57226  -13.981  -31.483  60.615 0.0000000000
62782  -17.289  -28.378  54.923 0.0000000000
61488  -17.033  -28.775  55.331 0.0000000000
61493  -16.851  -28.662  54.661 0.0000000000
69593  -4.865  -22.423  51.286 0.0000000000
69610  -5.452  -22.296  50.617 0.0000000000
69556  0.326  -22.760  55.330 0.0000000000
69555  0.620  -22.131  55.444 0.0000000000
69564  0.196  -22.845  54.567 0.0000000000
62905  2.603  -27.499  47.271 0.0000000000
62739  -8.563  -27.810  61.106 0.0000000000
58556  -0.631  -31.749  63.660 0.0000000000
59930  -1.090  -31.445  63.762 0.0000000000
59935  -0.486  -31.475  63.185 0.0000000000
59943  -0.248  -31.444  62.808 0.0000000000
59934  0.221  -31.726  62.926 0.0000000000
69603  -32.705  -22.734  52.138 0.0000000000
68487  -32.489  -23.322  51.618 0.0000000000
70823  -32.144  -21.984  52.074 0.0000000000
70822  -31.758  -21.418  51.992 0.0000000000
86610  -44.493  -7.946  37.345 0.0000000000
86625  -44.437  -7.674  36.697 0.0000000000
77945  -34.281  -15.301  46.290 0.0000000000
77944  -33.543  -15.168  46.386 0.0000000000
77972  -32.422  -14.712  45.704 0.0000000000
79318  -32.105  -14.472  44.619 0.0000000000
77999  -33.069  -14.750  45.025 0.0000000000
75501  -5.715  -17.211  55.713 0.0000000000
74344  -5.189  -18.424  55.280 0.0000000000
64042  -2.416  -26.742  53.636 0.0000000000
64060  -1.670  -27.234  52.857 0.0000000000
64061  -2.487  -27.638  52.927 0.0000000000
60111  -2.730  -30.550  47.900 0.0000000000
61573  -2.446  -30.063  47.921 0.0000000000
60110  -1.606  -30.847  47.232 0.0000000000
60128  -1.369  -31.202  46.881 0.0000000000
58727  -1.560  -31.725  46.826 0.0000000000
55893  -8.182  -32.612  64.118 0.0000000000
57207  -7.893  -32.072  64.736 0.0000000000
54521  -7.541  -32.700  64.354 0.0000000000
54530  -3.914  -33.267  64.195 0.0000000000
77879  -26.247  -15.266  50.127 0.0000000000
79201  -26.345  -14.675  50.860 0.0000000000
65281  -29.900  -26.835  47.255 0.0000000000
76678  -25.651  -16.611  49.280 0.0000000000
77889  -26.391  -15.369  49.347 0.0000000000
62801  -24.430  -27.820  54.320 0.0000000000
64048  -23.810  -27.909  53.782 0.0000000000
62852  -19.214  -26.511  51.262 0.0000000000
64094  -18.552  -26.522  51.472 0.0000000000
64080  -18.748  -26.656  51.924 0.0000000000
62850  -17.031  -26.989  51.202 0.0000000000
67330  -0.261  -24.389  58.915 0.0000000000
67314  0.209  -24.258  59.467 0.0000000000
67344  -0.218  -24.406  58.046 0.0000000000
63999  -5.328  -27.612  56.708 0.0000000000
64013  -5.320  -27.638  56.219 0.0000000000
61483  -5.464  -29.034  56.315 0.0000000000
79380  -42.629  -14.727  41.565 0.0000000000
78092  -42.090  -14.974  41.477 0.0000000000
78090  -40.583  -15.220  40.584 0.0000000000
78113  -40.789  -14.730  40.239 0.0000000000
53216  -9.143  -33.457  60.703 0.0000000000
53245  -8.791  -33.539  59.761 0.0000000000
56031  -13.197  -31.300  52.433 0.0000000000
54616  -11.358  -32.702  55.440 0.0000000000
54602  -11.346  -32.512  56.335 0.0000000000
54601  -10.721  -33.025  56.810 0.0000000000
54587  -10.764  -33.216  57.603 0.0000000000
53335  -10.014  -33.279  56.389 0.0000000000
72004  -1.310  -20.839  53.492 0.0000000000
72022  -0.938  -21.274  52.836 0.0000000000
70793  -1.455  -21.286  52.938 0.0000000000
72038  -1.082  -21.368  52.408 0.0000000000
67464  0.558  -24.548  48.048 0.0000000000
68524  0.226  -23.829  47.699 0.0000000000
69639  0.058  -23.204  48.152 0.0000000000
68525  -0.301  -23.710  47.441 0.0000000000
68535  -0.054  -24.157  47.198 0.0000000000
68363  -6.526  -24.329  61.002 0.0000000000
67294  -5.997  -24.505  61.540 0.0000000000
62705  -6.278  -29.139  66.251 0.0000000000
62710  -6.503  -28.400  65.858 0.0000000000
62709  -5.754  -28.563  65.832 0.0000000000
61429  -4.635  -29.589  62.713 0.0000000000
61420  -5.376  -28.501  63.439 0.0000000000
61430  -5.427  -28.842  62.875 0.0000000000
62729  -5.787  -28.258  62.046 0.0000000000
61442  -5.382  -29.126  61.937 0.0000000000
61441  -4.848  -29.692  61.819 0.0000000000
60008  -0.803  -31.452  58.675 0.0000000000
60009  -1.774  -31.439  58.580 0.0000000000
60019  -0.547  -31.514  57.601 0.0000000000
52085  3.773  -36.286  59.209 0.0000000000
53252  3.519  -35.417  59.555 0.0000000000
54558  3.386  -34.697  59.083 0.0000000000
68460  -33.290  -23.411  53.412 0.0000000000
61513  -30.839  -27.893  50.508 0.0000000000
61527  -31.476  -27.573  50.200 0.0000000000
62844  -31.952  -26.993  50.827 0.0000000000
66352  -32.956  -25.396  52.801 0.0000000000
68473  -33.244  -23.461  52.649 0.0000000000
62822  -28.746  -27.569  52.063 0.0000000000
62840  -28.973  -27.595  51.122 0.0000000000
62841  -29.338  -27.613  51.199 0.0000000000
61512  -30.207  -27.936  50.603 0.0000000000
60070  -30.650  -28.510  49.761 0.0000000000
62806  -29.442  -27.516  52.672 0.0000000000
85630  -44.662  -8.580  38.442 0.0000000000
86590  -45.186  -7.942  38.523 0.0000000000
85631  -45.342  -8.489  39.063 0.0000000000
81624  -39.406  -12.526  38.223 0.0000000000
82706  -38.616  -12.000  37.291 0.0000000000
83689  -40.786  -10.341  38.117 0.0000000000
84659  -40.503  -9.729  37.357 0.0000000000
84670  -39.976  -9.568  36.638 0.0000000000
84661  -42.047  -9.436  37.798 0.0000000000
84663  -43.546  -8.976  38.163 0.0000000000
84662  -42.916  -9.066  37.823 0.0000000000
85629  -44.015  -8.742  38.121 0.0000000000
85644  -44.267  -8.377  37.701 0.0000000000
77920  -32.453  -14.831  46.912 0.0000000000
79269  -32.126  -14.573  47.490 0.0000000000
79227  -32.476  -13.976  49.587 0.0000000000
79296  -28.289  -14.805  45.911 0.0000000000
79335  -29.249  -14.554  43.646 0.0000000000
79283  -31.201  -14.788  46.243 0.0000000000
62813  -4.629  -28.760  52.360 0.0000000000
62832  -4.408  -29.244  51.657 0.0000000000
58675  -3.829  -31.350  50.093 0.0000000000
58676  -4.109  -30.742  50.219 0.0000000000
58689  -3.516  -31.455  49.065 0.0000000000
60096  -3.288  -30.834  48.551 0.0000000000
57384  -3.148  -32.211  48.653 0.0000000000
57365  -1.594  -33.046  49.430 0.0000000000
56089  -1.691  -33.311  49.008 0.0000000000
56088  -1.047  -33.483  49.433 0.0000000000
56104  -0.641  -34.123  49.105 0.0000000000
56087  -0.104  -33.837  49.632 0.0000000000
53212  -6.071  -33.588  62.039 0.0000000000
53211  -5.253  -33.756  62.107 0.0000000000
76655  -25.758  -16.695  52.573 0.0000000000
68512  -29.692  -22.875  49.762 0.0000000000
69637  -29.629  -22.128  49.720 0.0000000000
73260  -28.931  -20.505  49.309 0.0000000000
72076  -29.002  -20.970  48.876 0.0000000000
70871  -28.063  -21.370  47.396 0.0000000000
73268  -28.332  -20.500  48.317 0.0000000000
73259  -28.091  -19.837  48.724 0.0000000000
74381  -26.084  -17.912  51.793 0.0000000000
63996  -23.248  -26.773  57.536 0.0000000000
64006  -23.648  -27.202  56.785 0.0000000000
62854  -22.010  -26.540  50.871 0.0000000000
84692  -44.893  -8.904  33.060 0.0000000000
83717  -44.211  -10.034  31.879 0.0000000000
84701  -45.018  -9.445  32.496 0.0000000000
84702  -46.148  -9.317  32.188 0.0000000000
84710  -45.551  -9.846  31.790 0.0000000000
84711  -46.279  -9.761  31.466 0.0000000000
83728  -46.293  -9.986  30.732 0.0000000000
66288  -1.959  -25.111  58.668 0.0000000000
65191  -3.866  -25.920  57.921 0.0000000000
65202  -4.855  -26.916  58.204 0.0000000000
78085  -35.077  -15.026  40.325 0.0000000000
76801  -39.034  -15.652  41.521 0.0000000000
76802  -39.673  -15.614  41.008 0.0000000000
57220  -12.751  -32.107  62.246 0.0000000000
55915  -12.205  -32.682  61.573 0.0000000000
55919  -10.880  -33.313  60.582 0.0000000000
53364  -9.999  -32.781  54.101 0.0000000000
53363  -9.387  -33.235  53.613 0.0000000000
71958  -0.450  -20.221  57.179 0.0000000000
71971  -0.351  -20.203  56.183 0.0000000000
70777  0.617  -21.787  54.354 0.0000000000
71978  0.056  -20.866  54.787 0.0000000000
70791  0.222  -21.865  53.106 0.0000000000
62863  0.956  -27.602  48.584 0.0000000000
64104  1.146  -26.827  49.003 0.0000000000
65262  3.369  -26.389  48.305 0.0000000000
66362  2.957  -25.844  49.145 0.0000000000
67462  2.805  -25.356  47.949 0.0000000000
66371  1.428  -25.276  47.981 0.0000000000
65274  2.031  -26.640  46.307 0.0000000000
66268  -7.896  -25.851  60.696 0.0000000000
66279  -7.577  -25.198  60.330 0.0000000000
66267  -7.592  -25.257  61.085 0.0000000000
67308  -7.181  -24.562  60.788 0.0000000000
66259  -7.533  -25.533  61.759 0.0000000000
61388  -2.929  -30.773  66.122 0.0000000000
61394  -3.257  -30.480  65.742 0.0000000000
61393  -2.719  -30.747  65.517 0.0000000000
61408  -2.092  -30.818  63.907 0.0000000000
61409  -2.844  -30.537  64.108 0.0000000000
61417  -2.299  -30.674  63.532 0.0000000000
59937  -3.502  -30.394  63.766 0.0000000000
59945  -3.058  -30.540  63.244 0.0000000000
59955  -2.986  -30.619  62.341 0.0000000000
61427  -2.200  -30.634  62.936 0.0000000000
61423  -0.241  -31.481  61.956 0.0000000000
61440  -0.914  -31.290  61.984 0.0000000000
61451  -0.468  -31.574  60.958 0.0000000000
61463  -0.516  -31.583  60.451 0.0000000000
61450  -0.041  -31.763  60.690 0.0000000000
64141  -30.787  -27.593  47.101 0.0000000000
65265  -30.961  -26.425  47.913 0.0000000000
64108  -32.016  -26.636  49.943 0.0000000000
64111  -31.705  -27.005  49.087 0.0000000000
65254  -32.216  -26.023  49.917 0.0000000000
67444  -31.524  -24.067  50.780 0.0000000000
67454  -31.800  -24.915  50.224 0.0000000000
67453  -31.206  -24.620  50.136 0.0000000000
67443  -30.946  -23.676  50.522 0.0000000000
67452  -30.478  -24.243  50.058 0.0000000000
68500  -30.860  -22.991  50.593 0.0000000000
72048  -30.933  -20.791  51.383 0.0000000000
60074  -28.704  -28.867  48.926 0.0000000000
62780  -26.303  -27.451  55.163 0.0000000000
62789  -25.072  -27.683  54.751 0.0000000000
64052  -28.053  -27.426  54.472 0.0000000000
64072  -26.171  -27.447  52.161 0.0000000000
64051  -25.964  -27.487  53.203 0.0000000000
64050  -25.151  -27.490  53.510 0.0000000000
64084  -24.652  -27.471  51.776 0.0000000000
62856  -24.187  -27.110  49.978 0.0000000000
88827  -45.460  -5.329  35.265 0.0000000000
85656  -41.675  -8.562  35.649 0.0000000000
85663  -41.503  -8.551  34.686 0.0000000000
85657  -42.612  -8.557  35.573 0.0000000000
85665  -43.204  -8.532  34.738 0.0000000000
85673  -43.768  -8.431  33.772 0.0000000000
87662  -44.773  -6.552  35.564 0.0000000000
87663  -45.041  -6.092  35.056 0.0000000000
87676  -45.614  -6.374  34.398 0.0000000000
78003  -36.725  -15.305  44.951 0.0000000000
77976  -35.870  -15.245  45.827 0.0000000000
77923  -35.516  -15.340  47.491 0.0000000000
77947  -36.179  -15.516  46.816 0.0000000000
77902  -33.588  -14.613  47.984 0.0000000000
77903  -34.147  -14.826  47.942 0.0000000000
79336  -30.381  -14.537  43.667 0.0000000000
79338  -31.984  -14.418  43.789 0.0000000000
79377  -32.372  -14.474  41.974 0.0000000000
79321  -34.492  -14.706  44.462 0.0000000000
79360  -34.157  -14.557  43.158 0.0000000000
79342  -34.871  -14.614  44.191 0.0000000000
78023  -35.613  -14.666  43.582 0.0000000000
60064  -15.149  -28.823  52.358 0.0000000000
57353  -14.245  -30.217  51.135 0.0000000000
74356  -6.612  -18.955  54.133 0.0000000000
71994  -6.355  -19.920  53.894 0.0000000000
70797  -5.403  -21.649  52.567 0.0000000000
70783  -4.862  -21.279  53.234 0.0000000000
67388  -0.886  -24.706  54.101 0.0000000000
64059  -1.075  -26.889  52.560 0.0000000000
64077  -0.756  -26.678  51.621 0.0000000000
62849  -3.380  -29.110  50.296 0.0000000000
62830  -2.795  -28.236  51.148 0.0000000000
62848  -2.845  -28.743  50.294 0.0000000000
61533  -1.399  -28.857  49.046 0.0000000000
61515  -1.055  -28.451  49.396 0.0000000000
62865  -0.384  -28.158  48.888 0.0000000000
64106  -0.036  -27.693  48.898 0.0000000000
61551  0.344  -28.829  47.934 0.0000000000
56137  -1.838  -33.745  46.818 0.0000000000
54805  -1.152  -34.742  46.518 0.0000000000
61421  -8.284  -29.436  63.339 0.0000000000
58557  -7.307  -30.961  65.145 0.0000000000
59939  -7.321  -30.423  65.104 0.0000000000
59933  -7.126  -30.586  65.748 0.0000000000
61399  -6.979  -29.972  66.103 0.0000000000
58546  -6.789  -31.068  66.311 0.0000000000
54519  -6.340  -32.706  64.630 0.0000000000
54532  -5.645  -33.150  64.200 0.0000000000
54508  -4.547  -32.619  65.423 0.0000000000
54509  -5.087  -32.513  65.464 0.0000000000
55875  -4.957  -32.464  65.820 0.0000000000
58550  -5.217  -31.920  66.367 0.0000000000
57190  -4.022  -32.071  66.199 0.0000000000
54514  -1.569  -33.241  64.892 0.0000000000
55872  -1.953  -33.020  65.776 0.0000000000
55871  -1.434  -32.701  65.247 0.0000000000
57193  -1.174  -32.268  64.890 0.0000000000
79243  -27.634  -14.559  48.813 0.0000000000
79223  -28.259  -14.280  49.475 0.0000000000
67467  -28.054  -25.083  47.763 0.0000000000
66402  -28.480  -26.009  46.494 0.0000000000
66382  -27.802  -25.475  47.075 0.0000000000
75569  -25.475  -17.355  47.601 0.0000000000
74430  -25.859  -18.262  46.325 0.0000000000
79242  -26.894  -14.873  49.046 0.0000000000
77918  -26.472  -15.266  47.455 0.0000000000
79265  -27.793  -14.522  47.895 0.0000000000
64014  -20.082  -27.270  56.057 0.0000000000
62786  -23.464  -27.638  55.407 0.0000000000
62776  -23.745  -27.501  55.679 0.0000000000
62775  -23.482  -27.530  55.690 0.0000000000
64017  -23.143  -27.448  55.853 0.0000000000
64081  -22.265  -27.381  52.577 0.0000000000
62818  -20.315  -26.869  53.053 0.0000000000
62798  -21.046  -27.171  53.647 0.0000000000
64045  -21.292  -27.252  54.324 0.0000000000
64065  -18.443  -26.830  53.026 0.0000000000
64064  -18.022  -26.866  53.396 0.0000000000
61507  -16.350  -27.694  52.818 0.0000000000
62833  -17.169  -27.024  52.324 0.0000000000
61538  -16.115  -27.378  50.206 0.0000000000
61520  -15.480  -27.943  50.936 0.0000000000
84719  -46.808  -9.520  29.893 0.0000000000
83747  -46.167  -9.742  28.867 0.0000000000
84723  -46.832  -9.434  29.352 0.0000000000
84738  -47.586  -8.569  27.443 0.0000000000
85709  -48.174  -8.377  27.453 0.0000000000
69524  1.237  -22.688  59.366 0.0000000000
67343  0.518  -24.016  57.565 0.0000000000
67342  1.058  -23.761  57.826 0.0000000000
67357  0.169  -24.038  56.503 0.0000000000
68422  0.419  -23.477  56.786 0.0000000000
67373  -0.180  -24.224  55.597 0.0000000000
66319  -0.447  -24.503  55.575 0.0000000000
65221  -2.148  -25.682  54.744 0.0000000000
65231  -2.702  -26.104  54.241 0.0000000000
66311  -3.205  -25.853  56.528 0.0000000000
66310  -2.388  -25.595  56.443 0.0000000000
64011  -3.945  -26.896  55.177 0.0000000000
65223  -3.603  -26.539  55.380 0.0000000000
64027  -3.467  -26.835  54.501 0.0000000000
64044  -4.249  -27.985  53.067 0.0000000000
60056  -3.874  -30.638  53.505 0.0000000000
81613  -43.452  -12.538  40.559 0.0000000000
79206  -30.535  -14.059  50.202 0.0000000000
78127  -37.229  -15.510  38.668 0.0000000000
76850  -36.773  -15.676  37.945 0.0000000000
78129  -38.958  -14.646  38.741 0.0000000000
79422  -38.540  -14.157  38.231 0.0000000000
79432  -38.093  -14.070  37.769 0.0000000000
80563  -38.616  -13.713  38.112 0.0000000000
80564  -39.058  -13.479  38.380 0.0000000000
80559  -39.491  -13.775  38.845 0.0000000000
80550  -41.577  -13.578  40.202 0.0000000000
81620  -42.451  -12.182  40.061 0.0000000000
58564  -8.801  -31.813  63.805 0.0000000000
57212  -9.138  -32.112  63.555 0.0000000000
55901  -11.450  -32.400  63.025 0.0000000000
57216  -11.095  -32.108  63.212 0.0000000000
54544  -8.761  -33.389  61.726 0.0000000000
55905  -8.687  -33.271  63.191 0.0000000000
54541  -7.982  -33.425  61.928 0.0000000000
53200  -7.448  -33.449  62.079 0.0000000000
53214  -7.564  -33.401  61.371 0.0000000000
52061  -7.231  -33.557  59.893 0.0000000000
53243  -7.077  -33.436  60.520 0.0000000000
52060  -6.262  -33.551  60.239 0.0000000000
58631  -15.106  -29.715  53.784 0.0000000000
57311  -14.828  -30.088  54.552 0.0000000000
55998  -14.337  -30.551  55.450 0.0000000000
55982  -14.287  -30.642  56.181 0.0000000000
54634  -12.196  -31.909  53.521 0.0000000000
54633  -11.990  -32.377  54.155 0.0000000000
55966  -12.685  -31.705  56.311 0.0000000000
55980  -13.201  -31.369  55.720 0.0000000000
57269  -14.329  -30.917  56.763 0.0000000000
55968  -14.219  -31.157  57.121 0.0000000000
55937  -12.896  -31.712  58.264 0.0000000000
55938  -13.703  -31.449  58.503 0.0000000000
55927  -13.817  -31.408  59.398 0.0000000000
55926  -12.820  -32.026  59.252 0.0000000000
54554  -12.491  -32.306  59.808 0.0000000000
53277  -10.074  -33.465  58.296 0.0000000000
53262  -9.945  -33.513  58.725 0.0000000000
53247  -10.038  -33.447  59.209 0.0000000000
53333  -8.701  -33.050  55.487 0.0000000000
53311  -8.217  -33.305  56.208 0.0000000000
53290  -7.738  -33.624  56.942 0.0000000000
53291  -8.457  -33.264  57.176 0.0000000000
52103  -8.269  -33.293  57.676 0.0000000000
52094  -8.697  -33.345  58.104 0.0000000000
52093  -8.202  -33.310  58.260 0.0000000000
52079  -8.112  -33.484  58.876 0.0000000000
75490  -3.854  -17.669  57.280 0.0000000000
75491  -4.414  -17.390  56.901 0.0000000000
75499  -4.576  -17.575  56.338 0.0000000000
74321  -4.226  -17.831  56.453 0.0000000000
73183  -0.901  -19.596  55.683 0.0000000000
74318  -2.099  -19.064  56.233 0.0000000000
73184  -1.873  -19.278  55.677 0.0000000000
73200  -3.226  -19.521  54.995 0.0000000000
73186  -3.636  -18.854  55.419 0.0000000000
71991  -3.805  -20.152  54.530 0.0000000000
70794  -2.143  -21.497  52.585 0.0000000000
70812  -3.393  -22.297  51.592 0.0000000000
67419  -0.185  -24.146  52.707 0.0000000000
68474  0.175  -23.414  52.159 0.0000000000
66358  0.924  -25.712  49.416 0.0000000000
66359  0.587  -25.136  49.968 0.0000000000
68506  0.366  -23.401  49.801 0.0000000000
70825  -0.634  -21.761  51.110 0.0000000000
69640  -0.555  -22.927  48.418 0.0000000000
69625  -1.788  -22.412  49.254 0.0000000000
69642  -2.537  -22.532  48.451 0.0000000000
62719  -7.972  -28.381  63.310 0.0000000000
63944  -8.054  -27.821  62.930 0.0000000000
63943  -7.715  -27.342  63.355 0.0000000000
65146  -6.755  -26.390  64.589 0.0000000000
65147  -7.335  -26.615  64.187 0.0000000000
66242  -6.971  -26.194  64.161 0.0000000000
66245  -7.068  -26.017  63.570 0.0000000000
66244  -6.498  -26.116  63.905 0.0000000000
63939  -5.164  -27.878  65.087 0.0000000000
62712  -4.977  -28.227  64.757 0.0000000000
63942  -5.545  -27.120  63.948 0.0000000000
65155  -5.605  -26.314  63.139 0.0000000000
66250  -5.946  -25.749  63.274 0.0000000000
66258  -5.645  -25.447  61.956 0.0000000000
66266  -5.446  -25.858  61.389 0.0000000000
65172  -5.120  -25.855  60.486 0.0000000000
61465  -5.524  -29.411  59.969 0.0000000000
62754  -5.689  -28.654  59.403 0.0000000000
62762  -5.605  -28.532  58.399 0.0000000000
59971  -2.937  -30.759  61.460 0.0000000000
59985  -3.767  -30.646  60.637 0.0000000000
59984  -2.920  -31.008  60.545 0.0000000000
60010  -2.759  -31.214  58.577 0.0000000000
60011  -3.716  -30.866  58.661 0.0000000000
60023  -4.767  -30.420  57.773 0.0000000000
60032  -4.536  -30.447  56.657 0.0000000000
60038  -1.384  -31.338  55.574 0.0000000000
60039  -2.394  -31.135  55.427 0.0000000000
60048  -2.145  -31.155  54.558 0.0000000000
54523  1.120  -34.120  62.390 0.0000000000
55911  2.702  -34.017  60.561 0.0000000000
54542  2.523  -34.549  60.920 0.0000000000
55903  2.263  -33.880  61.177 0.0000000000
57219  1.837  -33.276  61.410 0.0000000000
58565  1.418  -32.804  61.702 0.0000000000
58590  2.803  -33.156  59.055 0.0000000000
60004  2.457  -32.810  59.133 0.0000000000
60005  1.766  -32.342  58.679 0.0000000000
60016  2.162  -32.594  58.091 0.0000000000
58601  1.534  -32.339  56.817 0.0000000000
58612  1.342  -32.366  55.747 0.0000000000
60036  0.311  -31.703  55.554 0.0000000000
60035  0.774  -32.100  55.390 0.0000000000
58626  0.229  -32.407  53.739 0.0000000000
57308  -0.028  -32.403  53.526 0.0000000000
57310  -0.919  -32.284  53.353 0.0000000000
57323  -0.509  -32.592  52.645 0.0000000000
67417  -32.798  -24.894  53.264 0.0000000000
67400  -32.622  -24.443  53.949 0.0000000000
67386  -31.986  -24.411  54.950 0.0000000000
62825  -31.744  -27.086  51.895 0.0000000000
62826  -31.947  -26.966  51.443 0.0000000000
64075  -32.305  -26.655  52.162 0.0000000000
65241  -32.526  -26.125  52.871 0.0000000000
61494  -29.682  -27.638  51.864 0.0000000000
61496  -30.276  -27.607  52.240 0.0000000000
62824  -31.230  -27.339  52.073 0.0000000000
64038  -29.723  -27.176  54.504 0.0000000000
66341  -30.454  -26.027  54.779 0.0000000000
84649  -44.943  -9.088  39.149 0.0000000000
82692  -41.016  -12.077  39.408 0.0000000000
82700  -40.500  -11.511  38.690 0.0000000000
82701  -41.245  -11.023  38.906 0.0000000000
83690  -41.465  -9.873  38.090 0.0000000000
84646  -42.590  -9.618  38.377 0.0000000000
77941  -27.580  -14.794  46.137 0.0000000000
79297  -29.399  -14.770  45.660 0.0000000000
60060  -4.201  -30.499  52.406 0.0000000000
60063  -4.398  -30.426  51.442 0.0000000000
58655  -4.110  -31.069  51.602 0.0000000000
58661  -3.800  -31.408  50.961 0.0000000000
57349  -3.333  -31.773  50.540 0.0000000000
57348  -2.475  -32.224  50.373 0.0000000000
57347  -1.291  -32.838  50.218 0.0000000000
53241  -5.624  -33.663  61.220 0.0000000000
52049  -4.924  -33.922  61.367 0.0000000000
72058  -30.153  -20.838  50.291 0.0000000000
72068  -29.788  -20.960  49.757 0.0000000000
73261  -29.478  -20.556  49.841 0.0000000000
73251  -29.141  -20.162  50.064 0.0000000000
74393  -27.754  -19.138  50.476 0.0000000000
74382  -26.560  -18.059  52.114 0.0000000000
65209  -24.465  -26.399  57.014 0.0000000000
85675  -46.207  -8.061  33.276 0.0000000000
85676  -46.884  -7.967  33.264 0.0000000000
87689  -47.761  -6.766  33.417 0.0000000000
76794  -39.142  -15.668  42.504 0.0000000000
76786  -39.192  -15.678  42.979 0.0000000000
78027  -39.373  -15.860  44.405 0.0000000000
78064  -36.354  -14.797  41.536 0.0000000000
78087  -37.202  -15.315  40.684 0.0000000000
78066  -38.385  -15.408  42.135 0.0000000000
57221  -13.392  -31.960  61.715 0.0000000000
55916  -13.068  -32.538  61.164 0.0000000000
62773  -18.076  -28.076  56.446 0.0000000000
70814  -6.423  -21.630  51.847 0.0000000000
69595  -6.264  -21.870  51.337 0.0000000000
70755  0.558  -21.594  56.020 0.0000000000
71970  0.098  -20.861  55.674 0.0000000000
70762  0.571  -21.766  55.415 0.0000000000
70770  0.554  -21.781  54.882 0.0000000000
69570  0.673  -22.015  54.118 0.0000000000
61568  1.641  -28.075  47.437 0.0000000000
62884  1.963  -27.145  47.719 0.0000000000
64130  2.751  -27.078  46.635 0.0000000000
65174  -8.311  -26.513  60.246 0.0000000000
65166  -8.169  -26.467  61.274 0.0000000000
59914  -2.129  -31.440  65.357 0.0000000000
59924  -2.291  -31.100  65.134 0.0000000000
59932  -2.058  -31.103  64.488 0.0000000000
61407  -1.616  -30.975  63.577 0.0000000000
61415  -1.106  -30.932  63.076 0.0000000000
61426  -1.509  -30.797  62.768 0.0000000000
61414  -0.627  -31.204  62.795 0.0000000000
61424  -0.381  -31.384  62.422 0.0000000000
59951  0.236  -31.646  62.020 0.0000000000
67446  -32.768  -24.711  51.047 0.0000000000
66360  -32.347  -25.327  50.422 0.0000000000
67440  -32.572  -23.927  51.444 0.0000000000
68502  -31.954  -23.351  51.342 0.0000000000
69621  -31.504  -22.532  51.210 0.0000000000
69601  -31.812  -22.158  51.637 0.0000000000
60076  -29.554  -28.803  49.337 0.0000000000
62821  -27.877  -27.688  52.501 0.0000000000
64085  -25.474  -27.427  51.475 0.0000000000
88813  -44.953  -5.800  36.371 0.0000000000
85651  -43.483  -8.504  36.634 0.0000000000
86633  -44.443  -7.455  35.760 0.0000000000
78001  -34.308  -14.884  44.853 0.0000000000
77975  -34.773  -15.151  45.656 0.0000000000
79317  -31.594  -14.517  44.409 0.0000000000
79339  -32.609  -14.490  43.958 0.0000000000
79359  -33.245  -14.508  43.132 0.0000000000
78022  -33.848  -14.782  44.624 0.0000000000
58663  -14.417  -29.735  50.607 0.0000000000
74345  -6.092  -18.677  54.642 0.0000000000
71992  -4.891  -20.099  54.421 0.0000000000
65236  -1.331  -26.260  52.941 0.0000000000
64041  -1.521  -26.666  53.073 0.0000000000
60083  -3.088  -29.962  49.368 0.0000000000
61534  -2.522  -29.285  49.395 0.0000000000
61553  -1.649  -29.477  48.446 0.0000000000
61552  -0.614  -28.968  48.340 0.0000000000
60109  -0.460  -30.438  47.099 0.0000000000
60126  0.039  -30.982  46.519 0.0000000000
58726  -0.559  -31.793  45.964 0.0000000000
58563  -8.143  -31.335  64.287 0.0000000000
58558  -7.354  -31.633  65.040 0.0000000000
57200  -6.976  -31.861  65.238 0.0000000000
54531  -4.733  -33.115  64.219 0.0000000000
54507  -4.191  -32.947  65.034 0.0000000000
55866  -2.991  -32.479  66.160 0.0000000000
55883  -2.766  -33.177  65.186 0.0000000000
55891  -1.898  -33.381  64.797 0.0000000000
79203  -27.992  -14.013  50.188 0.0000000000
79202  -27.256  -14.147  50.554 0.0000000000
68530  -27.331  -23.062  47.256 0.0000000000
74408  -25.936  -18.169  49.293 0.0000000000
75561  -25.568  -17.405  48.746 0.0000000000
76691  -25.591  -16.572  48.281 0.0000000000
76709  -25.579  -16.472  47.419 0.0000000000
64029  -20.284  -27.114  55.365 0.0000000000
62778  -24.919  -27.517  55.435 0.0000000000
62787  -23.911  -27.688  55.210 0.0000000000
62799  -23.460  -27.877  54.874 0.0000000000
64066  -18.833  -26.819  52.554 0.0000000000
64079  -18.108  -26.632  52.334 0.0000000000
82759  -44.796  -10.824  30.262 0.0000000000
68400  0.768  -23.913  59.196 0.0000000000
68399  1.157  -23.404  58.883 0.0000000000
67358  -0.196  -24.387  56.981 0.0000000000
66320  -0.658  -24.742  56.004 0.0000000000
65213  -4.300  -26.716  56.528 0.0000000000
65212  -3.642  -26.340  56.194 0.0000000000
64012  -4.776  -27.295  55.652 0.0000000000
62781  -5.084  -28.517  54.861 0.0000000000
60041  -4.390  -30.443  55.567 0.0000000000
80551  -42.143  -13.785  40.576 0.0000000000
80552  -43.202  -13.790  41.136 0.0000000000
79399  -42.879  -14.403  41.389 0.0000000000
79381  -43.403  -14.483  41.846 0.0000000000
76815  -39.193  -15.522  40.212 0.0000000000
78128  -38.273  -15.054  38.581 0.0000000000
79412  -40.357  -14.286  39.659 0.0000000000
79397  -41.423  -14.269  40.393 0.0000000000
55913  -10.000  -33.561  61.368 0.0000000000
54545  -9.341  -33.489  61.307 0.0000000000
53215  -8.465  -33.402  61.126 0.0000000000
53244  -7.975  -33.496  60.168 0.0000000000
54632  -11.352  -32.817  54.554 0.0000000000
55995  -12.432  -32.156  54.764 0.0000000000
54617  -12.078  -32.516  55.042 0.0000000000
54603  -12.056  -32.249  55.877 0.0000000000
55953  -13.632  -31.474  57.648 0.0000000000
57254  -12.543  -31.787  57.860 0.0000000000
55951  -12.073  -32.032  57.881 0.0000000000
54575  -11.336  -32.762  58.207 0.0000000000
53294  -10.209  -33.404  57.846 0.0000000000
53293  -9.721  -33.384  57.763 0.0000000000
53289  -6.725  -33.714  57.014 0.0000000000
74306  -3.440  -17.912  57.314 0.0000000000
71988  -0.634  -20.385  54.360 0.0000000000
73198  -1.281  -19.698  54.938 0.0000000000
71989  -1.704  -20.168  54.290 0.0000000000
72005  -2.263  -20.672  53.725 0.0000000000
70780  -1.874  -21.144  53.221 0.0000000000
67434  -0.507  -24.720  52.378 0.0000000000
66356  -0.506  -25.083  51.835 0.0000000000
67457  0.613  -24.607  48.727 0.0000000000
69623  0.111  -22.839  49.040 0.0000000000
69655  -1.189  -23.211  47.926 0.0000000000
62711  -7.148  -28.735  65.448 0.0000000000
63941  -7.548  -27.459  64.239 0.0000000000
63937  -6.867  -27.571  65.456 0.0000000000
65142  -6.605  -26.864  65.201 0.0000000000
62716  -4.839  -28.567  64.294 0.0000000000
65164  -5.640  -26.387  62.207 0.0000000000
63954  -5.831  -27.295  62.154 0.0000000000
63960  -5.913  -27.504  61.099 0.0000000000
62746  -5.789  -28.833  60.266 0.0000000000
59987  -5.243  -29.834  60.383 0.0000000000
59998  -1.961  -31.413  59.541 0.0000000000
60021  -2.599  -31.231  57.533 0.0000000000
60029  -1.298  -31.417  56.603 0.0000000000
60037  -0.362  -31.424  55.533 0.0000000000
54546  2.980  -34.609  60.424 0.0000000000
55918  3.104  -34.039  60.048 0.0000000000
55910  2.889  -33.728  60.136 0.0000000000
55917  3.053  -33.647  59.646 0.0000000000
55923  3.138  -33.653  59.020 0.0000000000
55934  3.044  -33.692  58.461 0.0000000000
58618  1.159  -32.441  54.905 0.0000000000
60091  -31.073  -29.315  48.995 0.0000000000
61544  -31.554  -28.704  49.328 0.0000000000
61545  -31.610  -28.115  49.696 0.0000000000
62861  -31.798  -26.962  50.237 0.0000000000
64089  -32.551  -26.624  51.452 0.0000000000
65246  -32.937  -25.969  51.401 0.0000000000
66357  -33.198  -25.107  51.287 0.0000000000
67441  -33.053  -24.285  51.525 0.0000000000
61509  -28.870  -28.061  50.225 0.0000000000
60066  -29.198  -28.240  50.056 0.0000000000
61501  -29.978  -27.736  51.361 0.0000000000
61511  -29.787  -27.908  50.591 0.0000000000
60078  -30.265  -28.910  49.351 0.0000000000
64053  -28.471  -27.381  54.188 0.0000000000
64054  -29.169  -27.285  53.818 0.0000000000
87613  -44.981  -7.545  38.181 0.0000000000
82708  -40.063  -10.888  38.014 0.0000000000
83698  -39.148  -10.410  36.483 0.0000000000
83702  -38.975  -10.090  35.735 0.0000000000
84678  -40.611  -8.921  35.715 0.0000000000
84679  -41.224  -8.801  36.252 0.0000000000
85649  -42.214  -8.548  36.135 0.0000000000
84673  -42.488  -8.872  37.225 0.0000000000
85642  -43.044  -8.748  37.116 0.0000000000
77943  -32.785  -14.875  46.327 0.0000000000
79353  -27.788  -15.002  42.363 0.0000000000
79299  -31.583  -14.610  45.295 0.0000000000
77971  -32.020  -14.639  45.619 0.0000000000
75500  -5.118  -17.372  56.032 0.0000000000
62831  -3.790  -28.836  51.118 0.0000000000
61505  -3.845  -29.408  50.603 0.0000000000
60071  -4.293  -30.354  50.664 0.0000000000
60085  -4.038  -30.304  50.122 0.0000000000
61535  -3.311  -29.773  49.689 0.0000000000
60112  -3.172  -30.908  48.120 0.0000000000
58707  -2.349  -31.616  47.437 0.0000000000
58728  -2.063  -32.166  47.185 0.0000000000
57404  -2.409  -32.588  47.468 0.0000000000
56120  -2.177  -33.285  47.660 0.0000000000
56119  -1.781  -33.988  47.884 0.0000000000
56106  -2.038  -33.369  48.423 0.0000000000
54767  -1.330  -34.460  48.162 0.0000000000
54766  -0.562  -34.892  48.481 0.0000000000
54520  -7.047  -32.705  64.430 0.0000000000
53186  -6.586  -33.355  63.218 0.0000000000
53185  -5.798  -33.388  63.434 0.0000000000
53197  -5.122  -33.610  62.809 0.0000000000
53196  -4.213  -33.766  62.795 0.0000000000
79191  -26.118  -15.140  51.813 0.0000000000
77871  -25.843  -15.597  51.933 0.0000000000
66374  -29.637  -25.529  48.632 0.0000000000
67460  -28.950  -24.313  49.057 0.0000000000
67459  -28.080  -24.296  48.246 0.0000000000
68519  -28.177  -23.132  48.474 0.0000000000
70864  -29.154  -21.505  49.014 0.0000000000
69651  -28.442  -21.941  48.420 0.0000000000
68518  -27.683  -22.968  47.931 0.0000000000
69661  -27.923  -21.795  47.641 0.0000000000
69660  -27.547  -21.936  46.882 0.0000000000
70870  -27.740  -21.459  46.729 0.0000000000
73275  -28.038  -20.462  47.338 0.0000000000
73267  -27.792  -19.887  47.766 0.0000000000
74410  -27.289  -19.294  48.230 0.0000000000
74401  -26.703  -18.696  49.854 0.0000000000
64069  -23.811  -27.592  52.971 0.0000000000
64082  -23.069  -27.416  52.337 0.0000000000
62869  -18.273  -26.436  50.155 0.0000000000
83726  -44.361  -10.565  31.321 0.0000000000
82744  -44.477  -10.826  30.783 0.0000000000
83729  -46.827  -9.671  30.430 0.0000000000
85684  -47.474  -8.967  31.809 0.0000000000
66286  -0.663  -24.408  59.017 0.0000000000
66298  -1.301  -25.182  58.056 0.0000000000
62768  -5.561  -28.365  57.380 0.0000000000
78067  -40.955  -15.418  41.313 0.0000000000
78068  -41.699  -15.328  41.763 0.0000000000
78048  -41.197  -15.524  42.215 0.0000000000
76780  -40.961  -16.152  43.907 0.0000000000
78084  -34.114  -15.012  40.254 0.0000000000
78126  -36.474  -15.756  38.832 0.0000000000
76803  -40.327  -15.493  40.941 0.0000000000
59961  -12.298  -31.112  61.863 0.0000000000
58572  -11.922  -31.874  63.023 0.0000000000
55902  -11.869  -32.230  63.076 0.0000000000
55909  -11.998  -32.435  62.653 0.0000000000
54701  -11.826  -32.632  51.346 0.0000000000
54676  -11.542  -32.470  52.244 0.0000000000
54675  -10.958  -32.751  52.737 0.0000000000
53378  -10.413  -32.822  53.286 0.0000000000
54651  -10.702  -32.953  54.163 0.0000000000
53352  -9.986  -33.284  55.327 0.0000000000
53351  -9.333  -33.189  54.791 0.0000000000
73160  -1.417  -19.267  57.294 0.0000000000
74304  -2.076  -18.911  56.972 0.0000000000
72021  -0.343  -21.428  52.889 0.0000000000
64091  -0.087  -26.812  49.769 0.0000000000
65247  0.779  -26.376  49.470 0.0000000000
65252  2.120  -26.276  48.833 0.0000000000
66363  1.959  -25.710  48.994 0.0000000000
66364  1.427  -25.381  48.773 0.0000000000
66381  0.813  -25.285  47.668 0.0000000000
68392  -7.018  -24.111  59.505 0.0000000000
68377  -7.024  -24.355  60.215 0.0000000000
67307  -6.765  -24.381  60.956 0.0000000000
67295  -6.758  -24.501  61.422 0.0000000000
59927  -4.992  -30.245  66.517 0.0000000000
61405  -5.203  -29.216  65.737 0.0000000000
61395  -3.860  -30.222  65.925 0.0000000000
61402  -3.089  -30.399  64.987 0.0000000000
59938  -3.896  -30.218  63.732 0.0000000000
61418  -4.216  -29.890  63.484 0.0000000000
59956  -3.979  -30.327  62.537 0.0000000000
59973  -4.433  -30.095  61.717 0.0000000000
59970  -2.148  -31.085  61.392 0.0000000000
59953  -1.472  -31.065  62.121 0.0000000000
59969  -1.427  -31.266  61.296 0.0000000000
59982  -1.325  -31.369  60.424 0.0000000000
60007  0.261  -31.605  58.807 0.0000000000
65301  -30.161  -27.494  46.695 0.0000000000
66405  -30.477  -26.320  47.704 0.0000000000
62898  -31.867  -27.992  48.892 0.0000000000
64124  -31.578  -27.457  48.206 0.0000000000
66369  -31.862  -25.664  49.670 0.0000000000
66377  -31.354  -26.050  48.986 0.0000000000
65266  -31.276  -26.568  48.300 0.0000000000
66386  -30.903  -26.157  48.068 0.0000000000
66375  -30.486  -25.735  48.756 0.0000000000
66366  -29.944  -24.956  49.498 0.0000000000
68513  -30.287  -22.989  50.228 0.0000000000
69638  -30.198  -22.215  50.244 0.0000000000
70838  -30.636  -21.571  50.611 0.0000000000
72069  -30.305  -21.278  50.330 0.0000000000
73243  -30.112  -20.116  51.128 0.0000000000
62802  -24.864  -27.632  54.112 0.0000000000
62791  -26.857  -27.541  54.688 0.0000000000
85664  -42.323  -8.537  34.720 0.0000000000
85671  -41.965  -8.554  33.856 0.0000000000
84688  -41.479  -8.834  33.102 0.0000000000
84691  -44.339  -8.950  33.077 0.0000000000
85674  -44.983  -8.238  33.611 0.0000000000
78025  -37.678  -15.365  44.075 0.0000000000
77904  -35.000  -15.021  48.038 0.0000000000
79379  -33.863  -14.592  42.360 0.0000000000
78042  -34.566  -14.638  42.143 0.0000000000
60058  -16.202  -28.899  54.277 0.0000000000
58644  -15.358  -28.949  53.216 0.0000000000
58643  -15.042  -29.417  52.902 0.0000000000
57340  -14.304  -30.066  52.180 0.0000000000
56049  -13.877  -30.481  51.935 0.0000000000
56047  -12.989  -31.744  51.380 0.0000000000
54702  -12.449  -32.256  51.336 0.0000000000
70813  -5.893  -21.763  52.154 0.0000000000
69592  -4.003  -22.515  51.058 0.0000000000
67403  -0.730  -24.592  53.756 0.0000000000
66353  -0.810  -25.274  52.499 0.0000000000
64076  -0.632  -26.818  50.797 0.0000000000
62811  -2.620  -27.959  52.044 0.0000000000
62829  -1.787  -27.977  51.319 0.0000000000
61517  -2.230  -28.786  50.010 0.0000000000
62845  -0.785  -27.217  50.704 0.0000000000
64105  0.321  -27.354  48.979 0.0000000000
61531  1.062  -27.953  48.349 0.0000000000
61550  1.118  -28.359  48.110 0.0000000000
57428  -1.406  -32.731  45.970 0.0000000000
62715  -7.841  -28.949  63.674 0.0000000000
59940  -7.713  -30.383  64.461 0.0000000000
61412  -7.386  -29.573  64.803 0.0000000000
62707  -7.073  -29.439  65.891 0.0000000000
61391  -6.176  -30.292  66.688 0.0000000000
55887  -6.927  -32.297  64.824 0.0000000000
57199  -6.639  -31.850  65.721 0.0000000000
54518  -5.397  -32.601  64.991 0.0000000000
55885  -5.974  -32.290  65.495 0.0000000000
58552  -6.393  -31.647  66.290 0.0000000000
58544  -5.996  -31.291  66.769 0.0000000000
59919  -5.568  -30.617  66.822 0.0000000000
59918  -4.682  -30.681  66.638 0.0000000000
59916  -2.980  -30.981  66.523 0.0000000000
58541  -2.655  -31.650  66.286 0.0000000000
57196  -2.792  -32.586  66.043 0.0000000000
57188  -2.125  -32.338  66.130 0.0000000000
58540  -2.064  -31.722  65.843 0.0000000000
58538  -1.303  -31.870  64.845 0.0000000000
58548  -1.087  -31.784  64.367 0.0000000000
57203  -0.284  -32.537  63.512 0.0000000000
79224  -29.143  -14.164  49.385 0.0000000000
80448  -28.399  -13.733  50.824 0.0000000000
66403  -29.210  -26.234  46.930 0.0000000000
66416  -29.010  -26.524  46.011 0.0000000000
66401  -27.623  -25.773  46.182 0.0000000000
75585  -25.605  -17.328  44.917 0.0000000000
76753  -25.730  -16.477  45.366 0.0000000000
77968  -25.787  -16.206  45.795 0.0000000000
77917  -25.862  -15.845  47.829 0.0000000000
77940  -26.865  -15.029  46.421 0.0000000000
79279  -27.149  -14.761  47.337 0.0000000000
64002  -19.851  -27.236  56.932 0.0000000000
62794  -17.392  -28.009  54.427 0.0000000000
64047  -23.067  -27.850  54.106 0.0000000000
62796  -19.238  -27.076  54.162 0.0000000000
60073  -15.490  -28.112  51.464 0.0000000000
83754  -46.135  -9.656  28.334 0.0000000000
84736  -46.076  -9.411  27.582 0.0000000000
85715  -47.328  -8.214  26.694 0.0000000000
71947  -0.519  -20.120  57.839 0.0000000000
69547  0.702  -22.026  55.872 0.0000000000
69536  1.227  -22.902  58.579 0.0000000000
69537  0.875  -22.568  57.899 0.0000000000
66333  -0.997  -24.859  54.722 0.0000000000
65230  -1.976  -25.790  54.045 0.0000000000
65238  -2.211  -26.121  53.846 0.0000000000
65222  -2.892  -25.895  55.013 0.0000000000
61498  -4.981  -29.366  52.617 0.0000000000
58641  -2.980  -31.302  52.668 0.0000000000
82686  -44.182  -12.052  40.491 0.0000000000
79225  -30.114  -14.189  49.386 0.0000000000
78141  -36.272  -15.293  37.457 0.0000000000
79430  -36.611  -14.456  37.214 0.0000000000
79431  -37.421  -14.013  37.381 0.0000000000
80569  -37.528  -13.255  37.166 0.0000000000
80571  -38.581  -13.003  37.788 0.0000000000
81625  -39.935  -12.545  38.720 0.0000000000
80560  -39.903  -13.479  39.075 0.0000000000
81618  -40.593  -12.667  39.311 0.0000000000
58568  -8.726  -30.945  63.592 0.0000000000
58577  -11.560  -31.571  62.515 0.0000000000
58570  -10.812  -31.820  62.923 0.0000000000
55899  -9.256  -32.695  63.273 0.0000000000
55898  -8.434  -33.187  63.349 0.0000000000
53187  -7.214  -33.374  62.850 0.0000000000
53226  -6.196  -33.552  61.459 0.0000000000
53227  -6.905  -33.381  61.105 0.0000000000
52076  -5.368  -33.725  59.779 0.0000000000
58622  -15.790  -29.439  54.706 0.0000000000
58615  -15.809  -29.473  55.695 0.0000000000
57297  -15.311  -29.808  55.152 0.0000000000
57257  -15.323  -30.223  57.313 0.0000000000
56013  -12.657  -31.528  53.157 0.0000000000
57282  -14.381  -30.753  56.533 0.0000000000
57270  -14.736  -30.722  57.002 0.0000000000
57256  -15.010  -30.625  57.675 0.0000000000
55940  -14.803  -30.761  58.342 0.0000000000
55939  -14.442  -30.995  58.587 0.0000000000
57233  -14.434  -31.005  59.387 0.0000000000
57228  -13.663  -31.745  60.404 0.0000000000
54553  -11.881  -32.507  59.942 0.0000000000
54562  -11.716  -32.469  59.157 0.0000000000
54552  -10.616  -33.154  59.925 0.0000000000
53246  -9.593  -33.445  59.610 0.0000000000
53313  -9.477  -33.088  56.996 0.0000000000
53292  -9.067  -33.253  57.692 0.0000000000
53260  -9.092  -33.590  59.116 0.0000000000
52063  -8.604  -33.554  59.196 0.0000000000
52078  -7.362  -33.595  59.199 0.0000000000
53273  -6.539  -33.783  58.008 0.0000000000
52091  -6.632  -33.715  58.876 0.0000000000
52090  -5.911  -33.725  59.247 0.0000000000
74334  -4.974  -17.878  55.643 0.0000000000
74319  -2.702  -18.692  56.553 0.0000000000
74332  -3.214  -18.652  55.981 0.0000000000
73187  -4.182  -18.688  55.398 0.0000000000
74343  -4.499  -18.610  55.380 0.0000000000
72006  -3.282  -20.766  53.888 0.0000000000
70782  -3.829  -21.393  53.292 0.0000000000
70796  -4.444  -21.807  52.599 0.0000000000
69580  -4.180  -22.323  51.899 0.0000000000
68452  -0.050  -23.422  54.114 0.0000000000
69571  0.390  -22.486  53.771 0.0000000000
70808  0.038  -22.038  52.284 0.0000000000
70809  -0.423  -21.637  52.127 0.0000000000
70826  -1.611  -22.001  50.944 0.0000000000
70827  -2.420  -22.290  50.707 0.0000000000
69607  -3.000  -22.425  50.063 0.0000000000
69627  -3.734  -22.140  49.397 0.0000000000
68528  -2.566  -23.502  47.444 0.0000000000
63949  -8.056  -27.384  62.370 0.0000000000
65157  -8.128  -26.850  61.855 0.0000000000
65156  -7.764  -26.380  62.184 0.0000000000
65150  -7.471  -26.433  63.145 0.0000000000
67286  -6.649  -24.947  62.223 0.0000000000
62708  -5.141  -28.460  65.365 0.0000000000
63935  -5.451  -27.862  65.348 0.0000000000
65145  -6.086  -26.627  64.897 0.0000000000
62713  -5.343  -27.638  64.414 0.0000000000
67293  -5.261  -24.813  61.229 0.0000000000
67319  -3.990  -24.407  59.906 0.0000000000
65193  -5.190  -27.028  58.988 0.0000000000
61453  -4.854  -29.908  61.337 0.0000000000
59986  -4.696  -30.205  60.794 0.0000000000
60002  -5.197  -30.012  59.821 0.0000000000
60000  -3.736  -30.851  59.669 0.0000000000
60013  -5.135  -30.164  58.964 0.0000000000
60024  -5.043  -30.284  58.368 0.0000000000
61476  -5.218  -29.733  57.396 0.0000000000
61480  -5.437  -29.101  57.038 0.0000000000
60040  -3.374  -30.848  55.481 0.0000000000
60055  -2.905  -31.103  53.601 0.0000000000
58640  -2.326  -31.750  52.966 0.0000000000
57202  -0.137  -32.827  63.095 0.0000000000
57209  0.345  -32.641  62.735 0.0000000000
54535  2.021  -34.373  61.502 0.0000000000
54522  1.479  -33.910  62.070 0.0000000000
55889  1.289  -33.373  62.188 0.0000000000
57208  1.034  -32.941  62.351 0.0000000000
58559  0.529  -32.187  62.626 0.0000000000
58566  1.002  -32.171  62.095 0.0000000000
59941  0.647  -31.944  62.197 0.0000000000
59950  1.009  -32.241  61.492 0.0000000000
139662  2.255  -33.023  60.089 0.0000000000
59966  1.735  -32.632  59.892 0.0000000000
59967  1.066  -32.161  60.419 0.0000000000
139667  1.270  -32.031  59.478 0.0000000000
57252  2.751  -33.371  57.985 0.0000000000
57253  2.540  -32.986  57.368 0.0000000000
58600  2.088  -32.576  57.159 0.0000000000
60017  1.303  -32.141  57.404 0.0000000000
60027  0.361  -31.713  56.438 0.0000000000
60046  -0.233  -31.547  54.873 0.0000000000
58619  0.522  -32.266  54.517 0.0000000000
58620  -0.083  -31.998  54.447 0.0000000000
58621  -0.608  -31.655  54.356 0.0000000000
58628  -1.176  -31.697  53.887 0.0000000000
58639  -1.707  -32.095  53.302 0.0000000000
58652  -1.959  -32.104  52.534 0.0000000000
54744  0.448  -34.980  49.656 0.0000000000
52102  -7.802  -33.371  57.771 0.0000000000
53365  -10.475  -32.832  53.764 0.0000000000
54502  -4.031  -32.691  65.558 0.0000000000
54506  -1.486  -33.036  65.193 0.0000000000
54543  -8.583  -33.381  62.733 0.0000000000
54547  -8.335  -33.383  62.737 0.0000000000
54549  -10.531  -33.390  60.584 0.0000000000
54652  -11.103  -32.847  53.649 0.0000000000
54721  0.689  -34.409  50.446 0.0000000000
55864  -1.673  -32.662  65.672 0.0000000000
55865  -1.829  -32.647  65.868 0.0000000000
55867  -3.688  -32.564  65.878 0.0000000000
55868  -4.371  -32.462  65.892 0.0000000000
55873  -2.914  -32.796  65.744 0.0000000000
55874  -3.634  -32.783  65.539 0.0000000000
55876  -5.493  -32.390  65.667 0.0000000000
55877  -7.159  -32.074  64.928 0.0000000000
55879  -0.097  -33.087  62.969 0.0000000000
55884  -3.365  -33.036  65.231 0.0000000000
55888  -7.408  -32.273  64.733 0.0000000000
55892  -2.319  -33.403  64.755 0.0000000000
55896  -8.184  -33.363  63.048 0.0000000000
55897  -8.439  -33.325  63.150 0.0000000000
55904  -8.346  -33.573  63.048 0.0000000000
55912  -8.587  -33.362  62.981 0.0000000000
55924  3.239  -34.049  59.385 0.0000000000
55936  -12.197  -32.052  58.379 0.0000000000
55949  2.989  -33.764  57.806 0.0000000000
55955  -14.756  -30.894  58.032 0.0000000000
56138  -2.112  -33.090  47.220 0.0000000000
57186  -1.397  -31.973  65.147 0.0000000000
57189  -3.005  -32.311  66.194 0.0000000000
57191  -4.812  -32.154  66.221 0.0000000000
57192  -0.642  -32.390  64.237 0.0000000000
57194  -1.388  -32.393  65.227 0.0000000000
57195  -2.510  -32.629  66.052 0.0000000000
57198  -6.039  -32.103  66.021 0.0000000000
57201  -7.320  -31.913  64.993 0.0000000000
57204  -6.406  -32.093  65.549 0.0000000000
57205  -6.764  -32.028  65.261 0.0000000000
57206  -6.977  -32.030  65.080 0.0000000000
57210  -0.068  -32.257  63.152 0.0000000000
57214  0.732  -32.439  62.431 0.0000000000
57217  -11.686  -32.060  63.230 0.0000000000
57222  2.680  -33.674  60.351 0.0000000000
57227  2.697  -33.383  60.029 0.0000000000
57238  2.957  -33.479  58.801 0.0000000000
57239  2.820  -33.383  58.536 0.0000000000
57240  -12.382  -31.891  58.057 0.0000000000
57241  -12.609  -31.789  58.100 0.0000000000
57244  -15.445  -30.256  57.855 0.0000000000
57251  2.881  -33.541  58.369 0.0000000000
57255  -12.763  -31.696  57.897 0.0000000000
57309  -0.253  -32.393  53.396 0.0000000000
57322  -0.091  -32.481  53.199 0.0000000000
57405  -2.915  -32.191  47.896 0.0000000000
58539  -1.676  -31.728  65.186 0.0000000000
58545  -6.593  -31.203  66.473 0.0000000000
58547  -0.567  -32.095  63.885 0.0000000000
58549  -1.474  -31.677  64.772 0.0000000000
58551  -5.698  -31.786  66.421 0.0000000000
58554  -7.088  -31.656  65.266 0.0000000000
58555  -0.261  -32.128  63.398 0.0000000000
58560  0.126  -31.903  62.986 0.0000000000
58567  0.494  -31.990  62.672 0.0000000000
58574  1.285  -32.591  61.657 0.0000000000
58594  2.887  -33.083  59.078 0.0000000000
58599  2.514  -32.909  57.917 0.0000000000
58604  2.112  -32.626  56.644 0.0000000000
58605  1.737  -32.478  56.417 0.0000000000
58606  -1.798  -31.436  56.059 0.0000000000
58607  -2.113  -31.417  56.011 0.0000000000
58613  -1.991  -31.387  55.747 0.0000000000
58614  -2.259  -31.296  55.859 0.0000000000
58630  -2.418  -31.376  53.353 0.0000000000
58637  0.365  -32.632  52.965 0.0000000000
58638  0.057  -32.876  52.370 0.0000000000
58649  0.928  -32.935  52.975 0.0000000000
58664  -28.843  -29.016  48.787 0.0000000000
58666  -28.975  -29.177  48.910 0.0000000000
58744  -0.248  -32.288  45.454 0.0000000000
59917  -3.815  -30.816  66.420 0.0000000000
59920  -6.443  -30.750  66.739 0.0000000000
59921  -6.710  -30.944  66.516 0.0000000000
59923  -1.756  -31.427  64.675 0.0000000000
59926  -4.285  -30.384  66.301 0.0000000000
59929  -6.818  -30.673  66.335 0.0000000000
59931  -1.653  -31.153  63.892 0.0000000000
59944  -0.681  -31.168  63.016 0.0000000000
59949  1.430  -32.524  60.734 0.0000000000
59952  -0.004  -31.561  62.572 0.0000000000
59981  -0.351  -31.644  60.540 0.0000000000
60015  2.514  -32.854  58.396 0.0000000000
60044  0.661  -32.186  54.927 0.0000000000
60052  -16.435  -29.225  55.113 0.0000000000
60053  -1.551  -31.442  53.989 0.0000000000
60054  -1.978  -31.336  53.918 0.0000000000
60057  -16.565  -29.017  54.748 0.0000000000
60061  -15.283  -28.867  52.940 0.0000000000
60067  -29.510  -28.311  49.953 0.0000000000
60069  -30.285  -28.397  49.856 0.0000000000
60079  -30.854  -28.951  49.468 0.0000000000
61389  -3.332  -30.655  66.217 0.0000000000
61390  -3.578  -30.551  66.194 0.0000000000
61392  -6.475  -30.397  66.627 0.0000000000
61396  -4.762  -29.882  66.018 0.0000000000
61398  -6.513  -29.997  66.427 0.0000000000
61400  -1.977  -30.985  64.103 0.0000000000
61428  -4.171  -30.031  63.020 0.0000000000
61438  -0.102  -31.621  61.455 0.0000000000
61439  -0.513  -31.447  61.718 0.0000000000
61464  -0.757  -31.476  60.424 0.0000000000
61487  -16.918  -28.907  54.998 0.0000000000
61491  -5.075  -29.351  52.855 0.0000000000
61492  -16.760  -28.936  54.817 0.0000000000
61495  -29.988  -27.680  52.117 0.0000000000
61500  -29.608  -27.659  51.246 0.0000000000
61503  -31.204  -27.426  51.413 0.0000000000
61514  -31.494  -27.350  50.962 0.0000000000
61518  -3.598  -29.573  50.124 0.0000000000
61519  -4.049  -29.876  50.397 0.0000000000
61530  1.250  -27.798  48.280 0.0000000000
61536  -3.775  -30.005  49.943 0.0000000000
61549  1.521  -27.764  48.007 0.0000000000
61554  -2.421  -29.858  48.311 0.0000000000
61572  -2.043  -29.981  47.781 0.0000000000
62718  -7.698  -27.892  63.796 0.0000000000
62793  -5.146  -29.125  52.931 0.0000000000
62809  -1.268  -27.402  52.375 0.0000000000
62814  -5.085  -29.146  52.682 0.0000000000
62842  -31.668  -27.068  52.124 0.0000000000
62843  -31.864  -26.929  52.086 0.0000000000
62864  0.358  -27.848  48.671 0.0000000000
62866  -3.034  -29.002  49.884 0.0000000000
62879  -31.770  -28.122  49.371 0.0000000000
62885  0.818  -28.024  48.425 0.0000000000
62887  -0.045  -28.556  48.368 0.0000000000
62899  -31.817  -27.425  49.220 0.0000000000
62906  2.878  -27.262  47.009 0.0000000000
62920  2.743  -27.424  46.807 0.0000000000
63938  -7.353  -27.625  64.934 0.0000000000
63986  -4.884  -27.105  57.423 0.0000000000
64073  -31.257  -27.173  52.619 0.0000000000
64087  -31.553  -27.069  52.332 0.0000000000
64088  -31.747  -26.920  52.292 0.0000000000
64093  -18.208  -26.555  51.686 0.0000000000
64102  2.828  -26.926  49.115 0.0000000000
64103  2.283  -26.788  48.517 0.0000000000
64107  -31.896  -26.483  49.534 0.0000000000
64109  3.103  -26.990  48.965 0.0000000000
64112  -31.744  -27.136  49.428 0.0000000000
64118  3.288  -26.858  48.544 0.0000000000
64119  3.290  -26.983  47.908 0.0000000000
64120  3.044  -26.980  47.251 0.0000000000
65143  -7.176  -26.873  65.000 0.0000000000
65165  -7.827  -26.042  61.633 0.0000000000
65249  -32.391  -25.746  50.290 0.0000000000
65251  2.905  -26.626  49.162 0.0000000000
65255  -32.292  -26.182  50.126 0.0000000000
65256  3.246  -26.472  48.902 0.0000000000
65263  3.159  -26.384  47.667 0.0000000000
66241  -6.766  -26.237  64.253 0.0000000000
66243  -6.094  -26.105  63.736 0.0000000000
66361  -32.791  -25.255  50.813 0.0000000000
66370  3.288  -26.027  48.675 0.0000000000
66376  -31.050  -25.894  48.875 0.0000000000
66378  3.208  -25.839  47.998 0.0000000000
66379  2.627  -25.784  47.581 0.0000000000
66383  -28.668  -25.712  47.377 0.0000000000
66385  -30.273  -25.997  47.949 0.0000000000
66387  -31.175  -26.182  48.492 0.0000000000
66404  -29.861  -26.490  47.347 0.0000000000
67287  -7.147  -24.977  61.951 0.0000000000
67432  -33.338  -24.323  52.046 0.0000000000
67447  3.103  -25.136  49.107 0.0000000000
67448  2.684  -25.282  49.126 0.0000000000
67455  3.198  -25.343  48.824 0.0000000000
67456  1.900  -25.012  48.265 0.0000000000
67461  3.115  -25.524  48.314 0.0000000000
67463  2.170  -25.243  47.825 0.0000000000
67466  -27.218  -24.319  47.439 0.0000000000
68403  -7.663  -24.121  57.842 0.0000000000
68410  1.253  -23.395  58.104 0.0000000000
68503  3.143  -24.915  49.191 0.0000000000
68504  2.979  -25.025  48.929 0.0000000000
68505  2.714  -25.229  48.763 0.0000000000
68514  3.196  -25.006  48.963 0.0000000000
68515  2.928  -25.177  48.522 0.0000000000
68516  2.372  -24.927  48.387 0.0000000000
68521  3.025  -25.300  48.371 0.0000000000
68522  2.542  -25.105  48.098 0.0000000000
68523  2.212  -24.905  48.030 0.0000000000
68529  -26.972  -23.644  47.143 0.0000000000
69582  -5.548  -21.982  52.112 0.0000000000
69588  -32.580  -22.197  52.324 0.0000000000
69602  -32.355  -22.695  51.793 0.0000000000
69650  -27.793  -22.374  47.807 0.0000000000
69652  -29.138  -22.026  49.057 0.0000000000
69653  -0.075  -23.452  47.732 0.0000000000
70733  1.181  -22.049  59.300 0.0000000000
70771  0.456  -21.370  54.459 0.0000000000
70792  -0.003  -21.713  52.744 0.0000000000
70851  -29.614  -21.431  49.590 0.0000000000
72002  0.127  -21.314  53.353 0.0000000000
72060  -31.242  -21.242  51.449 0.0000000000
72077  -29.412  -21.178  49.279 0.0000000000
72085  -28.082  -20.892  46.889 0.0000000000
73203  -6.225  -19.460  54.266 0.0000000000
73252  -29.927  -20.509  50.409 0.0000000000
73253  -30.405  -20.514  50.935 0.0000000000
74330  -2.109  -19.132  55.943 0.0000000000
75582  -26.060  -18.295  45.151 0.0000000000
75586  -26.027  -17.805  44.560 0.0000000000
76767  -25.446  -16.997  45.209 0.0000000000
77872  -26.148  -15.131  52.058 0.0000000000
78000  -33.473  -14.824  44.903 0.0000000000
78019  -26.752  -16.465  43.690 0.0000000000
78021  -33.645  -14.709  44.497 0.0000000000
78047  -39.118  -15.658  43.814 0.0000000000
79200  -26.046  -15.106  51.456 0.0000000000
79207  -32.837  -13.820  50.089 0.0000000000
79249  -33.945  -14.423  48.501 0.0000000000
79270  -32.713  -14.666  47.469 0.0000000000
79301  -32.568  -14.653  45.354 0.0000000000
79320  -33.098  -14.689  44.776 0.0000000000
79322  -34.763  -14.732  44.579 0.0000000000
79341  -34.147  -14.639  44.200 0.0000000000
79413  -40.884  -14.301  39.996 0.0000000000
79423  -39.026  -14.172  38.608 0.0000000000
81611  -41.906  -13.301  40.318 0.0000000000
81628  -37.839  -12.943  37.276 0.0000000000
83743  -46.812  -9.585  30.136 0.0000000000
87675  -44.982  -6.704  34.806 0.0000000000
139663  1.778  -32.446  59.342 0.0000000000
139664  0.997  -31.943  60.019 0.0000000000
139665  0.264  -31.862  60.632 0.0000000000
139666  2.324  -33.266  60.454 0.0000000000
139668  2.044  -32.639  59.358 0.0000000000
139669  2.064  -32.555  59.113 0.0000000000
139670  0.479  -31.875  60.127 0.0000000000
