#!ascii label  , from subject abby vox2ras=TkReg
1854
47622  -38.462  -40.474  43.028 0.0000000000
49749  -24.608  -38.696  57.026 0.0000000000
57551  -45.970  -32.276  40.912 0.0000000000
54975  -30.479  -35.289  34.320 0.0000000000
56286  -34.811  -32.848  38.914 0.0000000000
49832  -33.018  -38.685  50.468 0.0000000000
41623  -30.392  -45.193  46.427 0.0000000000
47712  -29.261  -40.994  36.335 0.0000000000
48596  -19.473  -39.626  57.934 0.0000000000
71014  -48.217  -21.221  38.563 0.0000000000
42743  -25.725  -44.578  48.967 0.0000000000
48874  -34.415  -39.485  37.458 0.0000000000
53634  -34.857  -35.744  36.522 0.0000000000
53554  -35.205  -35.458  43.398 0.0000000000
46281  -37.037  -41.469  46.296 0.0000000000
48819  -32.560  -39.390  42.374 0.0000000000
42887  -33.764  -44.136  37.328 0.0000000000
48946  -29.591  -40.020  32.994 0.0000000000
74527  -47.068  -18.766  35.444 0.0000000000
44916  -23.714  -42.407  59.163 0.0000000000
46197  -23.171  -41.292  51.986 0.0000000000
43820  -27.054  -43.790  54.882 0.0000000000
58877  -39.580  -31.980  38.363 0.0000000000
50940  -28.721  -36.967  53.373 0.0000000000
44998  -27.696  -42.651  51.702 0.0000000000
47595  -27.113  -40.416  46.370 0.0000000000
43986  -29.127  -43.370  42.191 0.0000000000
46167  -16.058  -41.593  55.994 0.0000000000
65409  -35.113  -26.813  35.993 0.0000000000
67594  -40.520  -24.985  35.763 0.0000000000
69729  -43.780  -22.469  42.321 0.0000000000
66490  -45.413  -26.326  38.148 0.0000000000
65431  -43.856  -26.367  35.855 0.0000000000
47514  -17.893  -40.539  50.047 0.0000000000
39302  -30.465  -48.036  51.687 0.0000000000
48848  -37.475  -40.232  40.315 0.0000000000
49970  -35.670  -38.990  39.852 0.0000000000
49951  -36.389  -38.619  43.935 0.0000000000
45093  -39.250  -42.154  44.127 0.0000000000
43999  -35.867  -43.510  41.708 0.0000000000
45172  -36.597  -43.095  40.003 0.0000000000
46412  -33.624  -42.114  37.647 0.0000000000
57593  -47.799  -32.473  38.560 0.0000000000
60254  -48.104  -30.803  40.327 0.0000000000
48586  -24.928  -40.205  58.591 0.0000000000
43787  -25.059  -43.342  56.799 0.0000000000
46160  -26.297  -41.729  56.707 0.0000000000
56391  -32.579  -33.631  32.738 0.0000000000
53619  -35.515  -35.353  39.115 0.0000000000
56331  -35.774  -33.953  35.556 0.0000000000
54924  -37.242  -35.049  38.937 0.0000000000
54926  -39.552  -34.166  38.530 0.0000000000
57584  -37.106  -32.875  38.391 0.0000000000
50990  -30.859  -37.650  51.827 0.0000000000
49846  -28.082  -38.476  49.530 0.0000000000
49882  -29.952  -38.625  48.012 0.0000000000
46377  -31.231  -41.903  39.307 0.0000000000
47641  -29.906  -41.129  41.592 0.0000000000
45165  -29.113  -42.065  39.109 0.0000000000
51198  -29.364  -37.915  34.173 0.0000000000
67591  -37.632  -25.106  35.595 0.0000000000
68659  -44.077  -22.861  37.418 0.0000000000
68661  -46.062  -23.621  37.338 0.0000000000
64295  -45.170  -26.849  37.225 0.0000000000
68702  -46.490  -23.405  36.240 0.0000000000
72304  -43.549  -20.320  33.502 0.0000000000
48605  -17.294  -40.051  56.676 0.0000000000
46196  -17.083  -41.212  53.306 0.0000000000
47455  -19.173  -39.953  53.662 0.0000000000
46228  -24.557  -42.333  50.251 0.0000000000
47537  -22.552  -40.587  48.566 0.0000000000
43910  -24.194  -43.181  47.592 0.0000000000
42744  -29.436  -44.372  48.971 0.0000000000
42702  -30.489  -45.120  52.358 0.0000000000
39350  -31.119  -47.057  49.294 0.0000000000
51183  -32.036  -37.226  35.849 0.0000000000
52377  -33.808  -36.315  34.548 0.0000000000
51168  -35.354  -37.771  36.333 0.0000000000
51146  -33.957  -36.914  39.820 0.0000000000
56250  -34.487  -33.563  41.496 0.0000000000
47521  -35.177  -40.363  48.499 0.0000000000
48766  -32.839  -39.093  46.810 0.0000000000
47611  -35.103  -40.696  44.009 0.0000000000
46380  -33.427  -42.569  39.820 0.0000000000
44078  -31.262  -43.489  35.865 0.0000000000
46462  -29.162  -41.414  33.443 0.0000000000
46481  -31.303  -42.257  33.909 0.0000000000
48910  -30.722  -39.926  35.532 0.0000000000
73386  -48.512  -19.938  37.264 0.0000000000
75656  -49.963  -17.608  36.729 0.0000000000
47355  -21.385  -40.913  58.916 0.0000000000
47439  -21.507  -40.139  54.760 0.0000000000
44948  -23.192  -42.239  55.562 0.0000000000
44970  -24.470  -42.843  53.845 0.0000000000
42712  -26.338  -44.004  51.894 0.0000000000
55018  -34.932  -34.302  32.923 0.0000000000
56308  -41.900  -33.889  38.786 0.0000000000
57567  -43.182  -32.457  39.932 0.0000000000
50917  -26.526  -36.801  54.265 0.0000000000
46189  -25.737  -40.977  53.799 0.0000000000
48687  -25.734  -39.217  51.201 0.0000000000
46257  -26.603  -41.051  48.593 0.0000000000
43940  -29.005  -43.146  45.776 0.0000000000
48792  -29.497  -38.966  44.404 0.0000000000
45107  -28.871  -42.079  43.898 0.0000000000
42824  -29.904  -44.014  43.911 0.0000000000
52267  -40.038  -36.623  45.748 0.0000000000
53317  -26.647  -35.743  56.930 0.0000000000
50903  -31.640  -36.670  55.226 0.0000000000
50945  -33.821  -37.582  53.303 0.0000000000
56194  -38.219  -33.689  45.177 0.0000000000
58805  -36.998  -31.246  43.327 0.0000000000
60229  -35.529  -30.363  40.739 0.0000000000
64250  -35.737  -27.554  39.028 0.0000000000
61735  -34.620  -29.704  37.138 0.0000000000
61761  -36.720  -29.561  35.553 0.0000000000
63090  -40.207  -28.722  36.675 0.0000000000
63064  -42.623  -28.660  38.545 0.0000000000
68657  -41.823  -22.885  37.836 0.0000000000
66499  -43.062  -25.625  37.259 0.0000000000
63050  -45.034  -28.175  40.567 0.0000000000
61710  -45.350  -29.138  39.198 0.0000000000
71044  -44.936  -22.072  35.450 0.0000000000
44967  -15.058  -42.182  53.448 0.0000000000
47569  -16.637  -40.727  46.378 0.0000000000
47500  -20.768  -39.676  50.785 0.0000000000
48759  -20.145  -39.769  46.985 0.0000000000
43837  -28.876  -43.694  54.160 0.0000000000
41530  -28.492  -45.286  52.980 0.0000000000
40438  -27.748  -46.596  50.213 0.0000000000
37059  -28.677  -50.073  51.561 0.0000000000
47632  -38.147  -40.419  42.147 0.0000000000
48822  -36.559  -39.423  42.609 0.0000000000
48799  -37.413  -39.144  44.140 0.0000000000
47634  -39.105  -41.436  42.974 0.0000000000
45145  -37.705  -42.949  41.594 0.0000000000
47647  -38.247  -41.281  41.372 0.0000000000
46383  -37.333  -41.155  39.916 0.0000000000
57569  -45.242  -32.935  40.477 0.0000000000
57571  -46.821  -32.763  39.880 0.0000000000
58848  -48.283  -31.662  40.216 0.0000000000
58828  -47.511  -31.162  41.337 0.0000000000
48598  -25.136  -39.927  57.785 0.0000000000
47377  -25.674  -41.228  57.264 0.0000000000
47398  -25.698  -40.885  56.442 0.0000000000
56366  -30.473  -33.962  33.453 0.0000000000
54996  -31.254  -34.532  33.777 0.0000000000
54907  -35.357  -34.582  39.609 0.0000000000
53620  -36.439  -35.167  39.378 0.0000000000
54908  -36.258  -34.625  39.581 0.0000000000
56270  -37.448  -34.165  39.496 0.0000000000
57582  -35.640  -32.549  38.110 0.0000000000
49808  -32.525  -38.156  51.318 0.0000000000
49830  -30.842  -38.246  50.285 0.0000000000
49850  -32.011  -38.686  49.551 0.0000000000
45211  -30.095  -42.121  36.970 0.0000000000
45166  -29.676  -42.571  39.253 0.0000000000
46409  -29.023  -41.056  38.015 0.0000000000
47672  -28.266  -40.890  38.957 0.0000000000
53657  -29.872  -35.965  34.490 0.0000000000
52386  -28.850  -36.388  33.751 0.0000000000
54994  -29.123  -34.909  33.684 0.0000000000
70988  -46.519  -22.066  38.564 0.0000000000
69819  -47.149  -22.459  37.570 0.0000000000
67582  -46.423  -24.333  36.791 0.0000000000
69839  -47.238  -22.546  37.034 0.0000000000
48595  -18.347  -39.569  57.651 0.0000000000
47415  -18.067  -40.314  55.115 0.0000000000
48630  -19.769  -39.800  54.962 0.0000000000
43889  -25.615  -43.750  49.620 0.0000000000
45038  -24.729  -42.664  48.918 0.0000000000
42742  -24.964  -44.449  48.256 0.0000000000
42757  -24.025  -44.130  47.687 0.0000000000
41591  -25.265  -45.424  48.493 0.0000000000
42746  -30.672  -44.952  48.059 0.0000000000
41577  -30.945  -45.663  49.473 0.0000000000
40468  -31.081  -46.020  47.948 0.0000000000
50006  -32.796  -38.716  36.807 0.0000000000
51167  -34.612  -38.058  36.110 0.0000000000
50008  -35.168  -38.744  36.725 0.0000000000
51128  -34.598  -37.514  42.494 0.0000000000
51143  -34.083  -37.715  40.313 0.0000000000
52315  -34.203  -36.539  42.098 0.0000000000
53600  -34.207  -35.660  40.465 0.0000000000
54870  -34.461  -34.489  42.094 0.0000000000
47563  -36.541  -40.821  47.654 0.0000000000
47561  -35.292  -40.494  46.798 0.0000000000
47597  -35.764  -41.117  45.402 0.0000000000
42860  -34.942  -44.605  39.156 0.0000000000
45156  -34.469  -43.227  40.486 0.0000000000
44050  -33.811  -44.256  38.418 0.0000000000
44068  -32.054  -44.179  37.347 0.0000000000
42895  -32.420  -44.277  35.968 0.0000000000
44108  -31.105  -43.158  33.946 0.0000000000
44110  -32.119  -43.482  34.970 0.0000000000
47700  -33.863  -40.741  38.058 0.0000000000
47713  -31.909  -40.989  36.474 0.0000000000
48891  -31.993  -39.741  36.983 0.0000000000
50005  -31.738  -38.719  36.614 0.0000000000
46132  -21.958  -41.585  59.104 0.0000000000
46158  -22.115  -41.458  56.586 0.0000000000
44924  -23.214  -42.571  58.005 0.0000000000
43803  -26.366  -43.580  55.613 0.0000000000
44961  -24.443  -43.093  54.920 0.0000000000
43835  -25.854  -43.584  53.753 0.0000000000
43848  -25.181  -43.120  52.429 0.0000000000
43850  -26.401  -44.025  53.125 0.0000000000
52378  -34.519  -36.190  34.575 0.0000000000
53677  -33.814  -35.239  33.687 0.0000000000
53663  -35.160  -35.468  34.878 0.0000000000
56318  -37.326  -33.678  36.527 0.0000000000
56349  -36.466  -33.579  34.510 0.0000000000
56350  -37.060  -33.068  34.217 0.0000000000
57564  -39.550  -33.421  39.327 0.0000000000
56292  -40.810  -33.852  38.633 0.0000000000
56274  -41.293  -33.658  39.365 0.0000000000
56275  -42.706  -33.176  39.642 0.0000000000
58860  -40.888  -32.015  39.019 0.0000000000
50918  -27.321  -36.752  54.037 0.0000000000
49789  -25.650  -38.196  52.592 0.0000000000
50986  -27.269  -37.499  52.116 0.0000000000
48739  -27.820  -39.474  47.922 0.0000000000
47539  -26.729  -40.068  48.971 0.0000000000
47576  -26.703  -40.748  47.117 0.0000000000
45050  -27.365  -42.447  47.208 0.0000000000
46279  -27.166  -41.667  46.214 0.0000000000
49934  -32.511  -38.876  44.102 0.0000000000
49912  -30.892  -38.662  45.737 0.0000000000
49948  -31.237  -38.745  43.572 0.0000000000
45141  -29.679  -42.526  41.519 0.0000000000
46335  -29.351  -41.260  42.624 0.0000000000
45109  -29.700  -42.796  43.219 0.0000000000
45088  -29.854  -42.970  43.962 0.0000000000
46495  -29.461  -41.239  32.374 0.0000000000
50921  -32.611  -37.059  54.474 0.0000000000
49835  -36.469  -38.709  50.750 0.0000000000
54831  -38.896  -34.453  45.609 0.0000000000
60190  -38.133  -30.652  43.622 0.0000000000
61648  -37.361  -29.824  42.385 0.0000000000
60216  -36.161  -30.648  41.940 0.0000000000
61679  -36.434  -29.432  40.829 0.0000000000
64264  -35.307  -27.542  37.910 0.0000000000
63062  -35.440  -28.454  38.416 0.0000000000
64275  -34.961  -27.673  36.829 0.0000000000
60329  -35.495  -29.875  35.904 0.0000000000
64307  -35.588  -27.732  35.340 0.0000000000
66531  -39.327  -25.685  35.513 0.0000000000
64310  -38.721  -27.506  35.409 0.0000000000
64312  -40.303  -26.923  35.965 0.0000000000
63077  -41.604  -28.710  37.898 0.0000000000
64292  -41.086  -27.285  36.848 0.0000000000
69771  -42.549  -22.563  40.413 0.0000000000
67562  -44.321  -24.675  37.208 0.0000000000
67579  -43.381  -24.085  36.868 0.0000000000
65401  -44.625  -26.539  38.495 0.0000000000
64266  -43.838  -27.528  39.300 0.0000000000
65376  -44.861  -27.238  39.382 0.0000000000
63035  -45.933  -28.289  40.282 0.0000000000
64254  -45.389  -27.647  39.410 0.0000000000
65432  -44.467  -26.302  36.196 0.0000000000
63080  -44.294  -28.538  37.288 0.0000000000
64293  -43.652  -27.667  36.420 0.0000000000
73402  -47.401  -19.247  36.081 0.0000000000
72280  -46.384  -20.726  35.976 0.0000000000
73400  -45.865  -20.096  35.388 0.0000000000
46225  -17.338  -40.926  51.105 0.0000000000
46209  -16.509  -41.453  51.749 0.0000000000
46241  -17.027  -40.892  50.022 0.0000000000
47531  -16.360  -40.688  47.697 0.0000000000
47553  -17.613  -40.406  47.564 0.0000000000
47458  -22.399  -40.661  53.288 0.0000000000
47472  -20.701  -39.831  52.616 0.0000000000
47486  -22.000  -40.217  51.193 0.0000000000
48738  -21.359  -39.972  47.967 0.0000000000
43922  -20.603  -43.445  46.240 0.0000000000
46200  -26.154  -41.250  52.866 0.0000000000
46191  -27.294  -42.187  54.429 0.0000000000
44982  -28.302  -43.066  52.652 0.0000000000
40401  -30.807  -46.814  52.284 0.0000000000
41532  -29.851  -45.439  53.490 0.0000000000
40399  -29.519  -46.338  52.425 0.0000000000
41554  -28.154  -45.770  51.469 0.0000000000
40424  -28.955  -47.219  51.111 0.0000000000
38223  -27.274  -48.586  50.330 0.0000000000
47688  -36.362  -39.938  38.629 0.0000000000
49988  -36.385  -38.923  38.219 0.0000000000
48837  -36.350  -39.494  40.612 0.0000000000
49963  -35.396  -38.903  42.036 0.0000000000
52297  -35.752  -36.427  43.983 0.0000000000
45075  -37.880  -42.079  44.991 0.0000000000
45090  -36.749  -42.266  44.674 0.0000000000
43976  -37.292  -43.259  43.125 0.0000000000
42844  -36.063  -44.017  40.273 0.0000000000
44052  -35.227  -43.979  38.569 0.0000000000
45214  -33.741  -43.196  37.124 0.0000000000
45191  -34.823  -43.198  38.432 0.0000000000
47673  -35.946  -41.351  39.250 0.0000000000
60273  -48.020  -30.693  39.492 0.0000000000
47337  -24.555  -41.113  59.247 0.0000000000
43755  -24.425  -42.883  58.394 0.0000000000
44927  -25.272  -42.556  58.343 0.0000000000
44934  -26.461  -42.890  57.180 0.0000000000
43790  -27.299  -43.251  55.840 0.0000000000
54933  -34.745  -35.463  37.581 0.0000000000
54961  -35.315  -34.679  35.630 0.0000000000
54935  -36.132  -34.569  37.995 0.0000000000
54950  -36.835  -33.921  36.936 0.0000000000
56303  -38.188  -33.936  37.172 0.0000000000
56304  -38.959  -33.850  37.227 0.0000000000
54925  -38.483  -34.597  38.679 0.0000000000
57563  -38.881  -33.683  39.421 0.0000000000
57606  -38.367  -32.083  37.780 0.0000000000
50965  -29.750  -37.305  52.763 0.0000000000
51010  -27.959  -37.653  51.196 0.0000000000
51012  -29.867  -37.819  51.037 0.0000000000
49866  -29.174  -38.599  48.697 0.0000000000
48740  -28.853  -39.013  47.743 0.0000000000
46365  -31.585  -41.257  39.740 0.0000000000
48826  -30.684  -39.768  41.396 0.0000000000
46364  -30.610  -41.525  40.070 0.0000000000
45154  -30.013  -42.399  40.584 0.0000000000
44006  -29.113  -42.927  40.771 0.0000000000
45139  -28.527  -42.823  41.404 0.0000000000
46363  -28.103  -41.661  40.326 0.0000000000
50064  -29.107  -38.745  32.844 0.0000000000
50063  -28.666  -38.081  32.718 0.0000000000
67571  -35.333  -24.862  37.081 0.0000000000
66512  -36.000  -25.312  35.886 0.0000000000
67573  -37.176  -24.591  36.400 0.0000000000
67559  -38.496  -24.147  36.859 0.0000000000
68673  -39.729  -24.126  36.583 0.0000000000
69756  -45.465  -22.378  41.121 0.0000000000
69791  -43.741  -22.370  39.206 0.0000000000
69774  -45.845  -22.012  39.797 0.0000000000
69817  -45.833  -22.721  37.661 0.0000000000
67563  -45.454  -24.644  37.313 0.0000000000
66491  -45.579  -26.265  38.008 0.0000000000
66503  -46.196  -24.994  37.041 0.0000000000
67581  -46.094  -24.805  36.681 0.0000000000
67598  -44.982  -24.605  35.584 0.0000000000
75690  -47.227  -17.721  34.126 0.0000000000
73412  -44.664  -19.914  34.478 0.0000000000
74558  -44.931  -18.898  32.986 0.0000000000
47393  -16.455  -40.816  56.407 0.0000000000
46176  -16.498  -41.396  54.853 0.0000000000
47435  -17.426  -40.737  54.562 0.0000000000
47469  -17.785  -40.730  52.934 0.0000000000
47483  -18.863  -40.013  51.790 0.0000000000
46212  -23.777  -41.764  51.674 0.0000000000
47502  -22.694  -40.720  50.586 0.0000000000
46243  -23.676  -41.409  49.411 0.0000000000
46264  -23.377  -41.693  47.498 0.0000000000
43925  -22.806  -42.971  46.576 0.0000000000
42769  -21.833  -43.682  46.639 0.0000000000
42756  -23.024  -44.283  47.231 0.0000000000
43891  -28.611  -43.717  50.000 0.0000000000
43881  -29.344  -44.062  51.700 0.0000000000
42727  -29.604  -44.452  50.696 0.0000000000
41565  -31.331  -46.303  51.018 0.0000000000
38209  -31.173  -48.244  50.933 0.0000000000
52365  -31.622  -36.534  35.489 0.0000000000
53659  -31.671  -35.515  34.626 0.0000000000
52366  -32.661  -36.538  35.326 0.0000000000
52368  -34.373  -36.768  34.984 0.0000000000
52358  -35.171  -37.080  36.641 0.0000000000
49975  -35.457  -38.475  38.628 0.0000000000
51150  -34.735  -37.575  38.327 0.0000000000
52354  -34.584  -36.622  38.165 0.0000000000
52344  -34.323  -36.189  39.803 0.0000000000
54897  -34.610  -34.546  40.193 0.0000000000
56258  -34.438  -33.480  40.552 0.0000000000
48689  -34.204  -39.477  49.843 0.0000000000
48722  -32.881  -39.271  48.669 0.0000000000
48745  -33.759  -39.546  47.481 0.0000000000
48784  -33.746  -39.471  45.487 0.0000000000
48808  -33.811  -39.744  43.207 0.0000000000
46338  -35.250  -41.848  42.814 0.0000000000
47645  -34.338  -41.305  41.826 0.0000000000
47659  -32.889  -40.790  40.770 0.0000000000
46378  -32.043  -41.980  39.242 0.0000000000
44047  -30.974  -43.538  38.049 0.0000000000
45232  -30.152  -42.226  36.283 0.0000000000
46445  -29.189  -41.290  34.369 0.0000000000
45272  -30.115  -42.417  34.586 0.0000000000
45307  -30.146  -42.183  33.119 0.0000000000
47756  -30.459  -41.439  33.041 0.0000000000
46449  -32.304  -42.413  35.811 0.0000000000
47724  -30.807  -40.920  34.705 0.0000000000
48928  -29.939  -39.972  34.011 0.0000000000
50026  -29.758  -39.033  34.730 0.0000000000
51182  -30.947  -37.326  35.797 0.0000000000
72251  -48.581  -20.632  38.026 0.0000000000
73369  -49.231  -19.662  38.097 0.0000000000
74513  -49.495  -18.491  37.345 0.0000000000
74529  -48.800  -18.229  36.234 0.0000000000
75692  -48.838  -17.264  34.769 0.0000000000
75705  -48.294  -17.193  33.701 0.0000000000
47375  -20.842  -40.414  58.439 0.0000000000
47417  -20.848  -40.001  56.516 0.0000000000
47397  -21.487  -40.700  57.094 0.0000000000
47419  -22.038  -40.865  55.273 0.0000000000
46178  -22.918  -41.384  54.104 0.0000000000
44939  -24.094  -42.975  56.563 0.0000000000
44960  -23.866  -42.591  54.385 0.0000000000
46198  -23.636  -41.856  52.630 0.0000000000
44996  -24.752  -42.681  51.905 0.0000000000
45013  -25.384  -43.110  50.789 0.0000000000
42734  -26.467  -44.632  50.030 0.0000000000
53676  -33.190  -34.995  33.677 0.0000000000
55017  -34.034  -34.246  32.868 0.0000000000
54978  -35.539  -34.553  34.721 0.0000000000
56295  -43.371  -33.257  39.711 0.0000000000
57568  -43.778  -32.107  40.154 0.0000000000
50915  -24.887  -37.676  55.419 0.0000000000
48631  -24.995  -39.678  55.135 0.0000000000
49777  -25.233  -38.265  53.806 0.0000000000
47475  -25.466  -40.251  52.551 0.0000000000
47489  -25.982  -40.661  51.334 0.0000000000
49826  -26.917  -38.221  50.665 0.0000000000
47520  -26.333  -40.075  50.001 0.0000000000
45015  -27.117  -42.273  50.222 0.0000000000
43899  -27.828  -43.251  48.336 0.0000000000
43912  -28.644  -43.550  47.554 0.0000000000
42771  -30.361  -44.662  46.578 0.0000000000
49884  -31.708  -38.868  47.464 0.0000000000
48742  -30.129  -38.765  46.734 0.0000000000
48779  -28.598  -39.382  45.629 0.0000000000
48816  -29.449  -39.744  42.714 0.0000000000
47617  -28.502  -40.270  43.609 0.0000000000
46309  -27.684  -41.236  44.767 0.0000000000
45086  -28.402  -42.153  44.632 0.0000000000
43941  -29.792  -43.343  45.287 0.0000000000
47736  -28.495  -40.685  34.064 0.0000000000
48801  -39.541  -39.883  44.411 0.0000000000
49916  -38.874  -38.145  45.180 0.0000000000
48593  -16.534  -40.137  58.000 0.0000000000
48584  -19.974  -40.106  59.073 0.0000000000
47315  -20.348  -40.573  60.305 0.0000000000
46113  -21.229  -41.011  60.291 0.0000000000
48576  -24.166  -39.782  59.533 0.0000000000
49735  -24.616  -38.867  59.094 0.0000000000
50874  -24.664  -37.863  57.656 0.0000000000
52113  -25.603  -36.364  56.840 0.0000000000
52128  -26.428  -36.052  56.053 0.0000000000
52145  -27.574  -36.152  54.799 0.0000000000
52146  -28.706  -36.167  54.800 0.0000000000
52132  -30.614  -36.406  55.442 0.0000000000
52163  -30.062  -36.774  53.883 0.0000000000
50943  -31.732  -37.327  53.695 0.0000000000
50968  -32.972  -37.640  52.511 0.0000000000
50993  -33.548  -38.243  51.697 0.0000000000
49811  -34.791  -38.779  51.318 0.0000000000
48691  -35.542  -39.358  50.546 0.0000000000
47543  -36.435  -40.274  48.716 0.0000000000
46315  -40.187  -41.085  44.500 0.0000000000
51082  -38.489  -37.370  45.446 0.0000000000
53521  -37.608  -35.555  45.275 0.0000000000
54848  -36.469  -34.363  44.248 0.0000000000
60173  -39.095  -30.751  44.228 0.0000000000
58773  -37.893  -31.868  44.310 0.0000000000
56210  -36.143  -33.562  43.681 0.0000000000
57519  -35.331  -32.467  42.331 0.0000000000
58824  -35.070  -31.646  41.259 0.0000000000
58859  -34.582  -31.380  39.300 0.0000000000
61691  -35.821  -29.278  39.868 0.0000000000
60266  -34.696  -30.252  38.604 0.0000000000
58874  -34.680  -31.524  38.095 0.0000000000
58892  -35.637  -31.665  37.256 0.0000000000
58910  -36.573  -31.199  36.540 0.0000000000
60310  -38.346  -30.576  36.656 0.0000000000
65424  -37.110  -26.704  34.944 0.0000000000
63088  -38.745  -29.282  36.050 0.0000000000
60288  -40.274  -30.730  37.885 0.0000000000
60269  -41.355  -30.720  38.543 0.0000000000
60249  -42.458  -30.815  39.138 0.0000000000
60251  -44.435  -30.391  40.364 0.0000000000
68641  -40.644  -23.200  38.633 0.0000000000
68675  -41.463  -23.582  36.687 0.0000000000
68658  -43.120  -22.749  37.522 0.0000000000
67578  -42.380  -24.562  36.594 0.0000000000
66513  -41.773  -25.370  36.306 0.0000000000
64278  -42.490  -27.238  37.826 0.0000000000
63065  -43.587  -28.297  39.421 0.0000000000
60231  -45.374  -29.820  41.029 0.0000000000
60232  -46.557  -30.103  41.256 0.0000000000
60252  -46.382  -29.916  40.472 0.0000000000
60292  -46.651  -30.608  38.269 0.0000000000
64267  -44.894  -27.870  38.016 0.0000000000
61723  -44.680  -29.289  37.741 0.0000000000
60313  -45.640  -30.361  36.795 0.0000000000
71028  -46.908  -21.993  36.576 0.0000000000
69865  -45.521  -22.778  35.606 0.0000000000
68699  -44.115  -23.638  35.290 0.0000000000
72292  -44.502  -20.481  34.625 0.0000000000
69886  -43.618  -22.752  34.937 0.0000000000
67596  -43.067  -25.348  35.177 0.0000000000
46195  -16.372  -41.602  52.852 0.0000000000
47456  -20.349  -39.736  53.974 0.0000000000
47484  -19.908  -39.800  51.682 0.0000000000
47516  -19.519  -39.781  50.072 0.0000000000
48700  -21.341  -39.973  49.682 0.0000000000
48716  -20.252  -39.653  48.614 0.0000000000
47555  -19.087  -40.034  48.615 0.0000000000
47571  -18.611  -40.024  46.613 0.0000000000
46171  -26.269  -41.441  55.782 0.0000000000
44952  -27.796  -43.066  55.460 0.0000000000
43821  -27.773  -43.772  55.005 0.0000000000
43852  -29.483  -44.143  53.571 0.0000000000
42674  -29.223  -44.514  54.235 0.0000000000
42685  -28.338  -44.699  53.767 0.0000000000
42700  -27.812  -44.902  52.761 0.0000000000
42724  -27.266  -44.950  51.002 0.0000000000
41575  -26.962  -45.640  49.769 0.0000000000
38241  -30.028  -48.419  49.681 0.0000000000
37061  -30.144  -49.344  51.181 0.0000000000
38206  -29.389  -48.986  51.365 0.0000000000
38224  -28.380  -48.597  50.665 0.0000000000
39331  -27.425  -47.168  49.841 0.0000000000
40436  -26.447  -46.480  49.279 0.0000000000
48811  -37.696  -39.781  43.254 0.0000000000
48812  -38.394  -40.090  43.577 0.0000000000
47623  -39.235  -41.075  43.399 0.0000000000
47633  -38.731  -41.100  42.341 0.0000000000
47646  -38.126  -40.675  41.422 0.0000000000
57550  -45.138  -32.159  40.758 0.0000000000
57570  -45.806  -32.822  40.212 0.0000000000
57552  -46.870  -32.364  40.726 0.0000000000
58845  -46.157  -31.363  41.225 0.0000000000
48610  -25.302  -40.356  57.129 0.0000000000
48619  -24.713  -39.206  56.609 0.0000000000
54995  -30.157  -34.861  33.948 0.0000000000
56267  -34.747  -33.425  39.523 0.0000000000
56268  -35.762  -33.875  39.335 0.0000000000
56288  -36.281  -33.302  38.723 0.0000000000
56287  -35.308  -33.110  38.805 0.0000000000
49809  -33.034  -38.330  51.228 0.0000000000
49831  -31.981  -38.316  50.610 0.0000000000
46410  -29.430  -41.327  37.292 0.0000000000
45187  -29.732  -42.207  38.144 0.0000000000
53675  -30.095  -35.473  34.346 0.0000000000
53674  -29.392  -35.665  34.081 0.0000000000
56365  -29.412  -34.125  33.437 0.0000000000
70991  -48.249  -21.312  39.199 0.0000000000
70990  -47.560  -21.716  38.617 0.0000000000
71013  -47.713  -21.566  37.802 0.0000000000
48607  -19.107  -39.631  56.758 0.0000000000
43898  -25.379  -43.838  48.742 0.0000000000
41608  -30.715  -45.474  47.539 0.0000000000
48893  -33.707  -39.394  37.369 0.0000000000
50007  -34.036  -38.842  36.872 0.0000000000
49986  -35.007  -39.154  37.028 0.0000000000
52295  -34.717  -36.352  42.980 0.0000000000
51138  -34.098  -37.556  41.375 0.0000000000
53553  -34.775  -35.786  43.034 0.0000000000
53571  -34.551  -35.562  42.609 0.0000000000
53572  -34.874  -34.737  42.849 0.0000000000
46267  -36.506  -41.218  46.861 0.0000000000
47579  -35.941  -41.066  46.348 0.0000000000
46280  -36.541  -41.382  46.164 0.0000000000
42874  -34.111  -44.241  38.092 0.0000000000
42859  -34.406  -44.391  38.670 0.0000000000
42873  -33.443  -44.223  37.715 0.0000000000
44069  -32.801  -44.297  37.378 0.0000000000
42896  -32.873  -44.438  36.191 0.0000000000
42908  -32.626  -44.213  35.798 0.0000000000
44095  -33.217  -44.094  36.000 0.0000000000
47701  -34.973  -39.993  38.016 0.0000000000
48873  -33.332  -40.000  37.666 0.0000000000
48892  -33.043  -39.415  37.290 0.0000000000
46115  -22.779  -41.934  59.535 0.0000000000
46133  -22.562  -42.116  58.508 0.0000000000
44915  -23.198  -42.513  58.819 0.0000000000
43819  -26.035  -43.643  54.748 0.0000000000
43836  -26.691  -43.921  54.048 0.0000000000
52369  -34.964  -36.329  35.108 0.0000000000
52379  -34.890  -35.958  34.681 0.0000000000
56333  -37.529  -33.211  35.351 0.0000000000
57586  -39.897  -32.541  38.953 0.0000000000
56273  -40.030  -33.829  39.402 0.0000000000
57565  -40.732  -32.855  39.409 0.0000000000
57587  -40.493  -32.275  39.027 0.0000000000
50939  -27.754  -36.971  53.505 0.0000000000
50962  -26.904  -37.415  52.690 0.0000000000
50963  -27.896  -37.250  52.715 0.0000000000
48761  -27.821  -39.572  46.985 0.0000000000
47577  -27.163  -40.060  47.422 0.0000000000
46278  -26.855  -41.548  46.835 0.0000000000
46292  -26.890  -41.167  46.269 0.0000000000
49949  -32.165  -38.819  43.479 0.0000000000
49933  -31.962  -38.739  44.455 0.0000000000
49956  -31.591  -38.865  42.804 0.0000000000
43987  -29.478  -43.027  41.985 0.0000000000
45125  -29.629  -42.705  42.384 0.0000000000
43975  -29.521  -43.394  43.080 0.0000000000
47777  -29.526  -40.876  32.330 0.0000000000
47798  -29.003  -40.420  31.676 0.0000000000
61665  -36.658  -29.880  41.782 0.0000000000
65397  -34.897  -26.378  37.353 0.0000000000
64289  -35.037  -27.913  35.967 0.0000000000
66532  -40.195  -25.636  35.584 0.0000000000
65427  -39.872  -26.418  35.617 0.0000000000
65428  -40.588  -26.320  35.828 0.0000000000
65410  -40.852  -26.830  36.316 0.0000000000
65429  -41.080  -26.341  36.091 0.0000000000
69754  -43.160  -22.508  41.303 0.0000000000
66501  -44.911  -25.893  37.908 0.0000000000
65388  -45.026  -26.728  38.717 0.0000000000
65377  -45.216  -27.244  39.191 0.0000000000
65389  -45.379  -26.825  38.533 0.0000000000
65413  -44.078  -26.811  36.364 0.0000000000
64314  -43.315  -27.170  35.812 0.0000000000
73401  -46.530  -19.916  35.765 0.0000000000
73414  -46.292  -19.020  34.979 0.0000000000
44947  -16.047  -41.873  55.289 0.0000000000
47533  -17.487  -40.692  48.919 0.0000000000
47534  -18.516  -40.335  49.159 0.0000000000
47474  -22.544  -40.705  52.200 0.0000000000
47473  -21.738  -40.139  52.383 0.0000000000
43939  -20.549  -42.954  45.806 0.0000000000
46214  -26.942  -41.980  52.328 0.0000000000
44981  -27.718  -42.511  52.979 0.0000000000
44999  -28.228  -43.173  52.001 0.0000000000
39288  -30.654  -47.366  52.053 0.0000000000
40400  -30.081  -46.791  52.378 0.0000000000
40413  -29.862  -47.253  51.975 0.0000000000
40412  -29.279  -46.747  51.704 0.0000000000
39301  -29.835  -47.912  51.662 0.0000000000
47674  -36.662  -40.496  39.271 0.0000000000
48859  -36.456  -39.523  38.723 0.0000000000
48847  -36.871  -39.703  39.704 0.0000000000
49959  -36.205  -38.893  43.328 0.0000000000
48821  -35.906  -39.119  42.288 0.0000000000
49950  -35.790  -38.280  43.591 0.0000000000
51129  -35.254  -37.909  43.086 0.0000000000
51098  -36.035  -37.407  44.230 0.0000000000
45092  -38.517  -42.310  44.400 0.0000000000
45091  -37.552  -42.557  44.426 0.0000000000
45112  -37.971  -43.016  43.464 0.0000000000
45158  -37.300  -42.890  40.994 0.0000000000
44001  -37.070  -43.381  41.239 0.0000000000
44029  -36.121  -43.813  39.754 0.0000000000
42861  -35.588  -44.241  39.502 0.0000000000
44028  -35.708  -43.943  39.149 0.0000000000
45192  -35.429  -43.161  39.020 0.0000000000
47675  -37.366  -40.444  39.895 0.0000000000
47687  -35.778  -40.272  38.512 0.0000000000
57592  -46.823  -32.608  38.901 0.0000000000
60235  -48.211  -31.292  40.626 0.0000000000
46134  -25.012  -41.961  58.828 0.0000000000
47356  -25.192  -41.297  58.562 0.0000000000
46149  -26.328  -42.574  57.422 0.0000000000
46161  -26.627  -42.470  56.941 0.0000000000
43773  -26.501  -43.200  56.784 0.0000000000
44941  -27.175  -42.999  56.362 0.0000000000
56390  -31.685  -33.392  32.774 0.0000000000
53626  -35.025  -35.433  38.556 0.0000000000
54934  -35.056  -35.014  38.023 0.0000000000
54922  -35.400  -35.236  38.660 0.0000000000
53621  -36.998  -35.113  39.589 0.0000000000
54936  -37.432  -34.330  37.688 0.0000000000
54910  -37.421  -34.680  39.454 0.0000000000
56289  -37.336  -33.525  39.084 0.0000000000
56290  -37.901  -33.677  39.343 0.0000000000
57585  -38.512  -32.943  38.798 0.0000000000
57605  -37.589  -32.325  37.816 0.0000000000
50966  -30.784  -37.451  52.819 0.0000000000
50989  -29.827  -37.544  51.909 0.0000000000
49849  -30.977  -38.496  49.571 0.0000000000
49848  -29.997  -38.475  49.527 0.0000000000
49867  -30.085  -38.588  48.795 0.0000000000
47657  -31.219  -40.650  40.357 0.0000000000
45167  -30.474  -42.439  39.269 0.0000000000
45153  -29.528  -42.671  40.398 0.0000000000
45152  -28.710  -42.482  40.375 0.0000000000
46376  -28.393  -41.471  39.595 0.0000000000
51219  -28.775  -37.438  33.429 0.0000000000
67556  -35.827  -24.407  37.423 0.0000000000
67572  -36.097  -24.756  36.567 0.0000000000
68639  -38.442  -23.664  38.287 0.0000000000
68654  -38.095  -23.955  37.512 0.0000000000
68655  -39.301  -23.848  37.249 0.0000000000
67575  -39.181  -24.357  36.319 0.0000000000
69758  -47.584  -21.718  41.030 0.0000000000
69732  -47.127  -21.849  41.933 0.0000000000
69757  -46.716  -22.075  40.947 0.0000000000
69794  -46.512  -22.314  38.122 0.0000000000
66502  -45.664  -25.588  37.482 0.0000000000
67564  -46.196  -24.472  37.150 0.0000000000
68679  -46.809  -23.344  36.666 0.0000000000
67599  -45.861  -24.443  36.218 0.0000000000
66537  -45.412  -25.088  36.123 0.0000000000
68701  -46.104  -23.521  35.888 0.0000000000
75714  -46.683  -17.786  33.030 0.0000000000
74559  -45.662  -18.573  33.277 0.0000000000
47394  -17.131  -40.284  56.080 0.0000000000
47413  -16.644  -40.865  55.549 0.0000000000
47414  -17.267  -40.471  55.275 0.0000000000
47437  -18.805  -40.196  54.194 0.0000000000
47436  -18.207  -40.516  54.343 0.0000000000
47454  -18.388  -40.456  53.607 0.0000000000
47470  -18.594  -40.236  52.760 0.0000000000
46227  -24.034  -41.801  50.582 0.0000000000
46244  -24.388  -42.158  49.628 0.0000000000
45048  -24.399  -42.561  48.076 0.0000000000
46265  -24.007  -41.941  47.946 0.0000000000
45047  -23.817  -42.481  47.430 0.0000000000
45059  -23.138  -42.297  46.824 0.0000000000
43909  -23.451  -43.303  47.032 0.0000000000
41590  -24.206  -45.347  47.990 0.0000000000
41605  -23.398  -44.919  47.652 0.0000000000
42736  -29.184  -44.226  49.710 0.0000000000
42726  -29.054  -44.013  50.349 0.0000000000
42737  -29.843  -44.655  49.467 0.0000000000
40439  -31.281  -46.661  49.521 0.0000000000
41578  -31.343  -46.191  49.982 0.0000000000
40425  -31.470  -46.859  50.432 0.0000000000
40414  -31.464  -46.989  51.368 0.0000000000
39334  -31.290  -47.400  49.950 0.0000000000
51184  -33.101  -37.259  35.785 0.0000000000
51185  -34.105  -37.423  35.513 0.0000000000
51186  -34.871  -37.234  35.557 0.0000000000
49987  -35.896  -38.490  37.691 0.0000000000
51147  -34.243  -37.390  39.460 0.0000000000
49974  -34.625  -38.033  38.929 0.0000000000
51153  -34.796  -37.173  37.719 0.0000000000
52350  -34.507  -36.572  39.112 0.0000000000
54888  -34.246  -34.555  41.030 0.0000000000
48705  -34.650  -39.927  49.219 0.0000000000
48724  -34.527  -40.022  48.109 0.0000000000
47578  -35.307  -40.477  45.827 0.0000000000
48768  -34.618  -39.892  46.186 0.0000000000
48785  -34.586  -39.943  45.180 0.0000000000
48796  -33.801  -39.491  44.424 0.0000000000
48809  -34.541  -40.396  43.524 0.0000000000
45128  -36.356  -43.097  43.028 0.0000000000
46339  -35.703  -42.297  43.262 0.0000000000
45127  -35.718  -42.869  42.654 0.0000000000
45155  -33.925  -43.038  40.015 0.0000000000
46353  -34.212  -42.029  41.072 0.0000000000
46367  -33.525  -41.846  40.386 0.0000000000
47644  -33.861  -41.112  41.400 0.0000000000
46366  -32.514  -41.394  39.907 0.0000000000
46379  -32.887  -42.292  39.577 0.0000000000
44048  -31.598  -43.729  37.997 0.0000000000
44067  -31.045  -43.627  37.232 0.0000000000
45233  -30.517  -42.834  36.361 0.0000000000
45253  -30.149  -42.305  35.600 0.0000000000
45254  -30.628  -42.973  35.180 0.0000000000
44123  -31.133  -42.981  33.573 0.0000000000
45291  -30.680  -42.494  33.471 0.0000000000
46497  -30.395  -41.893  32.971 0.0000000000
46480  -30.879  -41.930  33.439 0.0000000000
45213  -33.165  -42.718  36.845 0.0000000000
45234  -32.772  -43.082  36.038 0.0000000000
46430  -32.572  -42.156  36.616 0.0000000000
48911  -31.361  -40.218  36.237 0.0000000000
47725  -31.294  -40.915  35.512 0.0000000000
48929  -30.422  -40.293  34.544 0.0000000000
48909  -30.186  -39.644  34.861 0.0000000000
50027  -30.292  -38.919  35.431 0.0000000000
51164  -31.413  -37.972  36.194 0.0000000000
51163  -30.652  -38.155  35.821 0.0000000000
52364  -30.540  -36.628  35.243 0.0000000000
75655  -49.336  -18.000  36.466 0.0000000000
75693  -49.438  -17.203  35.308 0.0000000000
76906  -49.199  -16.786  34.010 0.0000000000
47396  -20.833  -40.249  57.555 0.0000000000
47376  -21.317  -40.731  58.001 0.0000000000
46159  -22.688  -42.163  56.508 0.0000000000
46169  -22.666  -41.712  55.432 0.0000000000
46179  -23.327  -42.081  54.724 0.0000000000
43786  -24.493  -43.176  57.364 0.0000000000
44932  -23.844  -43.035  57.615 0.0000000000
44969  -23.935  -42.530  53.760 0.0000000000
44979  -24.004  -42.455  53.162 0.0000000000
44995  -24.157  -42.309  52.283 0.0000000000
44980  -24.605  -42.774  52.836 0.0000000000
43867  -26.239  -43.883  52.365 0.0000000000
43865  -25.227  -43.003  51.893 0.0000000000
43866  -25.751  -43.469  51.724 0.0000000000
43878  -25.854  -43.757  50.598 0.0000000000
42723  -26.426  -44.214  51.257 0.0000000000
53660  -32.925  -35.559  34.300 0.0000000000
54999  -34.412  -34.741  33.361 0.0000000000
54998  -33.531  -34.625  33.352 0.0000000000
56316  -35.656  -34.106  36.287 0.0000000000
56370  -36.346  -33.331  33.483 0.0000000000
54938  -39.239  -34.018  37.831 0.0000000000
56305  -39.734  -33.758  37.636 0.0000000000
56293  -41.388  -34.016  39.005 0.0000000000
57608  -42.336  -33.472  38.430 0.0000000000
56276  -43.744  -32.850  40.114 0.0000000000
50916  -25.413  -37.177  54.769 0.0000000000
49767  -24.828  -38.481  55.008 0.0000000000
48657  -25.194  -39.218  53.036 0.0000000000
48671  -25.394  -39.297  51.941 0.0000000000
47476  -25.852  -40.750  51.989 0.0000000000
47503  -25.626  -39.662  51.395 0.0000000000
49827  -27.994  -38.046  50.386 0.0000000000
49845  -27.375  -38.540  49.891 0.0000000000
46245  -26.499  -40.906  49.518 0.0000000000
45014  -26.630  -41.507  49.875 0.0000000000
45029  -26.749  -41.708  49.231 0.0000000000
43890  -27.822  -43.258  49.494 0.0000000000
45030  -27.196  -42.553  48.920 0.0000000000
43927  -28.275  -42.984  46.530 0.0000000000
43911  -27.815  -42.970  47.397 0.0000000000
42770  -30.135  -44.427  47.187 0.0000000000
43928  -29.573  -43.805  46.535 0.0000000000
48744  -32.977  -39.309  47.800 0.0000000000
48743  -32.365  -39.177  48.037 0.0000000000
48765  -32.339  -39.014  47.342 0.0000000000
48781  -30.075  -38.797  45.116 0.0000000000
48764  -30.089  -38.756  45.981 0.0000000000
48763  -29.403  -39.053  46.245 0.0000000000
48780  -29.337  -39.034  45.325 0.0000000000
47628  -30.127  -40.326  41.633 0.0000000000
48817  -30.177  -39.527  42.227 0.0000000000
47627  -29.602  -40.580  42.184 0.0000000000
46322  -28.975  -41.434  43.262 0.0000000000
47626  -29.041  -40.487  42.836 0.0000000000
47610  -27.934  -40.342  44.468 0.0000000000
46310  -28.279  -41.274  43.997 0.0000000000
43958  -29.989  -43.542  44.045 0.0000000000
43957  -30.004  -43.284  44.523 0.0000000000
43942  -30.256  -43.831  44.937 0.0000000000
42789  -30.179  -44.569  45.580 0.0000000000
42809  -30.134  -44.216  44.640 0.0000000000
47373  -16.274  -40.629  57.402 0.0000000000
52107  -26.108  -35.869  57.202 0.0000000000
52127  -25.797  -36.388  56.201 0.0000000000
53337  -26.538  -35.896  56.503 0.0000000000
52131  -29.570  -35.991  55.538 0.0000000000
52133  -31.505  -36.424  55.760 0.0000000000
52119  -31.255  -35.940  56.298 0.0000000000
50902  -31.200  -36.603  55.335 0.0000000000
52148  -30.294  -36.635  54.443 0.0000000000
50919  -31.017  -36.771  54.847 0.0000000000
50942  -30.640  -37.010  53.814 0.0000000000
50920  -31.639  -36.921  54.533 0.0000000000
50944  -32.791  -37.490  53.540 0.0000000000
49792  -34.907  -38.354  52.179 0.0000000000
49812  -35.480  -38.537  51.756 0.0000000000
48672  -35.109  -39.162  50.862 0.0000000000
48692  -35.969  -38.966  50.980 0.0000000000
48707  -36.254  -39.527  49.904 0.0000000000
48725  -36.771  -39.726  49.018 0.0000000000
47544  -37.029  -40.041  48.509 0.0000000000
48802  -40.409  -40.109  44.658 0.0000000000
51083  -39.457  -37.474  45.496 0.0000000000
49915  -38.219  -37.930  45.207 0.0000000000
52266  -38.999  -36.520  45.601 0.0000000000
56171  -38.934  -33.439  45.452 0.0000000000
54830  -38.121  -34.895  45.359 0.0000000000
54849  -37.484  -34.529  45.014 0.0000000000
53543  -36.724  -35.443  44.783 0.0000000000
56193  -37.378  -33.516  44.559 0.0000000000
60189  -37.413  -30.989  43.440 0.0000000000
58791  -38.116  -31.292  44.110 0.0000000000
58790  -37.383  -31.512  43.800 0.0000000000
57482  -36.526  -32.983  43.821 0.0000000000
57499  -36.200  -32.487  43.321 0.0000000000
57498  -35.617  -32.901  42.937 0.0000000000
57520  -35.906  -32.022  42.774 0.0000000000
60215  -35.703  -30.730  41.407 0.0000000000
58825  -35.561  -31.434  41.820 0.0000000000
58842  -35.312  -31.085  41.140 0.0000000000
58841  -34.823  -31.282  40.451 0.0000000000
61692  -36.367  -28.930  40.287 0.0000000000
63047  -35.847  -28.488  39.266 0.0000000000
61718  -34.722  -29.569  37.771 0.0000000000
61704  -34.880  -29.526  38.349 0.0000000000
60284  -34.670  -30.485  37.393 0.0000000000
58891  -34.868  -31.226  37.386 0.0000000000
60285  -34.966  -31.015  37.034 0.0000000000
61760  -35.732  -29.428  35.543 0.0000000000
60308  -36.214  -30.627  36.108 0.0000000000
60309  -37.224  -30.418  36.025 0.0000000000
58911  -37.564  -31.205  36.674 0.0000000000
61737  -37.435  -29.735  35.771 0.0000000000
66528  -36.648  -25.767  35.375 0.0000000000
66529  -37.594  -25.953  35.189 0.0000000000
63110  -39.237  -28.143  35.713 0.0000000000
63089  -39.321  -28.892  36.174 0.0000000000
61739  -39.007  -29.802  36.578 0.0000000000
61721  -40.207  -29.777  37.102 0.0000000000
60289  -40.815  -30.531  38.181 0.0000000000
61722  -40.981  -29.882  37.853 0.0000000000
61706  -41.642  -29.653  38.272 0.0000000000
61707  -42.341  -29.877  38.652 0.0000000000
60250  -43.440  -30.659  39.672 0.0000000000
61708  -43.162  -29.245  39.078 0.0000000000
68642  -41.416  -22.875  39.094 0.0000000000
68625  -41.282  -22.744  39.947 0.0000000000
68656  -40.527  -23.451  37.525 0.0000000000
69815  -43.906  -22.409  38.142 0.0000000000
67561  -43.302  -25.004  37.035 0.0000000000
67560  -42.818  -25.229  36.924 0.0000000000
66514  -42.486  -25.745  36.862 0.0000000000
65398  -42.206  -26.788  37.403 0.0000000000
65399  -43.013  -26.461  37.718 0.0000000000
64252  -44.489  -27.645  39.737 0.0000000000
63049  -44.343  -28.484  40.163 0.0000000000
61695  -44.794  -29.122  40.726 0.0000000000
61681  -45.740  -28.872  41.180 0.0000000000
61696  -45.976  -29.106  40.043 0.0000000000
60271  -45.808  -30.195  39.223 0.0000000000
65402  -45.537  -26.445  37.695 0.0000000000
64268  -45.319  -27.296  38.411 0.0000000000
64281  -45.239  -27.201  37.758 0.0000000000
63092  -43.998  -28.986  36.784 0.0000000000
60290  -44.966  -30.065  37.324 0.0000000000
72267  -48.218  -20.565  37.497 0.0000000000
71029  -47.448  -21.461  37.094 0.0000000000
72266  -47.759  -20.637  37.084 0.0000000000
71045  -45.661  -21.829  35.706 0.0000000000
68700  -45.247  -23.655  35.540 0.0000000000
69864  -44.450  -22.766  35.328 0.0000000000
73426  -44.336  -19.682  33.789 0.0000000000
72291  -43.634  -20.901  34.296 0.0000000000
69885  -42.678  -22.443  34.307 0.0000000000
67611  -43.366  -24.016  34.991 0.0000000000
46185  -16.465  -41.586  53.902 0.0000000000
46224  -16.460  -41.344  50.723 0.0000000000
46208  -15.728  -41.713  51.329 0.0000000000
46239  -15.682  -41.467  49.294 0.0000000000
47552  -16.839  -40.639  47.228 0.0000000000
47551  -16.114  -40.750  47.173 0.0000000000
47588  -16.318  -40.851  45.563 0.0000000000
47438  -20.729  -39.798  55.355 0.0000000000
47485  -21.015  -39.704  51.410 0.0000000000
47498  -19.209  -39.897  50.873 0.0000000000
47499  -20.176  -39.679  50.735 0.0000000000
47518  -22.809  -40.679  49.551 0.0000000000
47501  -22.052  -40.275  50.106 0.0000000000
47517  -21.986  -40.207  49.129 0.0000000000
48737  -20.730  -39.822  47.665 0.0000000000
48717  -21.185  -39.840  48.665 0.0000000000
48715  -19.586  -39.766  48.750 0.0000000000
48736  -19.593  -39.756  47.859 0.0000000000
48735  -19.034  -39.876  47.356 0.0000000000
48758  -19.429  -39.782  46.977 0.0000000000
42755  -21.938  -44.387  47.117 0.0000000000
42768  -21.171  -43.926  46.762 0.0000000000
47441  -25.340  -40.406  54.468 0.0000000000
47420  -25.506  -40.639  55.479 0.0000000000
46180  -25.951  -41.260  54.788 0.0000000000
44962  -27.940  -42.694  54.662 0.0000000000
44963  -28.313  -43.329  54.721 0.0000000000
43806  -28.015  -43.497  55.168 0.0000000000
43822  -28.487  -43.878  54.846 0.0000000000
42715  -29.953  -44.552  51.983 0.0000000000
43870  -29.472  -44.073  52.637 0.0000000000
42701  -30.140  -44.513  52.990 0.0000000000
41531  -29.103  -45.427  53.377 0.0000000000
42686  -29.238  -44.926  53.964 0.0000000000
42725  -27.677  -45.445  51.317 0.0000000000
41563  -27.731  -45.826  50.780 0.0000000000
41562  -27.305  -45.512  50.418 0.0000000000
41576  -27.417  -46.005  50.176 0.0000000000
38226  -30.183  -49.133  50.486 0.0000000000
37078  -29.836  -49.708  50.886 0.0000000000
37060  -29.496  -49.809  51.304 0.0000000000
37077  -28.749  -49.214  51.242 0.0000000000
38225  -28.938  -48.509  51.105 0.0000000000
38239  -26.913  -47.992  49.868 0.0000000000
39313  -27.276  -47.774  49.900 0.0000000000
39330  -26.753  -47.368  49.626 0.0000000000
39329  -25.756  -47.373  49.285 0.0000000000
48839  -37.709  -40.362  40.868 0.0000000000
48838  -37.263  -39.920  40.685 0.0000000000
48823  -37.511  -39.976  42.253 0.0000000000
48810  -36.791  -39.205  43.609 0.0000000000
48798  -36.829  -38.878  44.100 0.0000000000
45131  -39.189  -42.186  43.211 0.0000000000
45130  -38.627  -42.494  42.787 0.0000000000
46341  -39.014  -41.807  42.768 0.0000000000
46356  -38.008  -42.103  41.387 0.0000000000
46369  -37.385  -42.039  40.635 0.0000000000
46382  -36.611  -42.010  39.770 0.0000000000
47662  -38.057  -41.159  40.988 0.0000000000
47661  -37.829  -40.922  40.656 0.0000000000
57590  -44.399  -33.077  39.543 0.0000000000
57591  -45.743  -32.833  39.235 0.0000000000
57572  -47.697  -32.479  39.458 0.0000000000
57554  -48.302  -32.132  39.751 0.0000000000
57553  -47.706  -32.276  40.275 0.0000000000
58847  -47.764  -31.576  40.980 0.0000000000
60234  -48.069  -30.976  41.054 0.0000000000
47357  -25.537  -41.393  57.964 0.0000000000
48599  -25.373  -40.665  57.857 0.0000000000
56368  -32.063  -33.812  33.096 0.0000000000
53610  -35.917  -35.089  39.529 0.0000000000
53611  -36.667  -35.033  39.739 0.0000000000
53612  -37.049  -34.970  39.797 0.0000000000
56269  -36.680  -34.058  39.410 0.0000000000
57583  -36.313  -32.705  38.118 0.0000000000
50991  -31.945  -37.956  51.592 0.0000000000
51013  -30.817  -37.877  50.932 0.0000000000
51014  -31.406  -38.059  50.837 0.0000000000
49868  -30.970  -38.674  48.671 0.0000000000
45188  -30.476  -42.986  38.271 0.0000000000
45186  -29.270  -41.820  38.550 0.0000000000
47684  -28.487  -40.714  38.295 0.0000000000
47695  -28.104  -40.240  37.892 0.0000000000
52374  -29.382  -36.690  34.263 0.0000000000
53673  -28.623  -35.591  33.490 0.0000000000
70942  -47.497  -21.746  40.272 0.0000000000
69775  -46.825  -21.822  39.918 0.0000000000
70966  -47.291  -21.757  39.375 0.0000000000
69795  -47.023  -22.293  38.083 0.0000000000
69818  -46.608  -22.784  37.558 0.0000000000
68662  -46.804  -23.454  37.150 0.0000000000
68680  -47.144  -23.196  36.989 0.0000000000
48606  -17.946  -39.775  56.395 0.0000000000
47395  -17.727  -40.163  55.690 0.0000000000
48616  -18.168  -40.028  55.671 0.0000000000
48617  -18.859  -39.912  55.534 0.0000000000
48629  -19.141  -39.973  54.647 0.0000000000
45027  -25.086  -42.835  49.906 0.0000000000
43888  -25.179  -43.260  49.052 0.0000000000
43897  -24.759  -43.426  48.270 0.0000000000
40450  -24.657  -46.277  48.457 0.0000000000
42745  -30.026  -44.554  48.483 0.0000000000
42738  -30.463  -45.134  48.959 0.0000000000
41592  -30.960  -45.557  48.482 0.0000000000
41609  -31.160  -45.928  48.229 0.0000000000
40454  -31.066  -46.437  48.598 0.0000000000
51165  -32.441  -37.909  36.346 0.0000000000
51166  -33.559  -37.980  36.287 0.0000000000
50009  -35.851  -38.580  36.934 0.0000000000
49962  -34.679  -38.446  41.741 0.0000000000
49966  -34.601  -38.483  40.650 0.0000000000
52333  -33.889  -36.595  41.240 0.0000000000
53599  -33.933  -36.197  40.528 0.0000000000
53589  -34.081  -35.626  41.522 0.0000000000
47542  -35.826  -40.625  48.203 0.0000000000
47541  -35.222  -40.465  47.712 0.0000000000
47562  -35.880  -40.895  47.313 0.0000000000
47612  -35.595  -41.199  44.492 0.0000000000
44008  -35.087  -43.808  40.421 0.0000000000
43998  -35.307  -43.322  41.273 0.0000000000
44026  -34.050  -44.079  39.363 0.0000000000
44025  -33.162  -43.627  39.022 0.0000000000
44049  -32.803  -43.966  38.299 0.0000000000
44079  -31.846  -44.141  36.377 0.0000000000
44092  -31.219  -43.371  34.774 0.0000000000
44093  -32.039  -43.927  35.418 0.0000000000
44109  -31.629  -43.269  34.533 0.0000000000
45274  -31.637  -42.811  34.279 0.0000000000
47685  -34.051  -41.661  38.119 0.0000000000
47714  -32.302  -41.534  36.675 0.0000000000
47699  -32.710  -41.172  37.349 0.0000000000
47698  -32.265  -40.501  37.092 0.0000000000
48890  -31.254  -39.475  36.399 0.0000000000
46146  -21.865  -41.455  57.957 0.0000000000
46147  -22.570  -42.128  57.438 0.0000000000
44931  -23.242  -42.610  57.046 0.0000000000
43788  -25.984  -43.487  56.470 0.0000000000
44940  -24.693  -43.316  56.219 0.0000000000
43802  -25.221  -43.548  55.651 0.0000000000
43818  -25.147  -43.391  54.391 0.0000000000
43834  -25.115  -43.266  53.346 0.0000000000
43849  -25.741  -43.551  52.800 0.0000000000
53661  -34.114  -35.808  34.107 0.0000000000
53678  -34.662  -35.280  33.826 0.0000000000
53679  -35.147  -35.157  34.255 0.0000000000
56317  -36.321  -33.734  36.343 0.0000000000
56348  -35.947  -33.856  34.901 0.0000000000
56332  -36.512  -33.558  35.526 0.0000000000
54913  -40.256  -34.070  39.209 0.0000000000
56291  -40.189  -33.820  38.384 0.0000000000
54914  -40.857  -34.040  39.158 0.0000000000
56294  -42.318  -33.677  39.233 0.0000000000
57566  -42.082  -32.701  39.540 0.0000000000
58861  -41.666  -31.721  39.113 0.0000000000
50937  -25.866  -37.488  53.596 0.0000000000
50938  -26.743  -37.170  53.485 0.0000000000
49790  -26.228  -37.742  52.463 0.0000000000
49807  -26.427  -37.922  51.793 0.0000000000
48719  -27.626  -39.163  48.746 0.0000000000
48702  -27.333  -38.937  49.360 0.0000000000
47560  -27.142  -39.812  48.277 0.0000000000
47559  -26.797  -40.508  47.993 0.0000000000
46266  -26.652  -41.297  47.698 0.0000000000
45039  -26.805  -41.901  48.302 0.0000000000
45049  -26.913  -42.021  47.475 0.0000000000
45061  -27.435  -42.293  46.555 0.0000000000
45062  -27.848  -42.520  46.105 0.0000000000
48783  -32.852  -38.969  45.786 0.0000000000
49900  -32.358  -38.760  46.103 0.0000000000
49913  -31.847  -38.684  45.495 0.0000000000
49932  -30.700  -38.740  44.547 0.0000000000
49946  -29.963  -38.795  44.024 0.0000000000
46351  -29.866  -41.725  41.720 0.0000000000
46336  -29.672  -41.639  42.188 0.0000000000
46323  -29.570  -42.003  42.896 0.0000000000
45108  -29.450  -42.398  43.572 0.0000000000
46478  -29.355  -41.392  32.648 0.0000000000
53318  -27.406  -35.523  56.999 0.0000000000
53319  -28.244  -35.402  57.191 0.0000000000
50904  -32.190  -36.733  55.027 0.0000000000
52149  -32.793  -36.608  55.122 0.0000000000
54832  -40.137  -34.613  45.891 0.0000000000
53523  -39.533  -35.578  45.759 0.0000000000
56172  -39.728  -33.553  45.669 0.0000000000
57466  -39.273  -32.561  45.319 0.0000000000
60201  -37.907  -29.977  42.954 0.0000000000
60200  -37.150  -30.622  42.970 0.0000000000
60199  -36.478  -30.842  42.510 0.0000000000
61647  -36.735  -30.332  42.337 0.0000000000
60230  -36.093  -30.204  41.332 0.0000000000
65385  -35.234  -26.504  38.638 0.0000000000
63075  -34.952  -28.680  37.478 0.0000000000
63086  -34.660  -29.182  36.979 0.0000000000
61736  -34.777  -29.613  36.606 0.0000000000
63087  -34.821  -28.735  36.431 0.0000000000
63106  -35.287  -28.666  35.610 0.0000000000
63107  -36.135  -28.640  35.184 0.0000000000
67592  -38.744  -24.960  35.677 0.0000000000
66530  -38.418  -25.774  35.362 0.0000000000
65426  -39.028  -26.557  35.461 0.0000000000
64311  -39.675  -27.348  35.750 0.0000000000
64290  -39.821  -28.162  36.102 0.0000000000
63076  -40.726  -28.993  37.419 0.0000000000
64276  -40.887  -28.083  37.214 0.0000000000
64277  -41.699  -27.469  37.471 0.0000000000
69753  -42.182  -22.625  41.279 0.0000000000
69789  -41.979  -22.683  39.710 0.0000000000
69813  -42.175  -22.701  38.900 0.0000000000
68678  -44.145  -23.328  37.176 0.0000000000
67580  -44.079  -23.757  37.006 0.0000000000
66500  -43.819  -25.748  37.487 0.0000000000
65386  -43.613  -26.788  38.452 0.0000000000
65387  -44.254  -27.000  39.020 0.0000000000
65375  -44.555  -27.302  39.399 0.0000000000
64253  -45.313  -27.632  39.955 0.0000000000
63034  -45.735  -28.261  40.544 0.0000000000
64238  -45.710  -27.913  40.153 0.0000000000
64239  -45.806  -27.941  39.930 0.0000000000
63051  -45.678  -28.300  39.703 0.0000000000
65414  -45.069  -26.377  36.561 0.0000000000
64280  -44.645  -27.574  37.412 0.0000000000
64294  -44.448  -27.221  36.842 0.0000000000
64279  -44.001  -28.003  36.995 0.0000000000
63091  -43.754  -28.548  36.518 0.0000000000
73385  -47.432  -19.996  36.536 0.0000000000
72265  -46.937  -20.808  36.480 0.0000000000
73384  -46.919  -20.217  36.325 0.0000000000
72279  -45.767  -20.677  35.540 0.0000000000
72278  -44.988  -21.204  35.291 0.0000000000
72303  -42.771  -20.879  32.964 0.0000000000
71088  -43.014  -21.113  33.776 0.0000000000
46210  -17.167  -41.102  52.298 0.0000000000
46240  -16.377  -41.264  49.796 0.0000000000
46252  -16.496  -41.031  48.978 0.0000000000
47532  -16.756  -40.685  48.122 0.0000000000
47457  -21.532  -40.122  53.571 0.0000000000
48670  -21.437  -39.853  50.961 0.0000000000
47558  -22.378  -40.608  47.672 0.0000000000
47536  -21.876  -40.176  48.214 0.0000000000
47556  -20.994  -40.155  46.992 0.0000000000
47572  -19.754  -39.949  46.209 0.0000000000
45084  -19.134  -42.074  44.596 0.0000000000
43951  -19.434  -42.627  44.999 0.0000000000
43938  -19.807  -43.132  45.532 0.0000000000
43921  -19.912  -43.818  46.222 0.0000000000
46190  -26.528  -41.593  54.073 0.0000000000
46201  -27.042  -42.053  53.433 0.0000000000
44971  -27.709  -42.489  53.889 0.0000000000
44972  -28.367  -42.981  53.807 0.0000000000
41557  -31.202  -46.407  51.919 0.0000000000
42688  -30.394  -45.061  53.117 0.0000000000
41545  -30.569  -45.912  52.685 0.0000000000
41544  -29.698  -45.966  52.885 0.0000000000
41543  -29.011  -45.854  52.522 0.0000000000
41542  -28.263  -45.491  52.267 0.0000000000
41555  -28.660  -45.965  51.870 0.0000000000
40411  -28.611  -46.256  51.470 0.0000000000
40423  -28.448  -46.671  50.883 0.0000000000
37076  -28.000  -49.505  51.131 0.0000000000
47702  -35.686  -39.647  37.780 0.0000000000
48876  -36.170  -39.245  37.610 0.0000000000
48858  -36.272  -39.598  38.277 0.0000000000
49971  -36.334  -39.314  39.572 0.0000000000
48829  -36.066  -39.320  41.694 0.0000000000
49967  -35.403  -39.010  41.097 0.0000000000
49957  -35.039  -38.361  42.472 0.0000000000
51113  -35.045  -37.120  43.215 0.0000000000
52296  -35.284  -36.445  43.540 0.0000000000
46296  -37.537  -41.712  45.602 0.0000000000
45073  -36.928  -42.108  45.122 0.0000000000
45074  -37.232  -42.146  45.096 0.0000000000
45111  -36.973  -43.008  43.623 0.0000000000
43989  -36.756  -43.418  42.558 0.0000000000
43990  -37.322  -43.492  42.014 0.0000000000
44000  -36.572  -43.582  41.470 0.0000000000
44009  -35.969  -43.845  40.709 0.0000000000
42843  -35.719  -44.137  40.061 0.0000000000
42876  -35.319  -44.437  38.901 0.0000000000
44071  -34.278  -44.007  37.799 0.0000000000
44081  -33.501  -43.851  36.619 0.0000000000
44051  -34.671  -43.896  38.176 0.0000000000
45215  -34.299  -43.383  37.736 0.0000000000
46395  -34.301  -42.304  38.147 0.0000000000
46381  -35.809  -42.320  39.329 0.0000000000
46396  -35.139  -41.952  38.888 0.0000000000
47686  -34.611  -41.119  38.459 0.0000000000
58865  -48.859  -31.593  39.308 0.0000000000
46116  -23.806  -41.706  59.530 0.0000000000
44926  -24.495  -42.511  58.781 0.0000000000
43756  -24.879  -42.898  58.216 0.0000000000
43757  -25.479  -42.983  57.967 0.0000000000
46135  -25.584  -42.039  58.245 0.0000000000
44933  -25.940  -42.687  57.802 0.0000000000
43772  -25.863  -43.211  57.351 0.0000000000
43789  -26.772  -43.342  56.158 0.0000000000
43804  -27.184  -43.521  55.508 0.0000000000
53646  -35.047  -35.606  35.746 0.0000000000
54947  -34.784  -35.290  37.199 0.0000000000
54948  -35.162  -34.683  36.824 0.0000000000
54923  -35.970  -35.069  38.764 0.0000000000
54949  -36.209  -34.095  37.072 0.0000000000
56319  -38.361  -33.524  36.438 0.0000000000
54937  -38.684  -34.242  37.869 0.0000000000
54912  -39.320  -34.321  39.256 0.0000000000
54911  -38.354  -34.583  39.349 0.0000000000
56271  -38.263  -34.032  39.526 0.0000000000
56272  -39.097  -34.071  39.532 0.0000000000
58876  -38.986  -31.986  37.935 0.0000000000
50964  -28.794  -37.325  52.710 0.0000000000
50988  -28.852  -37.639  51.980 0.0000000000
51011  -28.890  -37.851  51.136 0.0000000000
49828  -28.954  -38.073  50.275 0.0000000000
49829  -29.911  -38.199  50.265 0.0000000000
49847  -29.078  -38.334  49.491 0.0000000000
49865  -28.442  -38.671  48.926 0.0000000000
48720  -28.368  -38.993  48.382 0.0000000000
48835  -31.744  -40.112  40.714 0.0000000000
48827  -31.585  -39.614  41.349 0.0000000000
48834  -31.066  -40.027  40.813 0.0000000000
47642  -30.472  -40.705  40.942 0.0000000000
46352  -30.060  -41.796  41.189 0.0000000000
45140  -29.542  -42.694  41.061 0.0000000000
43997  -29.482  -42.840  41.468 0.0000000000
43996  -29.247  -43.020  41.309 0.0000000000
43995  -28.845  -43.202  41.661 0.0000000000
44005  -28.906  -43.023  41.060 0.0000000000
45151  -28.016  -41.913  40.728 0.0000000000
46362  -27.338  -41.383  40.633 0.0000000000
48966  -29.131  -39.767  31.903 0.0000000000
50081  -28.580  -38.532  31.932 0.0000000000
51242  -27.897  -37.569  31.732 0.0000000000
52385  -28.403  -36.558  33.151 0.0000000000
51218  -28.352  -37.485  32.588 0.0000000000
66498  -34.964  -25.324  37.404 0.0000000000
66511  -35.250  -25.555  36.475 0.0000000000
66527  -35.665  -25.953  35.628 0.0000000000
67590  -36.696  -25.037  35.900 0.0000000000
68653  -37.458  -24.155  37.527 0.0000000000
67558  -37.703  -24.237  36.971 0.0000000000
67574  -38.159  -24.483  36.253 0.0000000000
67593  -39.689  -24.927  35.702 0.0000000000
67576  -40.094  -24.436  36.138 0.0000000000
69730  -44.935  -22.459  42.272 0.0000000000
69755  -44.253  -22.409  41.247 0.0000000000
69773  -44.602  -22.273  40.088 0.0000000000
69792  -44.799  -22.207  38.904 0.0000000000
69793  -45.861  -22.125  38.521 0.0000000000
69816  -44.892  -22.466  37.861 0.0000000000
68660  -44.894  -23.482  37.304 0.0000000000
65415  -45.590  -26.358  37.021 0.0000000000
66517  -46.199  -24.954  36.853 0.0000000000
66516  -45.795  -25.559  36.724 0.0000000000
66515  -45.323  -25.905  36.399 0.0000000000
66536  -44.790  -25.683  35.968 0.0000000000
74543  -46.830  -18.175  34.496 0.0000000000
74542  -45.845  -18.683  34.245 0.0000000000
73427  -45.142  -19.023  33.884 0.0000000000
73425  -43.864  -19.900  33.436 0.0000000000
46177  -16.908  -41.015  54.560 0.0000000000
46186  -17.018  -41.176  54.147 0.0000000000
47453  -17.671  -40.848  53.805 0.0000000000
47482  -17.978  -40.559  51.948 0.0000000000
47497  -18.357  -40.439  50.955 0.0000000000
47487  -22.710  -40.868  51.397 0.0000000000
46211  -23.235  -41.299  51.060 0.0000000000
46242  -23.278  -41.015  49.622 0.0000000000
47538  -23.155  -41.006  48.873 0.0000000000
46256  -24.205  -41.976  48.705 0.0000000000
46255  -23.580  -41.489  48.394 0.0000000000
46254  -22.947  -41.114  48.038 0.0000000000
46263  -22.745  -41.229  47.240 0.0000000000
43924  -22.115  -43.045  46.490 0.0000000000
43908  -22.567  -43.660  46.733 0.0000000000
43879  -27.996  -43.212  50.661 0.0000000000
43868  -28.287  -43.277  51.496 0.0000000000
43880  -28.846  -43.702  50.996 0.0000000000
42716  -30.375  -45.156  51.255 0.0000000000
42728  -30.316  -45.199  50.057 0.0000000000
41564  -30.912  -45.724  50.581 0.0000000000
41556  -30.922  -45.744  51.685 0.0000000000
39303  -31.116  -47.707  51.616 0.0000000000
53658  -30.628  -35.759  34.677 0.0000000000
53644  -32.181  -35.951  35.040 0.0000000000
52376  -33.168  -36.263  34.816 0.0000000000
52367  -33.580  -36.777  35.127 0.0000000000
52362  -35.177  -36.650  35.981 0.0000000000
48895  -35.951  -39.070  37.008 0.0000000000
51151  -35.385  -38.073  37.923 0.0000000000
49969  -34.642  -38.293  39.585 0.0000000000
51154  -35.368  -37.667  37.308 0.0000000000
52357  -34.808  -36.686  37.309 0.0000000000
52361  -34.930  -36.435  36.650 0.0000000000
53625  -34.696  -35.811  37.948 0.0000000000
53618  -34.824  -35.886  38.764 0.0000000000
53609  -34.856  -35.489  39.585 0.0000000000
49833  -34.051  -39.111  50.466 0.0000000000
49851  -33.021  -39.111  49.438 0.0000000000
48704  -33.637  -39.432  49.240 0.0000000000
48723  -33.751  -39.580  48.434 0.0000000000
48746  -34.579  -39.952  47.159 0.0000000000
48767  -33.739  -39.486  46.502 0.0000000000
48795  -32.906  -39.015  44.746 0.0000000000
48807  -33.005  -39.103  43.703 0.0000000000
46311  -36.232  -41.726  44.900 0.0000000000
46326  -35.724  -41.831  43.857 0.0000000000
47620  -35.388  -41.223  43.799 0.0000000000
45126  -35.221  -42.454  42.017 0.0000000000
46354  -34.620  -41.791  41.793 0.0000000000
47618  -34.325  -40.470  42.911 0.0000000000
47630  -33.766  -40.256  42.288 0.0000000000
47643  -33.111  -40.184  41.687 0.0000000000
48828  -32.379  -39.957  41.203 0.0000000000
48836  -32.258  -40.315  40.703 0.0000000000
45168  -31.541  -42.590  38.825 0.0000000000
45190  -31.904  -43.294  38.462 0.0000000000
45189  -31.126  -43.185  38.500 0.0000000000
45212  -30.364  -42.810  37.413 0.0000000000
46428  -29.718  -41.706  36.191 0.0000000000
47723  -29.393  -41.277  35.746 0.0000000000
46446  -29.602  -41.670  35.107 0.0000000000
46463  -29.648  -41.888  34.013 0.0000000000
45273  -30.634  -42.905  34.196 0.0000000000
45290  -30.153  -42.363  33.692 0.0000000000
46479  -29.700  -41.936  33.163 0.0000000000
46496  -29.901  -41.725  32.645 0.0000000000
47778  -30.130  -41.407  32.676 0.0000000000
47755  -30.173  -40.869  32.860 0.0000000000
44080  -33.179  -43.704  36.050 0.0000000000
45256  -32.237  -42.943  35.041 0.0000000000
45255  -31.789  -42.496  34.736 0.0000000000
46429  -32.135  -41.819  36.190 0.0000000000
46448  -31.780  -41.930  35.361 0.0000000000
46464  -31.111  -41.611  34.092 0.0000000000
47738  -30.552  -40.934  33.671 0.0000000000
47737  -30.062  -40.493  33.337 0.0000000000
50045  -29.483  -39.050  33.891 0.0000000000
51180  -29.587  -38.468  34.525 0.0000000000
51181  -29.941  -37.908  35.219 0.0000000000
51199  -29.799  -37.092  34.765 0.0000000000
52375  -30.032  -36.407  34.712 0.0000000000
72252  -49.004  -20.307  38.612 0.0000000000
73368  -48.832  -20.118  37.798 0.0000000000
73387  -49.058  -19.258  37.363 0.0000000000
74511  -48.060  -19.298  36.508 0.0000000000
74528  -48.088  -18.457  35.921 0.0000000000
75677  -50.260  -17.121  36.302 0.0000000000
75676  -49.914  -17.261  35.824 0.0000000000
75675  -48.941  -17.694  35.724 0.0000000000
74544  -47.549  -18.101  35.158 0.0000000000
75691  -47.749  -17.622  34.495 0.0000000000
75704  -47.508  -17.524  33.801 0.0000000000
75715  -47.408  -17.458  33.008 0.0000000000
75716  -48.422  -17.194  32.613 0.0000000000
75732  -47.572  -17.627  31.966 0.0000000000
48597  -20.301  -40.015  58.158 0.0000000000
48608  -20.118  -39.740  57.154 0.0000000000
47418  -21.625  -40.515  55.919 0.0000000000
46168  -22.102  -41.167  55.800 0.0000000000
47440  -22.225  -40.762  54.420 0.0000000000
46187  -23.118  -41.246  52.993 0.0000000000
44938  -23.250  -42.405  56.094 0.0000000000
44950  -24.439  -43.136  55.775 0.0000000000
44949  -23.718  -42.608  55.422 0.0000000000
46170  -23.216  -42.165  55.291 0.0000000000
46188  -23.532  -42.047  53.676 0.0000000000
45011  -24.283  -42.220  51.477 0.0000000000
45012  -24.747  -42.539  50.909 0.0000000000
44997  -25.181  -42.918  51.446 0.0000000000
45028  -25.491  -43.362  50.213 0.0000000000
41607  -30.321  -45.722  47.115 0.0000000000
54977  -31.882  -35.008  34.119 0.0000000000
54997  -32.467  -34.463  33.476 0.0000000000
55016  -33.233  -34.140  32.965 0.0000000000
56392  -33.549  -33.644  32.530 0.0000000000
55000  -35.398  -34.575  33.690 0.0000000000
55001  -36.026  -33.976  33.845 0.0000000000
55019  -35.412  -34.156  33.160 0.0000000000
56306  -40.548  -33.597  37.923 0.0000000000
57589  -43.033  -33.386  39.146 0.0000000000
56296  -44.181  -33.036  40.127 0.0000000000
56277  -44.526  -32.666  40.334 0.0000000000
57549  -44.598  -32.066  40.533 0.0000000000
50900  -24.790  -37.842  55.928 0.0000000000
49756  -24.709  -38.656  56.060 0.0000000000
48643  -25.076  -39.364  54.136 0.0000000000
47459  -25.323  -40.170  53.504 0.0000000000
46213  -26.355  -41.281  51.718 0.0000000000
46230  -26.840  -41.904  51.300 0.0000000000
51009  -27.262  -37.659  51.497 0.0000000000
49825  -26.156  -38.611  51.130 0.0000000000
48701  -26.749  -39.166  49.726 0.0000000000
48688  -26.188  -39.187  50.522 0.0000000000
47504  -25.845  -40.020  50.883 0.0000000000
46229  -26.369  -41.111  50.581 0.0000000000
43900  -28.782  -43.920  48.785 0.0000000000
43901  -29.461  -44.283  48.490 0.0000000000
43913  -29.574  -44.193  47.805 0.0000000000
49870  -32.639  -39.156  48.894 0.0000000000
49869  -32.071  -38.993  48.531 0.0000000000
49883  -30.761  -38.739  47.600 0.0000000000
49899  -31.844  -38.718  46.543 0.0000000000
49898  -30.894  -38.717  46.686 0.0000000000
48741  -29.616  -38.883  47.148 0.0000000000
48762  -28.685  -39.307  46.621 0.0000000000
48778  -27.823  -39.674  45.969 0.0000000000
49955  -30.768  -38.922  42.767 0.0000000000
49954  -30.266  -39.086  42.800 0.0000000000
48805  -29.524  -39.208  43.454 0.0000000000
48815  -28.977  -39.772  43.192 0.0000000000
48804  -28.903  -39.450  43.784 0.0000000000
48791  -28.571  -39.503  44.567 0.0000000000
48790  -27.959  -39.741  45.132 0.0000000000
47609  -27.486  -40.381  45.323 0.0000000000
46293  -27.247  -41.265  45.647 0.0000000000
45085  -27.733  -41.907  45.223 0.0000000000
45071  -28.251  -42.547  45.577 0.0000000000
45087  -29.459  -42.704  44.429 0.0000000000
45072  -29.041  -42.780  45.124 0.0000000000
43929  -30.146  -44.052  45.749 0.0000000000
41641  -30.173  -45.108  45.755 0.0000000000
48988  -28.845  -40.007  31.416 0.0000000000
47613  -38.969  -40.385  43.859 0.0000000000
48800  -38.446  -39.603  44.154 0.0000000000
49938  -39.176  -38.996  44.745 0.0000000000
49917  -39.852  -38.444  45.222 0.0000000000
46157  -15.940  -41.226  56.805 0.0000000000
47374  -16.872  -40.327  56.795 0.0000000000
48594  -17.171  -39.867  57.491 0.0000000000
48583  -18.880  -39.507  58.822 0.0000000000
47354  -20.633  -40.479  59.201 0.0000000000
47334  -20.945  -40.983  59.852 0.0000000000
47335  -21.519  -41.249  59.515 0.0000000000
46114  -21.738  -41.378  59.934 0.0000000000
46096  -22.391  -41.128  60.297 0.0000000000
46097  -23.125  -41.220  59.913 0.0000000000
47319  -22.962  -40.420  60.239 0.0000000000
47336  -23.682  -40.698  59.748 0.0000000000
49742  -24.655  -39.012  58.007 0.0000000000
50888  -25.072  -36.973  57.220 0.0000000000
50887  -24.735  -37.819  56.644 0.0000000000
50901  -25.138  -37.002  56.035 0.0000000000
52143  -25.808  -36.553  55.614 0.0000000000
52144  -26.498  -36.354  55.204 0.0000000000
53338  -26.893  -35.733  56.483 0.0000000000
52160  -28.019  -36.564  54.232 0.0000000000
52161  -28.737  -36.636  54.092 0.0000000000
52147  -29.615  -36.389  54.707 0.0000000000
52162  -29.532  -36.699  53.966 0.0000000000
50941  -29.598  -36.985  53.394 0.0000000000
50967  -31.859  -37.657  52.714 0.0000000000
50992  -33.074  -37.937  51.741 0.0000000000
49810  -33.880  -38.566  51.374 0.0000000000
50946  -34.824  -37.723  53.114 0.0000000000
50969  -34.043  -38.106  52.306 0.0000000000
49791  -34.446  -38.449  51.812 0.0000000000
49834  -34.745  -39.150  50.776 0.0000000000
48690  -34.850  -39.508  50.293 0.0000000000
48706  -35.503  -39.856  49.802 0.0000000000
47523  -35.980  -40.115  49.447 0.0000000000
46268  -37.116  -41.125  47.024 0.0000000000
48747  -38.077  -39.767  47.699 0.0000000000
47580  -37.773  -40.803  46.859 0.0000000000
46282  -37.791  -41.205  46.357 0.0000000000
46283  -38.435  -41.122  46.032 0.0000000000
46297  -38.603  -41.537  45.378 0.0000000000
46314  -39.651  -41.491  44.190 0.0000000000
47614  -39.842  -40.733  44.288 0.0000000000
49937  -38.069  -38.552  44.759 0.0000000000
51100  -37.530  -37.536  45.172 0.0000000000
53522  -38.518  -35.580  45.521 0.0000000000
52265  -37.980  -36.506  45.500 0.0000000000
51099  -36.511  -37.303  44.609 0.0000000000
52280  -36.310  -36.349  44.454 0.0000000000
53542  -35.853  -35.502  44.083 0.0000000000
53541  -35.582  -35.260  43.767 0.0000000000
58775  -39.631  -31.510  44.917 0.0000000000
57485  -38.959  -32.031  44.873 0.0000000000
60172  -38.504  -31.028  44.154 0.0000000000
58774  -38.670  -31.580  44.460 0.0000000000
57484  -38.281  -32.601  44.735 0.0000000000
54858  -35.928  -34.224  43.774 0.0000000000
54857  -35.443  -34.179  43.311 0.0000000000
56231  -35.300  -33.390  42.794 0.0000000000
57518  -34.761  -32.976  41.836 0.0000000000
58803  -35.812  -31.702  42.459 0.0000000000
57540  -35.134  -31.998  41.658 0.0000000000
57539  -34.679  -32.457  41.203 0.0000000000
57548  -34.457  -32.382  39.997 0.0000000000
57562  -34.606  -32.322  39.040 0.0000000000
63032  -36.769  -28.504  40.604 0.0000000000
61678  -35.771  -29.764  40.370 0.0000000000
61705  -35.278  -29.267  38.860 0.0000000000
60267  -35.136  -29.850  39.416 0.0000000000
60246  -34.865  -30.556  39.670 0.0000000000
57581  -34.963  -32.442  38.430 0.0000000000
58875  -35.150  -32.104  37.894 0.0000000000
57603  -36.015  -32.397  37.713 0.0000000000
57604  -36.596  -32.362  37.675 0.0000000000
60307  -35.255  -30.443  36.471 0.0000000000
58893  -36.978  -31.811  37.128 0.0000000000
58894  -37.917  -31.678  37.238 0.0000000000
58895  -38.697  -31.231  37.324 0.0000000000
58896  -39.502  -31.304  37.797 0.0000000000
65423  -36.009  -26.731  35.174 0.0000000000
64308  -36.589  -27.684  34.943 0.0000000000
63108  -37.197  -28.587  35.246 0.0000000000
65425  -38.129  -26.669  35.133 0.0000000000
64309  -37.723  -27.652  35.054 0.0000000000
61762  -37.586  -29.246  35.614 0.0000000000
61738  -38.128  -29.684  36.020 0.0000000000
60311  -38.898  -30.357  36.872 0.0000000000
58897  -39.947  -31.370  38.194 0.0000000000
58878  -40.465  -31.555  38.593 0.0000000000
58879  -41.089  -31.515  38.822 0.0000000000
60248  -41.890  -31.005  38.852 0.0000000000
60270  -42.033  -30.631  38.740 0.0000000000
58862  -42.769  -31.700  39.614 0.0000000000
58863  -43.843  -31.522  40.025 0.0000000000
58864  -44.448  -31.188  40.388 0.0000000000
68674  -40.352  -23.899  36.610 0.0000000000
67577  -41.104  -24.584  36.041 0.0000000000
69772  -43.508  -22.423  40.282 0.0000000000
69790  -42.797  -22.538  39.482 0.0000000000
69814  -42.917  -22.583  38.477 0.0000000000
68677  -43.558  -23.305  37.087 0.0000000000
68676  -42.614  -23.357  36.871 0.0000000000
66533  -41.047  -25.583  35.847 0.0000000000
65411  -41.650  -26.449  36.657 0.0000000000
63078  -42.303  -27.896  38.074 0.0000000000
64265  -43.216  -27.478  38.556 0.0000000000
61694  -43.843  -29.427  39.852 0.0000000000
58844  -45.151  -31.101  40.765 0.0000000000
58827  -47.043  -30.915  41.407 0.0000000000
60217  -47.202  -30.640  41.319 0.0000000000
60233  -47.509  -30.653  41.115 0.0000000000
61682  -46.246  -28.880  40.810 0.0000000000
60253  -47.287  -30.555  40.506 0.0000000000
60272  -46.952  -30.624  39.484 0.0000000000
63067  -45.247  -28.232  38.794 0.0000000000
63066  -44.767  -28.595  38.097 0.0000000000
61709  -44.923  -29.036  38.494 0.0000000000
61724  -45.170  -29.764  38.318 0.0000000000
60291  -45.707  -30.400  37.846 0.0000000000
69838  -46.878  -22.697  36.600 0.0000000000
71046  -46.323  -21.471  36.105 0.0000000000
69866  -46.400  -22.675  36.127 0.0000000000
67597  -43.812  -24.813  35.345 0.0000000000
73413  -45.340  -19.731  34.850 0.0000000000
72293  -45.106  -20.487  35.133 0.0000000000
71068  -44.157  -21.793  34.929 0.0000000000
71067  -43.097  -21.799  34.332 0.0000000000
69887  -44.052  -22.421  35.123 0.0000000000
68721  -43.435  -23.470  34.982 0.0000000000
66535  -43.581  -25.765  35.469 0.0000000000
44959  -15.999  -41.992  54.648 0.0000000000
44968  -15.830  -41.965  53.700 0.0000000000
44978  -15.606  -41.891  52.879 0.0000000000
46261  -14.642  -41.382  47.043 0.0000000000
46251  -15.786  -40.945  48.197 0.0000000000
46262  -15.381  -41.098  47.175 0.0000000000
48618  -19.925  -39.672  56.028 0.0000000000
48642  -19.532  -39.854  54.276 0.0000000000
47471  -19.581  -39.840  52.724 0.0000000000
47515  -18.768  -40.182  50.069 0.0000000000
48686  -21.460  -39.976  50.485 0.0000000000
48685  -20.809  -39.757  50.265 0.0000000000
48699  -20.601  -39.708  49.431 0.0000000000
48684  -20.177  -39.661  49.987 0.0000000000
48698  -19.861  -39.663  49.367 0.0000000000
47535  -19.204  -39.964  49.333 0.0000000000
47554  -18.556  -40.155  48.019 0.0000000000
47570  -17.485  -40.456  46.452 0.0000000000
47590  -18.115  -40.509  45.505 0.0000000000
47589  -17.178  -40.735  45.555 0.0000000000
43923  -21.383  -43.210  46.393 0.0000000000
48620  -25.026  -39.805  56.202 0.0000000000
46181  -26.811  -41.855  55.087 0.0000000000
46172  -26.991  -42.322  56.016 0.0000000000
44942  -27.507  -43.145  55.742 0.0000000000
43805  -27.726  -43.413  55.329 0.0000000000
42671  -27.677  -44.000  54.751 0.0000000000
43869  -28.756  -43.586  52.112 0.0000000000
43851  -28.886  -43.619  53.202 0.0000000000
42687  -29.843  -44.748  53.742 0.0000000000
43838  -29.207  -44.235  54.275 0.0000000000
42673  -28.804  -44.404  54.408 0.0000000000
42672  -28.155  -44.205  54.614 0.0000000000
42684  -27.533  -44.213  54.301 0.0000000000
42699  -27.223  -44.463  53.423 0.0000000000
42713  -26.860  -44.517  52.245 0.0000000000
42714  -27.644  -45.187  51.868 0.0000000000
41574  -26.137  -45.511  49.126 0.0000000000
40453  -30.468  -46.673  48.397 0.0000000000
39349  -30.764  -47.145  49.002 0.0000000000
39348  -30.062  -47.348  48.911 0.0000000000
38242  -30.830  -48.103  49.869 0.0000000000
38227  -30.747  -48.652  50.492 0.0000000000
38208  -30.644  -48.657  51.207 0.0000000000
38207  -30.088  -48.901  51.498 0.0000000000
39300  -29.243  -47.847  51.258 0.0000000000
39315  -28.728  -47.733  50.779 0.0000000000
39314  -28.035  -47.595  50.129 0.0000000000
40437  -27.173  -46.533  49.737 0.0000000000
40451  -25.587  -46.369  48.785 0.0000000000
37079  -30.384  -49.198  50.888 0.0000000000
38228  -31.165  -48.029  50.313 0.0000000000
38243  -31.103  -47.815  49.909 0.0000000000
39287  -30.203  -47.475  51.965 0.0000000000
39289  -31.031  -47.255  52.098 0.0000000000
39316  -31.396  -47.584  50.787 0.0000000000
39332  -30.533  -47.700  49.451 0.0000000000
39333  -30.964  -47.557  49.575 0.0000000000
40402  -31.253  -46.990  52.066 0.0000000000
40467  -30.740  -46.152  47.800 0.0000000000
41533  -30.234  -45.268  53.333 0.0000000000
41546  -30.998  -46.538  52.279 0.0000000000
41593  -31.297  -46.058  48.989 0.0000000000
42735  -27.029  -45.170  50.305 0.0000000000
42758  -30.276  -44.565  47.759 0.0000000000
42759  -30.556  -44.815  47.382 0.0000000000
42842  -35.270  -44.269  39.691 0.0000000000
42862  -36.054  -44.122  39.996 0.0000000000
42875  -34.690  -44.291  38.434 0.0000000000
42885  -32.533  -44.372  36.667 0.0000000000
42886  -33.137  -44.346  36.909 0.0000000000
42888  -34.251  -44.162  37.988 0.0000000000
42897  -33.228  -44.221  36.438 0.0000000000
42907  -32.401  -44.155  35.702 0.0000000000
42909  -32.999  -44.313  35.891 0.0000000000
43770  -24.425  -43.133  58.014 0.0000000000
43771  -25.058  -43.146  57.660 0.0000000000
43823  -28.990  -44.287  54.558 0.0000000000
43926  -27.716  -42.688  46.910 0.0000000000
43977  -37.468  -43.308  42.736 0.0000000000
43988  -36.165  -43.301  42.515 0.0000000000
44007  -34.402  -43.599  40.063 0.0000000000
44010  -36.464  -43.620  40.523 0.0000000000
44011  -36.938  -43.255  40.831 0.0000000000
44027  -34.875  -44.306  39.628 0.0000000000
44070  -33.929  -43.776  37.290 0.0000000000
44094  -32.660  -43.806  35.629 0.0000000000
44124  -31.350  -43.034  33.900 0.0000000000
44917  -24.143  -42.217  59.257 0.0000000000
44925  -23.883  -42.853  58.474 0.0000000000
44951  -27.387  -42.807  55.919 0.0000000000
44953  -28.171  -43.489  55.008 0.0000000000
45040  -27.258  -42.578  47.932 0.0000000000
45060  -27.091  -42.100  47.000 0.0000000000
45067  -19.823  -42.307  45.099 0.0000000000
45070  -27.540  -42.083  45.844 0.0000000000
45089  -36.234  -42.101  44.293 0.0000000000
45110  -36.231  -42.488  43.623 0.0000000000
45113  -38.918  -42.493  43.627 0.0000000000
45114  -39.380  -42.076  43.692 0.0000000000
45129  -37.974  -43.102  42.433 0.0000000000
45142  -34.200  -42.600  40.623 0.0000000000
45143  -34.787  -42.831  41.213 0.0000000000
45144  -35.370  -43.051  41.794 0.0000000000
45146  -38.265  -42.575  42.021 0.0000000000
45157  -36.952  -42.951  40.526 0.0000000000
45169  -32.500  -42.989  38.952 0.0000000000
45170  -33.291  -43.159  39.480 0.0000000000
45171  -36.038  -43.119  39.530 0.0000000000
45235  -33.293  -43.371  36.496 0.0000000000
45275  -31.986  -43.200  34.575 0.0000000000
45292  -31.199  -42.662  33.665 0.0000000000
45308  -30.298  -42.117  32.976 0.0000000000
46117  -24.461  -41.951  59.222 0.0000000000
46148  -26.055  -42.046  57.529 0.0000000000
46173  -27.445  -42.677  55.700 0.0000000000
46182  -27.472  -42.436  55.279 0.0000000000
46199  -25.620  -40.698  53.160 0.0000000000
46226  -23.317  -41.103  50.154 0.0000000000
46253  -16.828  -40.954  49.435 0.0000000000
46269  -37.457  -40.922  46.962 0.0000000000
46294  -36.293  -41.402  45.689 0.0000000000
46295  -36.806  -41.798  45.435 0.0000000000
46299  -40.334  -41.182  44.757 0.0000000000
46312  -36.609  -41.943  45.042 0.0000000000
46324  -29.658  -42.299  42.521 0.0000000000
46325  -35.329  -41.490  43.435 0.0000000000
46327  -39.373  -41.712  43.342 0.0000000000
46337  -29.786  -42.153  41.926 0.0000000000
46340  -38.542  -41.891  42.090 0.0000000000
46355  -37.609  -42.507  41.158 0.0000000000
46368  -36.905  -42.548  40.227 0.0000000000
46370  -37.943  -41.458  40.992 0.0000000000
46392  -28.829  -41.386  38.676 0.0000000000
46393  -29.306  -41.536  38.169 0.0000000000
46394  -33.978  -42.033  37.999 0.0000000000
46411  -32.945  -42.100  37.197 0.0000000000
46413  -34.063  -42.776  37.584 0.0000000000
46447  -31.282  -41.515  34.806 0.0000000000
46465  -31.502  -42.122  34.474 0.0000000000
47416  -18.627  -40.170  54.759 0.0000000000
47434  -16.862  -40.824  54.899 0.0000000000
47488  -25.599  -40.121  51.635 0.0000000000
47519  -23.243  -40.997  49.359 0.0000000000
47522  -35.616  -40.322  49.051 0.0000000000
47540  -27.070  -39.604  48.741 0.0000000000
47557  -21.579  -40.254  47.383 0.0000000000
47574  -21.410  -40.487  46.526 0.0000000000
47594  -26.735  -40.948  46.596 0.0000000000
47596  -35.190  -40.572  44.870 0.0000000000
47615  -40.549  -40.727  44.750 0.0000000000
47619  -34.910  -41.037  43.265 0.0000000000
47621  -37.954  -40.202  42.664 0.0000000000
47629  -33.192  -39.855  42.195 0.0000000000
47631  -34.469  -41.088  42.316 0.0000000000
47658  -32.036  -40.653  40.267 0.0000000000
47660  -33.424  -41.220  40.837 0.0000000000
47697  -29.058  -40.795  36.904 0.0000000000
48585  -20.430  -40.267  58.726 0.0000000000
48587  -25.290  -40.900  58.262 0.0000000000
48609  -24.844  -39.529  57.142 0.0000000000
48641  -19.180  -40.005  54.188 0.0000000000
48669  -21.117  -39.731  50.764 0.0000000000
48673  -35.451  -38.908  51.157 0.0000000000
48703  -33.165  -39.304  49.137 0.0000000000
48718  -27.064  -39.405  49.092 0.0000000000
48721  -32.422  -39.160  48.416 0.0000000000
48760  -20.633  -39.955  46.999 0.0000000000
48782  -32.357  -38.758  45.541 0.0000000000
48793  -30.053  -38.788  44.653 0.0000000000
48794  -32.380  -38.805  45.207 0.0000000000
48797  -34.546  -40.090  44.202 0.0000000000
48806  -29.899  -39.230  42.887 0.0000000000
48818  -31.195  -39.175  42.058 0.0000000000
48820  -33.342  -39.760  42.502 0.0000000000
48830  -36.907  -39.766  41.529 0.0000000000
48831  -37.665  -40.181  41.439 0.0000000000
48846  -36.330  -39.384  39.901 0.0000000000
48872  -32.616  -40.149  37.361 0.0000000000
48875  -35.482  -39.279  37.225 0.0000000000
48877  -36.375  -39.277  38.154 0.0000000000
48894  -35.706  -38.946  36.909 0.0000000000
49757  -24.804  -39.174  55.590 0.0000000000
49766  -24.756  -38.148  55.580 0.0000000000
49806  -25.756  -38.603  51.670 0.0000000000
49852  -33.735  -39.302  49.786 0.0000000000
49881  -29.504  -38.659  48.292 0.0000000000
49914  -32.354  -38.745  45.775 0.0000000000
49931  -30.029  -38.793  44.404 0.0000000000
49935  -36.077  -37.945  44.247 0.0000000000
49936  -36.894  -38.350  44.540 0.0000000000
49939  -40.153  -39.345  44.845 0.0000000000
49947  -30.300  -38.867  43.410 0.0000000000
49958  -35.697  -38.731  42.790 0.0000000000
49976  -36.347  -39.082  39.057 0.0000000000
49985  -34.711  -39.056  36.981 0.0000000000
50004  -30.874  -38.838  36.159 0.0000000000
50961  -26.225  -37.584  52.937 0.0000000000
50987  -27.993  -37.417  51.995 0.0000000000
51114  -35.617  -37.324  43.796 0.0000000000
51115  -36.026  -36.968  44.221 0.0000000000
51137  -33.835  -37.128  40.751 0.0000000000
51142  -33.841  -37.057  40.155 0.0000000000
52114  -26.172  -36.041  56.599 0.0000000000
52281  -37.024  -36.451  45.105 0.0000000000
52332  -33.827  -36.593  40.622 0.0000000000
52343  -33.969  -36.464  40.135 0.0000000000
52349  -34.147  -36.706  39.645 0.0000000000
53555  -35.519  -35.960  43.752 0.0000000000
53588  -33.851  -36.102  40.884 0.0000000000
53633  -34.695  -35.896  37.162 0.0000000000
53643  -31.325  -35.976  35.122 0.0000000000
53645  -32.742  -36.078  34.865 0.0000000000
53662  -34.789  -35.694  34.337 0.0000000000
54847  -35.703  -34.818  43.811 0.0000000000
54850  -38.162  -34.383  45.318 0.0000000000
54871  -34.924  -34.039  42.689 0.0000000000
54909  -36.950  -34.704  39.669 0.0000000000
54927  -40.443  -34.061  38.882 0.0000000000
54928  -40.898  -34.078  38.939 0.0000000000
54976  -31.015  -35.115  34.291 0.0000000000
54979  -35.889  -34.125  34.306 0.0000000000
56192  -36.715  -33.388  44.094 0.0000000000
56209  -35.718  -33.295  43.232 0.0000000000
56230  -34.805  -33.470  42.239 0.0000000000
56259  -44.323  -32.507  40.316 0.0000000000
56260  -44.659  -32.405  40.484 0.0000000000
57465  -38.648  -33.046  45.214 0.0000000000
57483  -37.080  -32.504  44.158 0.0000000000
57500  -36.803  -32.024  43.738 0.0000000000
57588  -42.559  -33.632  39.008 0.0000000000
58789  -36.729  -31.728  43.440 0.0000000000
58804  -36.381  -31.460  42.920 0.0000000000
58826  -36.050  -31.204  42.343 0.0000000000
58829  -47.824  -31.133  41.245 0.0000000000
58843  -44.397  -31.661  40.400 0.0000000000
58846  -46.909  -31.638  41.246 0.0000000000
58909  -35.882  -31.034  36.533 0.0000000000
58912  -38.164  -31.195  36.935 0.0000000000
60218  -47.538  -30.872  41.333 0.0000000000
60219  -47.757  -30.921  41.345 0.0000000000
60228  -35.091  -30.552  40.231 0.0000000000
60247  -35.349  -30.054  40.046 0.0000000000
60268  -40.704  -30.858  38.343 0.0000000000
60286  -38.831  -30.631  37.033 0.0000000000
60287  -39.385  -30.462  37.173 0.0000000000
60306  -34.680  -30.084  36.847 0.0000000000
60330  -35.948  -30.090  35.766 0.0000000000
60331  -36.525  -30.201  35.805 0.0000000000
61693  -43.096  -30.007  39.230 0.0000000000
61719  -35.079  -29.099  38.159 0.0000000000
61720  -39.604  -29.902  36.806 0.0000000000
61740  -39.696  -29.426  36.630 0.0000000000
61759  -35.100  -29.499  35.977 0.0000000000
63048  -36.301  -28.471  39.969 0.0000000000
63063  -42.022  -29.193  38.363 0.0000000000
63074  -34.706  -29.277  37.337 0.0000000000
63079  -43.991  -28.382  36.939 0.0000000000
63109  -38.370  -28.650  35.591 0.0000000000
64291  -40.437  -27.632  36.393 0.0000000000
65400  -44.067  -26.417  38.207 0.0000000000
65412  -42.328  -26.364  37.174 0.0000000000
66534  -42.942  -25.826  35.243 0.0000000000
67546  -36.269  -24.088  37.889 0.0000000000
67595  -40.906  -25.017  35.811 0.0000000000
67600  -46.435  -23.859  36.328 0.0000000000
67610  -42.734  -24.674  34.760 0.0000000000
68663  -47.123  -22.973  37.146 0.0000000000
69863  -44.030  -23.040  35.261 0.0000000000
70921  -47.321  -21.241  42.068 0.0000000000
70965  -46.578  -21.859  39.107 0.0000000000
70989  -46.968  -22.008  38.631 0.0000000000
72250  -47.908  -20.958  37.562 0.0000000000
72305  -43.961  -20.300  34.102 0.0000000000
74512  -48.795  -18.824  36.733 0.0000000000
74560  -46.334  -18.172  33.574 0.0000000000
75674  -48.199  -17.750  35.264 0.0000000000
75703  -46.934  -17.714  33.686 0.0000000000
