#!ascii label  , from subject abby vox2ras=TkReg
1522
101810  -38.175  7.006  27.428 0.0000000000
93431  -44.865  -1.604  14.182 0.0000000000
107576  -46.210  11.960  24.323 0.0000000000
99646  -46.156  4.928  25.737 0.0000000000
94315  -43.632  -0.569  24.480 0.0000000000
100842  -41.694  5.743  16.769 0.0000000000
104815  -49.850  9.052  12.625 0.0000000000
110420  -45.128  15.632  11.956 0.0000000000
88984  -37.473  -5.452  26.514 0.0000000000
99622  -41.195  4.030  27.960 0.0000000000
100809  -43.100  5.078  21.143 0.0000000000
100796  -39.414  6.051  22.046 0.0000000000
110275  -51.697  14.848  23.986 0.0000000000
107643  -48.574  12.404  17.811 0.0000000000
109439  -51.167  14.462  17.278 0.0000000000
107675  -48.334  13.121  13.860 0.0000000000
111215  -45.401  16.890  16.554 0.0000000000
93459  -44.183  -1.228  9.623 0.0000000000
102815  -35.276  7.650  24.579 0.0000000000
103721  -41.475  8.719  24.965 0.0000000000
98591  -49.441  3.668  27.147 0.0000000000
98534  -44.870  4.414  31.531 0.0000000000
98530  -39.954  3.448  30.998 0.0000000000
94302  -38.024  0.090  25.398 0.0000000000
96527  -43.941  1.912  14.369 0.0000000000
99779  -42.615  4.402  9.916 0.0000000000
106680  -43.025  11.093  18.850 0.0000000000
102881  -45.706  7.827  14.325 0.0000000000
103868  -44.788  8.627  7.564 0.0000000000
104836  -43.613  9.472  10.031 0.0000000000
106722  -42.917  10.961  14.663 0.0000000000
100738  -39.181  5.288  27.805 0.0000000000
99652  -39.544  4.280  24.723 0.0000000000
100755  -38.879  5.743  25.395 0.0000000000
111183  -51.292  16.795  22.870 0.0000000000
109405  -52.275  14.556  20.357 0.0000000000
110297  -49.470  15.610  20.337 0.0000000000
110325  -47.733  15.521  17.277 0.0000000000
93444  -44.911  -1.484  12.000 0.0000000000
104698  -34.597  9.858  23.504 0.0000000000
105688  -37.211  10.521  23.336 0.0000000000
97495  -43.808  2.374  26.995 0.0000000000
98532  -42.172  3.181  31.067 0.0000000000
97492  -41.092  2.218  27.306 0.0000000000
91197  -37.335  -3.315  24.682 0.0000000000
96391  -34.227  1.995  28.858 0.0000000000
100705  -33.202  5.743  29.936 0.0000000000
99603  -31.552  4.292  28.578 0.0000000000
101877  -46.751  6.317  21.679 0.0000000000
98633  -41.349  4.102  19.325 0.0000000000
97545  -43.226  2.685  18.365 0.0000000000
98679  -41.214  3.247  15.319 0.0000000000
97599  -43.105  2.332  12.530 0.0000000000
100870  -41.390  5.141  12.896 0.0000000000
105680  -44.175  10.660  24.579 0.0000000000
105700  -42.393  10.709  22.542 0.0000000000
107598  -44.423  12.479  21.012 0.0000000000
105767  -50.146  10.054  15.555 0.0000000000
104762  -47.607  9.870  15.981 0.0000000000
103821  -48.690  8.016  13.027 0.0000000000
102914  -44.962  7.761  11.226 0.0000000000
103848  -47.584  8.502  9.559 0.0000000000
104861  -44.159  9.493  7.957 0.0000000000
104826  -47.296  9.476  10.366 0.0000000000
109490  -46.569  15.224  13.268 0.0000000000
107672  -45.319  12.331  14.889 0.0000000000
109469  -44.179  13.991  15.157 0.0000000000
107659  -41.419  12.492  15.859 0.0000000000
110379  -42.636  15.347  14.078 0.0000000000
99624  -43.450  4.065  27.183 0.0000000000
99669  -44.166  4.720  23.674 0.0000000000
98603  -41.891  3.651  24.553 0.0000000000
100798  -41.313  5.599  21.387 0.0000000000
101889  -41.168  6.851  19.744 0.0000000000
108480  -48.600  13.093  24.252 0.0000000000
108511  -47.035  13.283  21.076 0.0000000000
108514  -50.289  13.458  20.539 0.0000000000
107647  -51.568  12.705  17.431 0.0000000000
107676  -50.999  11.991  14.008 0.0000000000
106737  -49.926  11.983  12.586 0.0000000000
110408  -50.486  15.307  13.108 0.0000000000
110384  -48.602  16.156  13.406 0.0000000000
111253  -46.080  16.868  13.113 0.0000000000
95499  -43.632  0.598  8.689 0.0000000000
101839  -36.681  6.985  25.924 0.0000000000
102807  -39.609  7.697  25.503 0.0000000000
103731  -38.342  8.908  24.928 0.0000000000
105692  -40.948  10.894  24.483 0.0000000000
107573  -43.313  12.380  24.171 0.0000000000
109395  -42.562  14.275  22.637 0.0000000000
109382  -46.748  14.141  24.016 0.0000000000
100740  -48.312  5.921  27.937 0.0000000000
99593  -47.296  4.553  30.459 0.0000000000
100729  -45.724  5.352  29.180 0.0000000000
100711  -42.668  5.422  30.337 0.0000000000
100686  -40.695  6.029  30.692 0.0000000000
91203  -44.054  -3.874  23.961 0.0000000000
89006  -41.067  -5.242  25.453 0.0000000000
91210  -40.812  -3.091  23.818 0.0000000000
95352  -41.043  0.467  24.507 0.0000000000
96393  -38.600  1.569  28.568 0.0000000000
101783  -36.684  6.327  29.802 0.0000000000
95451  -45.562  0.472  15.466 0.0000000000
99698  -45.302  4.582  20.130 0.0000000000
97568  -45.460  2.445  16.316 0.0000000000
95471  -46.512  0.792  14.088 0.0000000000
96559  -46.250  1.140  12.040 0.0000000000
97627  -45.311  2.164  9.931 0.0000000000
98725  -44.212  3.272  8.207 0.0000000000
103741  -39.823  8.063  23.388 0.0000000000
104726  -40.458  9.240  20.047 0.0000000000
103768  -42.491  8.541  17.812 0.0000000000
106683  -46.187  12.232  18.215 0.0000000000
104759  -44.763  9.047  16.599 0.0000000000
101941  -43.132  6.921  14.685 0.0000000000
102912  -42.799  6.936  11.891 0.0000000000
101974  -42.837  6.563  8.519 0.0000000000
99799  -43.264  5.104  6.722 0.0000000000
105785  -46.926  10.528  12.906 0.0000000000
104799  -43.688  9.810  12.862 0.0000000000
104806  -40.356  9.288  12.867 0.0000000000
104769  -39.914  9.950  15.343 0.0000000000
106700  -38.917  11.585  16.691 0.0000000000
101799  -38.703  6.338  28.300 0.0000000000
100748  -38.757  5.724  26.363 0.0000000000
101811  -38.622  6.559  27.032 0.0000000000
111189  -49.932  16.357  21.946 0.0000000000
111193  -47.729  16.627  20.445 0.0000000000
93438  -44.853  -1.588  13.033 0.0000000000
96429  -43.457  1.146  25.389 0.0000000000
96405  -42.224  2.213  27.266 0.0000000000
96428  -42.327  1.388  25.507 0.0000000000
95314  -33.811  0.723  29.053 0.0000000000
98559  -32.797  3.266  28.507 0.0000000000
100768  -47.646  6.235  24.784 0.0000000000
100778  -46.388  5.996  23.467 0.0000000000
99730  -41.173  4.980  17.331 0.0000000000
98660  -40.926  3.793  17.457 0.0000000000
99745  -40.832  4.350  16.066 0.0000000000
98687  -41.254  3.590  14.276 0.0000000000
100855  -41.515  5.364  14.759 0.0000000000
106635  -45.491  11.587  24.264 0.0000000000
106645  -44.536  11.467  23.151 0.0000000000
107587  -45.451  11.845  23.330 0.0000000000
103810  -50.249  8.923  13.992 0.0000000000
104788  -49.481  9.053  14.651 0.0000000000
103831  -49.411  8.359  12.596 0.0000000000
102917  -47.852  7.862  10.742 0.0000000000
103838  -48.616  8.587  11.226 0.0000000000
104840  -47.569  9.255  9.434 0.0000000000
105806  -48.892  9.681  11.558 0.0000000000
110403  -45.767  15.335  13.103 0.0000000000
109481  -45.045  14.366  14.690 0.0000000000
110381  -44.775  15.178  14.044 0.0000000000
109479  -42.970  14.732  14.671 0.0000000000
110380  -43.700  15.299  14.039 0.0000000000
99623  -42.220  4.019  27.754 0.0000000000
98596  -42.397  3.621  25.288 0.0000000000
98587  -41.094  3.504  26.307 0.0000000000
100774  -39.168  5.280  23.427 0.0000000000
99677  -40.209  4.875  22.364 0.0000000000
100797  -40.000  5.599  21.776 0.0000000000
101883  -41.084  6.341  20.448 0.0000000000
101882  -40.493  7.005  20.532 0.0000000000
108482  -50.768  13.812  23.649 0.0000000000
108496  -49.828  13.542  22.825 0.0000000000
108498  -51.695  13.776  22.057 0.0000000000
109409  -51.582  14.621  19.209 0.0000000000
108531  -52.001  13.431  19.257 0.0000000000
109440  -51.841  14.015  17.620 0.0000000000
107656  -51.448  12.560  16.457 0.0000000000
109473  -51.324  14.092  15.536 0.0000000000
109496  -51.342  14.068  13.420 0.0000000000
109472  -50.654  14.651  15.017 0.0000000000
110324  -46.858  15.880  17.172 0.0000000000
110362  -48.636  15.716  14.925 0.0000000000
110360  -46.729  16.245  15.401 0.0000000000
111240  -47.711  16.454  13.172 0.0000000000
111238  -45.837  16.851  14.280 0.0000000000
94478  -43.650  -0.494  9.010 0.0000000000
102803  -35.949  7.266  25.255 0.0000000000
103716  -37.522  8.115  25.313 0.0000000000
103730  -37.109  8.580  24.611 0.0000000000
106628  -38.757  11.180  23.266 0.0000000000
105690  -39.233  10.385  24.036 0.0000000000
106630  -40.901  11.451  23.979 0.0000000000
106632  -42.326  11.441  24.470 0.0000000000
108473  -42.236  12.512  23.487 0.0000000000
111178  -42.408  16.189  22.743 0.0000000000
109380  -44.606  14.368  23.217 0.0000000000
110273  -46.225  15.243  23.512 0.0000000000
109383  -47.316  14.651  24.100 0.0000000000
111169  -46.901  16.147  23.596 0.0000000000
101831  -50.222  6.354  26.419 0.0000000000
100742  -50.232  5.876  27.977 0.0000000000
98578  -46.337  3.490  28.332 0.0000000000
99592  -46.275  4.506  30.912 0.0000000000
100691  -46.495  5.658  30.854 0.0000000000
100670  -44.824  5.204  31.644 0.0000000000
100712  -43.759  5.415  30.219 0.0000000000
100669  -43.755  5.367  31.755 0.0000000000
98531  -40.952  3.284  31.149 0.0000000000
99553  -41.135  4.984  31.590 0.0000000000
99552  -40.128  5.071  31.383 0.0000000000
89004  -39.040  -5.169  25.781 0.0000000000
91199  -39.296  -3.488  24.335 0.0000000000
93325  -39.457  -1.982  23.995 0.0000000000
93327  -40.872  -1.763  23.703 0.0000000000
95350  -39.214  0.260  24.934 0.0000000000
95330  -39.149  1.139  26.130 0.0000000000
95329  -38.443  0.918  26.469 0.0000000000
101796  -35.859  6.303  28.994 0.0000000000
101781  -34.536  6.504  30.115 0.0000000000
95430  -45.483  1.281  17.215 0.0000000000
100787  -43.579  5.483  22.443 0.0000000000
100801  -44.923  5.672  21.414 0.0000000000
99697  -43.722  4.402  20.629 0.0000000000
97566  -42.784  2.216  16.302 0.0000000000
97556  -43.664  2.546  17.312 0.0000000000
97578  -44.740  2.344  15.881 0.0000000000
97581  -46.173  1.748  15.083 0.0000000000
96529  -46.040  1.529  14.380 0.0000000000
96551  -46.367  1.167  12.878 0.0000000000
96539  -44.731  1.748  13.412 0.0000000000
97614  -43.062  3.022  11.252 0.0000000000
97616  -44.706  2.407  10.638 0.0000000000
97625  -43.987  3.196  9.892 0.0000000000
97633  -44.587  2.717  8.659 0.0000000000
98723  -43.305  3.984  9.251 0.0000000000
102808  -40.411  8.120  25.312 0.0000000000
102817  -40.021  7.482  24.866 0.0000000000
103733  -41.034  8.215  24.786 0.0000000000
106654  -42.521  11.406  20.606 0.0000000000
105704  -41.461  10.607  21.378 0.0000000000
105719  -41.517  10.244  19.307 0.0000000000
104736  -41.636  9.373  18.704 0.0000000000
104738  -42.978  9.948  18.057 0.0000000000
107629  -48.137  13.002  18.569 0.0000000000
107611  -46.595  13.040  19.408 0.0000000000
107642  -47.570  12.366  17.829 0.0000000000
103795  -46.689  8.653  15.040 0.0000000000
104761  -46.634  9.667  16.148 0.0000000000
103793  -45.085  8.281  15.576 0.0000000000
102863  -44.139  7.982  16.135 0.0000000000
102880  -44.634  7.480  14.661 0.0000000000
101950  -43.084  6.752  13.889 0.0000000000
102901  -43.464  7.085  12.958 0.0000000000
102936  -44.956  8.452  8.419 0.0000000000
102934  -43.133  7.404  9.459 0.0000000000
102950  -43.442  7.429  7.658 0.0000000000
100897  -43.364  5.614  7.631 0.0000000000
101988  -43.212  6.629  6.793 0.0000000000
100910  -42.278  6.044  6.683 0.0000000000
103885  -42.900  7.906  6.418 0.0000000000
104849  -43.893  9.567  8.925 0.0000000000
103856  -42.668  9.255  8.356 0.0000000000
107683  -49.043  12.789  13.473 0.0000000000
105786  -47.912  10.875  12.778 0.0000000000
106727  -47.809  12.263  13.987 0.0000000000
106723  -43.581  11.417  14.654 0.0000000000
105775  -44.133  10.712  14.091 0.0000000000
105781  -42.812  10.143  13.789 0.0000000000
104797  -42.068  9.773  13.469 0.0000000000
104786  -41.678  9.881  14.043 0.0000000000
104784  -40.319  9.720  14.737 0.0000000000
104771  -41.203  10.241  15.083 0.0000000000
108569  -40.561  13.206  16.165 0.0000000000
107653  -40.151  12.429  16.367 0.0000000000
108568  -39.726  13.200  16.338 0.0000000000
107651  -38.539  12.341  16.918 0.0000000000
99605  -39.969  4.759  28.443 0.0000000000
98586  -40.277  3.731  26.396 0.0000000000
99633  -39.272  4.526  26.848 0.0000000000
99651  -38.874  5.129  24.410 0.0000000000
101856  -39.117  6.225  23.369 0.0000000000
110295  -52.403  14.874  21.915 0.0000000000
110293  -51.484  15.665  21.433 0.0000000000
110306  -50.986  15.145  19.809 0.0000000000
110313  -49.777  15.152  18.763 0.0000000000
110343  -49.542  15.105  16.621 0.0000000000
110312  -48.802  15.325  18.576 0.0000000000
111203  -46.997  16.075  18.764 0.0000000000
93450  -44.853  -1.130  10.932 0.0000000000
103728  -34.668  8.273  24.054 0.0000000000
103739  -36.185  9.087  23.923 0.0000000000
104699  -35.649  9.844  23.543 0.0000000000
98562  -43.812  3.120  29.306 0.0000000000
98533  -43.532  3.755  31.313 0.0000000000
97458  -42.783  2.747  29.255 0.0000000000
97443  -41.817  2.675  30.295 0.0000000000
97455  -40.275  2.346  29.722 0.0000000000
90106  -38.020  -4.632  25.153 0.0000000000
93312  -36.331  -1.878  25.265 0.0000000000
98543  -34.887  3.340  29.403 0.0000000000
100706  -34.077  5.499  29.946 0.0000000000
99583  -33.713  4.839  29.382 0.0000000000
99582  -32.812  5.082  29.166 0.0000000000
98623  -41.873  4.098  20.109 0.0000000000
98624  -42.932  3.743  20.178 0.0000000000
98648  -41.825  3.047  18.798 0.0000000000
97565  -41.714  2.579  16.861 0.0000000000
97577  -42.297  2.241  15.117 0.0000000000
96538  -43.400  1.978  13.311 0.0000000000
97597  -41.677  2.922  13.696 0.0000000000
97604  -41.912  3.056  12.815 0.0000000000
99771  -41.826  4.398  11.480 0.0000000000
104692  -42.592  9.633  24.983 0.0000000000
104704  -41.650  9.316  23.894 0.0000000000
105695  -43.373  10.429  23.850 0.0000000000
106650  -43.477  11.595  22.058 0.0000000000
107608  -44.017  12.195  20.230 0.0000000000
106707  -49.498  11.143  16.743 0.0000000000
106706  -48.430  11.118  16.745 0.0000000000
104775  -48.599  9.443  15.309 0.0000000000
103796  -47.690  8.722  14.808 0.0000000000
103819  -46.863  7.984  13.491 0.0000000000
102903  -45.858  7.596  12.108 0.0000000000
102904  -46.899  7.600  11.814 0.0000000000
102926  -46.573  8.167  10.092 0.0000000000
103869  -45.407  8.717  7.847 0.0000000000
104873  -45.065  9.050  7.442 0.0000000000
104863  -45.964  9.086  7.864 0.0000000000
104851  -45.923  9.384  8.523 0.0000000000
104824  -45.407  9.582  10.572 0.0000000000
109483  -47.614  14.546  13.745 0.0000000000
107673  -46.539  12.593  14.602 0.0000000000
108588  -45.792  13.488  14.841 0.0000000000
107663  -44.597  12.678  15.143 0.0000000000
107661  -43.131  12.446  15.252 0.0000000000
106714  -41.488  11.605  15.613 0.0000000000
108578  -42.702  13.308  15.435 0.0000000000
109467  -42.279  14.142  15.254 0.0000000000
109466  -41.026  14.374  15.453 0.0000000000
99635  -44.579  4.338  26.234 0.0000000000
99657  -45.072  4.729  24.739 0.0000000000
99643  -43.882  4.195  24.832 0.0000000000
99654  -43.139  4.307  23.760 0.0000000000
99679  -42.581  4.860  22.650 0.0000000000
98602  -40.887  3.612  24.592 0.0000000000
99678  -41.509  4.870  22.261 0.0000000000
100785  -41.976  5.434  21.792 0.0000000000
100807  -41.513  5.828  20.600 0.0000000000
100827  -41.279  5.847  18.979 0.0000000000
100835  -41.475  5.753  17.910 0.0000000000
108479  -47.618  12.790  24.385 0.0000000000
107595  -47.052  12.748  22.944 0.0000000000
108503  -47.724  13.238  22.271 0.0000000000
108513  -49.200  13.481  20.767 0.0000000000
108546  -49.842  13.052  19.069 0.0000000000
108508  -52.217  13.776  20.824 0.0000000000
108530  -51.418  13.118  19.544 0.0000000000
107645  -50.449  12.214  17.917 0.0000000000
106708  -50.665  11.479  16.693 0.0000000000
106717  -50.946  11.347  15.444 0.0000000000
106738  -50.719  11.177  13.464 0.0000000000
105799  -49.768  10.148  12.269 0.0000000000
107685  -50.880  12.412  12.863 0.0000000000
108597  -50.715  13.738  12.507 0.0000000000
108596  -49.766  13.916  13.022 0.0000000000
110363  -49.713  15.274  15.253 0.0000000000
110407  -49.609  15.598  12.837 0.0000000000
109493  -49.292  15.017  12.799 0.0000000000
110423  -48.016  16.139  12.311 0.0000000000
110422  -47.292  16.041  12.294 0.0000000000
110434  -46.246  16.076  11.304 0.0000000000
101809  -37.269  6.590  27.663 0.0000000000
102780  -38.345  7.227  26.838 0.0000000000
102792  -38.161  7.538  26.438 0.0000000000
103718  -39.158  8.637  25.478 0.0000000000
104676  -39.946  9.144  25.345 0.0000000000
104687  -37.892  9.346  24.364 0.0000000000
105674  -39.450  9.885  24.585 0.0000000000
105665  -41.575  9.673  25.239 0.0000000000
105667  -43.072  10.402  25.327 0.0000000000
106615  -43.918  11.320  25.149 0.0000000000
107559  -45.350  11.888  24.585 0.0000000000
108490  -40.856  13.430  22.607 0.0000000000
108492  -43.099  13.512  23.074 0.0000000000
108476  -44.921  13.041  23.946 0.0000000000
107561  -46.775  12.579  24.483 0.0000000000
108463  -48.290  13.366  24.587 0.0000000000
109367  -48.940  14.207  24.883 0.0000000000
109357  -50.544  15.106  25.245 0.0000000000
101843  -49.115  6.489  25.759 0.0000000000
100749  -47.320  5.561  26.541 0.0000000000
98580  -48.672  3.314  28.118 0.0000000000
98567  -49.136  4.099  28.590 0.0000000000
100716  -48.175  5.718  29.924 0.0000000000
100730  -47.029  5.658  28.794 0.0000000000
99626  -45.773  4.805  27.465 0.0000000000
99609  -43.926  4.630  28.450 0.0000000000
99588  -43.268  4.996  29.434 0.0000000000
99587  -42.217  4.915  29.525 0.0000000000
100668  -42.690  5.429  31.539 0.0000000000
100687  -42.094  6.055  30.997 0.0000000000
99586  -41.330  4.999  29.448 0.0000000000
101787  -39.945  5.954  29.605 0.0000000000
89007  -42.089  -5.232  25.499 0.0000000000
90108  -39.543  -4.844  25.141 0.0000000000
90122  -41.311  -4.630  24.534 0.0000000000
90123  -42.336  -4.708  24.587 0.0000000000
91212  -42.504  -3.483  23.706 0.0000000000
93329  -42.687  -1.876  23.696 0.0000000000
94314  -42.608  -0.449  24.251 0.0000000000
96427  -41.306  1.459  25.814 0.0000000000
96395  -40.154  2.129  28.140 0.0000000000
97454  -39.380  2.208  30.058 0.0000000000
101797  -36.985  6.364  28.772 0.0000000000
101808  -36.174  6.254  27.831 0.0000000000
101823  -35.326  6.245  26.865 0.0000000000
101837  -34.491  6.417  25.962 0.0000000000
102801  -33.725  6.873  25.217 0.0000000000
95438  -43.917  -0.399  16.802 0.0000000000
95450  -44.958  -0.136  15.675 0.0000000000
94443  -45.427  -0.511  14.576 0.0000000000
100789  -45.353  5.826  22.732 0.0000000000
100811  -46.007  5.439  20.505 0.0000000000
98649  -44.233  3.229  18.562 0.0000000000
98650  -45.361  3.459  18.097 0.0000000000
97558  -46.449  2.800  16.975 0.0000000000
96509  -46.348  1.886  15.667 0.0000000000
95462  -46.101  0.674  14.721 0.0000000000
94450  -45.710  -0.514  13.361 0.0000000000
94456  -45.780  -0.450  12.456 0.0000000000
94464  -45.681  -0.075  11.657 0.0000000000
95492  -45.428  0.594  10.801 0.0000000000
97607  -44.983  2.059  11.536 0.0000000000
97617  -45.434  1.939  10.853 0.0000000000
95501  -45.216  0.904  9.962 0.0000000000
96574  -44.705  1.307  8.856 0.0000000000
96582  -44.418  1.620  8.368 0.0000000000
97640  -43.450  2.437  7.866 0.0000000000
101828  -39.364  6.973  25.645 0.0000000000
101850  -39.589  7.095  24.401 0.0000000000
102823  -39.471  7.546  23.050 0.0000000000
104709  -40.640  9.243  22.881 0.0000000000
104712  -39.842  8.809  21.842 0.0000000000
103751  -39.748  8.326  20.963 0.0000000000
103758  -40.675  8.480  19.534 0.0000000000
102846  -41.658  7.843  18.497 0.0000000000
101914  -42.604  6.993  17.117 0.0000000000
108510  -46.115  13.117  20.953 0.0000000000
107626  -45.168  12.386  19.015 0.0000000000
106681  -44.232  11.660  18.592 0.0000000000
106704  -46.818  10.957  16.941 0.0000000000
105744  -45.663  10.486  17.117 0.0000000000
105742  -44.076  10.112  17.671 0.0000000000
103775  -43.770  8.639  17.010 0.0000000000
102870  -43.252  7.422  16.247 0.0000000000
101921  -42.169  6.205  15.923 0.0000000000
101939  -41.781  6.008  14.053 0.0000000000
100885  -42.263  5.436  10.500 0.0000000000
102913  -43.781  7.416  11.610 0.0000000000
101968  -42.550  6.466  9.919 0.0000000000
100890  -42.545  5.492  9.238 0.0000000000
99785  -43.675  4.465  8.062 0.0000000000
98740  -43.317  3.920  7.344 0.0000000000
103877  -43.140  8.717  6.860 0.0000000000
105798  -48.770  10.300  12.015 0.0000000000
104813  -46.941  9.744  11.270 0.0000000000
104811  -45.176  9.617  11.620 0.0000000000
106725  -46.062  11.395  14.087 0.0000000000
105783  -44.524  10.152  13.203 0.0000000000
104822  -43.384  9.503  11.165 0.0000000000
104820  -41.479  9.368  11.718 0.0000000000
104819  -40.672  9.180  12.011 0.0000000000
103828  -39.398  8.748  12.471 0.0000000000
106713  -40.936  11.161  15.718 0.0000000000
105762  -39.571  10.437  15.925 0.0000000000
110445  -45.442  16.073  10.572 0.0000000000
110432  -44.407  15.673  11.015 0.0000000000
110418  -42.732  15.765  12.222 0.0000000000
110399  -41.109  15.915  13.362 0.0000000000
110377  -40.565  15.363  14.575 0.0000000000
94316  -44.552  -0.681  24.574 0.0000000000
95342  -44.013  0.632  25.165 0.0000000000
95341  -43.586  0.752  25.122 0.0000000000
96437  -42.893  0.926  25.061 0.0000000000
95313  -33.192  0.640  28.891 0.0000000000
100757  -46.959  5.578  25.491 0.0000000000
100767  -46.881  5.926  24.341 0.0000000000
100756  -46.231  5.237  25.020 0.0000000000
99737  -40.879  4.377  16.918 0.0000000000
99738  -41.118  5.015  16.358 0.0000000000
99746  -41.178  4.840  15.459 0.0000000000
100848  -41.583  5.545  15.697 0.0000000000
107575  -45.951  11.740  23.901 0.0000000000
107588  -46.175  11.986  23.721 0.0000000000
104801  -50.255  9.240  13.481 0.0000000000
103822  -49.830  8.528  13.370 0.0000000000
103839  -49.316  8.624  11.972 0.0000000000
104828  -49.226  9.320  11.669 0.0000000000
110402  -44.448  15.481  13.068 0.0000000000
98574  -41.614  3.678  27.067 0.0000000000
100783  -39.300  5.588  22.789 0.0000000000
100784  -39.746  5.233  22.371 0.0000000000
101872  -39.743  6.702  21.450 0.0000000000
109384  -51.249  14.227  24.036 0.0000000000
108483  -51.393  13.897  22.903 0.0000000000
109398  -51.817  14.148  22.738 0.0000000000
109422  -51.381  14.483  18.275 0.0000000000
109455  -51.567  14.043  16.590 0.0000000000
109454  -50.903  14.466  16.221 0.0000000000
111208  -46.021  16.458  17.089 0.0000000000
110340  -46.770  16.046  16.079 0.0000000000
111216  -46.136  16.426  15.906 0.0000000000
111228  -46.549  16.484  14.786 0.0000000000
111227  -45.556  16.788  15.440 0.0000000000
92468  -43.807  -1.786  9.590 0.0000000000
93458  -43.617  -1.756  9.192 0.0000000000
93465  -43.501  -1.333  8.831 0.0000000000
94479  -44.217  -0.486  9.443 0.0000000000
102816  -36.235  7.845  24.746 0.0000000000
106642  -39.109  11.683  22.917 0.0000000000
106629  -39.799  11.498  23.387 0.0000000000
107570  -40.601  12.131  23.262 0.0000000000
107571  -41.586  12.193  23.528 0.0000000000
107585  -41.073  12.704  22.952 0.0000000000
111168  -45.852  16.444  23.280 0.0000000000
98590  -49.074  3.876  26.581 0.0000000000
99639  -49.893  4.774  27.518 0.0000000000
99557  -45.274  4.913  31.897 0.0000000000
99556  -44.292  5.000  32.139 0.0000000000
98517  -40.608  4.180  31.381 0.0000000000
98516  -39.756  4.293  31.162 0.0000000000
89003  -38.174  -5.196  25.764 0.0000000000
93315  -38.997  -1.457  24.270 0.0000000000
94310  -38.316  -0.372  24.830 0.0000000000
94311  -39.449  -0.439  24.452 0.0000000000
95337  -38.681  0.498  25.571 0.0000000000
95336  -37.951  0.399  25.838 0.0000000000
100681  -35.179  5.562  30.277 0.0000000000
101764  -35.367  6.115  30.348 0.0000000000
97548  -47.097  3.301  17.503 0.0000000000
100800  -43.457  5.505  21.612 0.0000000000
96516  -43.264  1.961  15.250 0.0000000000
96506  -43.717  2.229  15.826 0.0000000000
96517  -44.427  2.139  15.300 0.0000000000
96528  -45.240  1.897  14.508 0.0000000000
96540  -45.849  1.520  13.548 0.0000000000
98707  -42.838  3.558  10.605 0.0000000000
97615  -43.761  2.938  10.492 0.0000000000
98708  -43.550  3.391  10.047 0.0000000000
98716  -43.866  3.477  9.422 0.0000000000
98715  -43.186  3.710  9.814 0.0000000000
103720  -41.021  8.478  25.263 0.0000000000
102818  -40.537  7.903  25.157 0.0000000000
106666  -42.228  11.070  19.521 0.0000000000
106665  -41.621  10.788  19.814 0.0000000000
106679  -42.491  10.790  18.929 0.0000000000
105730  -42.053  9.994  18.689 0.0000000000
105731  -42.654  10.336  18.516 0.0000000000
103805  -46.261  8.308  14.701 0.0000000000
103794  -45.782  8.433  15.282 0.0000000000
102873  -45.172  7.879  15.118 0.0000000000
102890  -44.680  7.379  13.640 0.0000000000
102943  -44.181  8.127  7.793 0.0000000000
102942  -43.395  7.497  8.354 0.0000000000
101981  -43.254  6.586  7.477 0.0000000000
102951  -43.501  7.610  7.086 0.0000000000
102957  -43.128  7.378  6.567 0.0000000000
103886  -43.374  8.079  6.707 0.0000000000
104848  -42.794  9.359  9.124 0.0000000000
104835  -42.562  9.394  10.341 0.0000000000
106735  -48.210  11.806  13.488 0.0000000000
105774  -43.224  10.602  14.269 0.0000000000
105773  -42.231  10.424  14.479 0.0000000000
104785  -41.177  9.908  14.548 0.0000000000
105765  -41.857  10.890  15.187 0.0000000000
109451  -40.232  13.876  16.018 0.0000000000
98571  -39.577  4.278  27.047 0.0000000000
99619  -39.033  4.966  27.273 0.0000000000
99641  -38.871  4.985  25.575 0.0000000000
100764  -38.937  5.852  24.607 0.0000000000
110288  -52.175  15.547  22.481 0.0000000000
111191  -51.707  15.975  22.255 0.0000000000
110291  -49.575  15.903  21.143 0.0000000000
110292  -50.577  15.811  21.293 0.0000000000
110298  -50.310  15.522  20.477 0.0000000000
110305  -50.047  15.356  19.646 0.0000000000
110304  -48.965  15.519  19.628 0.0000000000
112017  -47.079  17.467  20.091 0.0000000000
111197  -47.370  16.303  19.529 0.0000000000
111202  -46.329  16.477  18.358 0.0000000000
92444  -44.378  -2.136  12.297 0.0000000000
92451  -44.379  -2.020  11.204 0.0000000000
103737  -34.112  9.006  23.669 0.0000000000
103738  -35.160  8.999  23.646 0.0000000000
97483  -44.435  2.815  27.813 0.0000000000
97473  -43.862  2.798  28.462 0.0000000000
98561  -43.200  2.882  29.327 0.0000000000
97472  -43.177  2.643  28.656 0.0000000000
97480  -41.766  2.320  27.660 0.0000000000
97471  -42.341  2.570  28.595 0.0000000000
97470  -41.515  2.517  28.723 0.0000000000
97456  -41.265  2.498  29.652 0.0000000000
97469  -40.680  2.343  28.871 0.0000000000
95302  -34.911  0.673  29.320 0.0000000000
96375  -34.543  1.505  29.170 0.0000000000
97451  -35.147  2.376  29.403 0.0000000000
97450  -34.487  2.536  29.103 0.0000000000
98542  -34.105  3.599  29.024 0.0000000000
98541  -33.278  4.100  28.757 0.0000000000
99604  -32.404  4.238  28.663 0.0000000000
98622  -41.500  4.548  19.822 0.0000000000
98672  -41.194  3.134  16.275 0.0000000000
98661  -41.227  3.204  17.235 0.0000000000
97576  -41.665  2.558  15.788 0.0000000000
97589  -42.148  2.378  14.144 0.0000000000
97588  -41.596  2.758  14.727 0.0000000000
99761  -41.307  4.415  13.524 0.0000000000
98693  -41.536  3.654  13.139 0.0000000000
99766  -41.484  4.394  12.491 0.0000000000
98699  -41.891  3.603  12.070 0.0000000000
104693  -43.207  9.952  25.175 0.0000000000
104706  -43.128  9.919  24.689 0.0000000000
107592  -44.177  12.026  22.023 0.0000000000
106651  -43.986  11.550  22.539 0.0000000000
107591  -43.653  11.878  21.526 0.0000000000
107597  -43.739  12.117  20.960 0.0000000000
105757  -49.919  10.536  16.176 0.0000000000
105756  -48.873  10.427  16.090 0.0000000000
105766  -49.482  10.015  15.631 0.0000000000
103808  -49.134  8.531  14.090 0.0000000000
103797  -48.520  8.741  14.601 0.0000000000
103807  -48.111  8.283  14.045 0.0000000000
103806  -46.884  8.279  14.145 0.0000000000
103820  -47.505  8.006  13.335 0.0000000000
102892  -46.705  7.719  12.871 0.0000000000
102893  -47.690  7.704  12.456 0.0000000000
102928  -47.860  8.303  10.164 0.0000000000
102916  -47.131  7.771  10.878 0.0000000000
103847  -47.010  8.416  9.432 0.0000000000
103846  -46.332  8.385  9.285 0.0000000000
103858  -46.701  8.619  8.740 0.0000000000
103870  -46.281  8.867  8.118 0.0000000000
104865  -47.314  8.981  8.521 0.0000000000
104839  -46.675  9.447  9.374 0.0000000000
104838  -45.687  9.527  9.498 0.0000000000
104825  -46.370  9.590  10.371 0.0000000000
109491  -47.274  15.239  13.233 0.0000000000
108589  -47.045  13.682  14.484 0.0000000000
109482  -46.340  14.649  13.990 0.0000000000
109470  -44.670  13.872  15.138 0.0000000000
108587  -45.014  13.658  15.130 0.0000000000
108580  -44.424  13.321  15.225 0.0000000000
107662  -43.935  12.658  15.116 0.0000000000
108579  -43.609  13.303  15.278 0.0000000000
109478  -41.959  14.777  14.691 0.0000000000
99634  -43.800  3.977  25.796 0.0000000000
98604  -42.836  3.963  24.385 0.0000000000
98611  -42.732  4.182  23.835 0.0000000000
99667  -42.763  4.453  23.336 0.0000000000
99666  -41.858  4.291  23.220 0.0000000000
98593  -39.866  3.901  25.681 0.0000000000
98594  -40.597  3.594  25.550 0.0000000000
99653  -40.232  3.833  24.429 0.0000000000
99687  -40.588  5.291  21.824 0.0000000000
99688  -40.900  5.107  21.895 0.0000000000
100808  -42.145  5.423  20.873 0.0000000000
100819  -41.392  5.863  19.909 0.0000000000
101897  -41.690  6.875  18.528 0.0000000000
108494  -47.774  12.905  23.606 0.0000000000
108495  -48.742  13.295  23.199 0.0000000000
108505  -50.024  13.589  21.646 0.0000000000
108528  -49.557  13.350  19.753 0.0000000000
110301  -52.353  14.753  21.096 0.0000000000
109402  -52.343  14.256  21.361 0.0000000000
109406  -52.403  14.160  20.632 0.0000000000
107633  -51.617  12.774  18.312 0.0000000000
107632  -51.035  12.511  18.458 0.0000000000
107646  -51.059  12.200  17.629 0.0000000000
106696  -50.550  11.893  17.417 0.0000000000
107655  -51.188  12.191  16.974 0.0000000000
107665  -51.307  12.526  15.049 0.0000000000
107664  -51.003  11.752  14.748 0.0000000000
106728  -50.812  11.117  14.453 0.0000000000
106746  -50.400  11.054  12.692 0.0000000000
107677  -51.274  12.845  13.639 0.0000000000
109486  -50.937  14.748  13.716 0.0000000000
108598  -51.246  13.610  12.814 0.0000000000
109495  -51.073  14.567  12.729 0.0000000000
109494  -50.291  14.804  12.684 0.0000000000
110326  -48.655  15.259  17.511 0.0000000000
110342  -48.647  15.418  16.290 0.0000000000
110406  -48.611  15.913  12.509 0.0000000000
111241  -48.241  16.279  12.640 0.0000000000
111254  -46.922  16.530  12.701 0.0000000000
111255  -47.690  16.318  12.477 0.0000000000
111268  -46.607  16.238  12.066 0.0000000000
94483  -43.125  -1.174  8.500 0.0000000000
101825  -37.498  7.153  26.668 0.0000000000
101840  -37.223  7.303  25.995 0.0000000000
103717  -38.112  8.361  25.394 0.0000000000
104675  -39.299  9.211  25.162 0.0000000000
104700  -36.679  9.741  23.672 0.0000000000
104686  -37.193  9.317  24.088 0.0000000000
104701  -37.581  9.840  23.795 0.0000000000
105691  -40.359  10.754  24.274 0.0000000000
105675  -40.045  10.080  24.683 0.0000000000
104690  -40.368  9.642  25.105 0.0000000000
105676  -41.232  10.264  24.960 0.0000000000
105666  -42.171  9.979  25.398 0.0000000000
105677  -42.445  10.561  25.121 0.0000000000
107556  -43.110  11.912  24.500 0.0000000000
106614  -42.947  11.310  24.882 0.0000000000
107557  -43.676  11.883  24.668 0.0000000000
107558  -44.597  11.949  24.657 0.0000000000
110284  -41.964  15.248  22.560 0.0000000000
109394  -41.457  14.281  22.526 0.0000000000
108491  -41.991  13.156  22.910 0.0000000000
109381  -45.652  14.232  23.585 0.0000000000
108477  -46.060  13.374  24.275 0.0000000000
108460  -45.775  12.551  24.458 0.0000000000
108478  -46.629  13.407  24.384 0.0000000000
108462  -47.320  12.930  24.620 0.0000000000
109365  -47.048  13.400  24.449 0.0000000000
110255  -48.646  15.121  24.571 0.0000000000
110256  -49.457  15.061  24.979 0.0000000000
109368  -50.049  14.530  25.088 0.0000000000
99660  -49.286  5.647  24.795 0.0000000000
101830  -49.710  6.407  26.792 0.0000000000
101844  -49.995  6.580  25.705 0.0000000000
101829  -49.053  6.367  26.613 0.0000000000
100750  -48.338  6.056  26.739 0.0000000000
98565  -47.144  4.034  29.295 0.0000000000
98579  -47.541  3.418  28.177 0.0000000000
98566  -48.270  4.073  28.850 0.0000000000
99615  -49.009  4.735  29.424 0.0000000000
100718  -49.125  5.149  29.670 0.0000000000
99574  -48.037  5.074  30.533 0.0000000000
100714  -46.160  5.597  30.024 0.0000000000
100715  -47.265  5.745  29.902 0.0000000000
99611  -46.159  5.214  28.266 0.0000000000
99610  -45.067  4.895  28.624 0.0000000000
99590  -44.823  5.129  29.308 0.0000000000
99608  -42.798  4.520  28.522 0.0000000000
98519  -42.805  4.240  31.757 0.0000000000
100667  -41.587  5.602  31.348 0.0000000000
100710  -41.561  5.509  30.234 0.0000000000
100709  -40.532  5.612  29.657 0.0000000000
92333  -44.059  -2.427  23.832 0.0000000000
88987  -40.257  -5.412  26.484 0.0000000000
88988  -41.271  -5.340  26.526 0.0000000000
88989  -42.288  -5.342  26.541 0.0000000000
90118  -37.907  -4.015  24.707 0.0000000000
90107  -38.830  -4.723  25.183 0.0000000000
90119  -38.655  -4.147  24.647 0.0000000000
91200  -40.291  -3.584  24.180 0.0000000000
91201  -40.821  -4.144  24.241 0.0000000000
90137  -42.076  -4.183  24.007 0.0000000000
90138  -42.868  -4.120  23.997 0.0000000000
91211  -41.381  -3.595  23.831 0.0000000000
94325  -41.204  -1.019  23.687 0.0000000000
93328  -41.801  -1.692  23.614 0.0000000000
94326  -41.949  -0.884  23.761 0.0000000000
93317  -42.460  -1.213  23.822 0.0000000000
94313  -41.567  -0.269  24.083 0.0000000000
95340  -41.490  1.098  25.048 0.0000000000
95339  -40.655  1.052  25.160 0.0000000000
96413  -39.149  1.402  26.794 0.0000000000
96403  -39.617  1.764  27.429 0.0000000000
96394  -39.384  1.875  28.301 0.0000000000
96381  -39.977  2.098  28.886 0.0000000000
96380  -39.336  2.007  29.218 0.0000000000
101765  -36.427  6.079  30.398 0.0000000000
101766  -37.503  6.129  30.401 0.0000000000
101784  -37.754  6.446  29.621 0.0000000000
101795  -34.732  6.539  29.233 0.0000000000
101807  -35.002  6.276  28.052 0.0000000000
100679  -33.825  5.950  30.323 0.0000000000
101780  -33.595  6.239  30.106 0.0000000000
101836  -33.339  6.334  26.115 0.0000000000
102813  -33.061  7.556  24.625 0.0000000000
95428  -43.864  -0.071  17.351 0.0000000000
95429  -44.786  0.791  17.560 0.0000000000
95440  -45.503  1.002  16.618 0.0000000000
95439  -44.560  0.052  16.385 0.0000000000
94435  -45.169  -0.276  15.334 0.0000000000
99656  -44.604  4.730  24.215 0.0000000000
100765  -45.050  5.283  23.833 0.0000000000
100776  -44.601  5.323  23.323 0.0000000000
99690  -45.002  5.056  20.937 0.0000000000
100810  -45.341  5.200  20.766 0.0000000000
97533  -42.545  2.886  18.936 0.0000000000
98635  -43.434  3.246  19.286 0.0000000000
97557  -45.048  2.879  17.140 0.0000000000
97546  -44.320  2.951  17.914 0.0000000000
98662  -46.221  3.390  17.469 0.0000000000
97569  -46.198  2.199  15.864 0.0000000000
96530  -46.258  1.302  14.574 0.0000000000
96520  -46.194  1.490  15.257 0.0000000000
94444  -45.810  0.115  14.481 0.0000000000
94451  -46.116  0.140  13.930 0.0000000000
94457  -46.209  -0.022  12.951 0.0000000000
95485  -46.310  0.493  12.370 0.0000000000
95484  -45.993  0.721  11.632 0.0000000000
94472  -45.157  0.027  11.052 0.0000000000
96549  -44.344  1.890  12.424 0.0000000000
96548  -43.628  2.133  12.472 0.0000000000
96566  -45.440  1.444  10.366 0.0000000000
96575  -45.174  1.513  9.410 0.0000000000
95500  -44.496  0.528  9.359 0.0000000000
97642  -44.751  2.185  8.506 0.0000000000
97641  -44.164  2.486  8.051 0.0000000000
96581  -43.628  1.537  8.124 0.0000000000
98734  -43.838  3.282  7.767 0.0000000000
102793  -38.795  7.238  26.403 0.0000000000
102794  -39.236  7.152  25.971 0.0000000000
102821  -40.458  7.888  24.571 0.0000000000
102820  -39.847  7.667  23.987 0.0000000000
101857  -39.341  6.944  23.623 0.0000000000
105694  -42.142  9.983  23.465 0.0000000000
105693  -41.576  9.713  23.345 0.0000000000
105699  -41.287  9.993  22.648 0.0000000000
105707  -40.728  9.914  20.667 0.0000000000
105703  -40.707  9.803  21.662 0.0000000000
104717  -40.049  9.145  21.058 0.0000000000
104716  -39.766  8.642  21.345 0.0000000000
103752  -40.225  8.426  20.333 0.0000000000
103767  -41.909  8.598  18.308 0.0000000000
102847  -42.127  7.897  17.993 0.0000000000
101906  -42.248  7.207  17.847 0.0000000000
102853  -42.698  7.802  17.438 0.0000000000
108502  -46.637  12.969  21.974 0.0000000000
107627  -45.967  12.588  18.817 0.0000000000
107610  -45.688  12.940  19.833 0.0000000000
106682  -45.507  11.990  18.265 0.0000000000
105755  -47.930  10.456  16.397 0.0000000000
106705  -47.413  11.069  16.863 0.0000000000
105754  -46.988  10.427  16.526 0.0000000000
104760  -45.490  9.383  16.429 0.0000000000
104750  -45.086  9.948  17.024 0.0000000000
105743  -44.754  10.431  17.504 0.0000000000
104749  -44.485  9.451  17.110 0.0000000000
104748  -43.397  9.450  17.654 0.0000000000
103776  -44.371  8.805  16.682 0.0000000000
102871  -43.674  7.511  15.853 0.0000000000
101923  -43.188  7.273  15.925 0.0000000000
101922  -42.756  6.977  16.161 0.0000000000
101931  -42.584  6.645  15.249 0.0000000000
101930  -41.958  6.082  14.991 0.0000000000
101940  -42.465  6.491  14.353 0.0000000000
102900  -42.644  6.720  12.610 0.0000000000
101949  -42.401  6.500  13.319 0.0000000000
101957  -42.065  6.154  12.243 0.0000000000
101963  -42.391  6.343  11.116 0.0000000000
102902  -44.731  7.458  12.474 0.0000000000
99784  -43.140  4.638  8.696 0.0000000000
100896  -43.061  5.559  8.300 0.0000000000
99793  -43.533  4.811  7.445 0.0000000000
99798  -42.654  4.807  6.879 0.0000000000
104872  -44.221  9.141  7.337 0.0000000000
104871  -43.500  9.255  7.487 0.0000000000
103855  -42.026  9.011  8.519 0.0000000000
103866  -41.818  8.408  7.586 0.0000000000
106745  -49.831  11.297  12.482 0.0000000000
106744  -49.248  11.122  12.565 0.0000000000
105797  -47.508  10.118  12.107 0.0000000000
105796  -46.524  10.015  12.180 0.0000000000
104812  -46.052  9.712  11.365 0.0000000000
105795  -45.762  9.838  12.184 0.0000000000
105782  -43.555  10.211  13.559 0.0000000000
104810  -44.212  9.671  12.084 0.0000000000
104809  -43.138  9.627  12.184 0.0000000000
104808  -42.227  9.539  12.438 0.0000000000
104796  -41.146  9.626  13.592 0.0000000000
103829  -40.129  8.954  12.228 0.0000000000
104805  -39.735  9.161  13.296 0.0000000000
104783  -39.405  9.431  14.509 0.0000000000
104768  -38.835  9.755  15.570 0.0000000000
106703  -41.115  12.042  15.987 0.0000000000
106701  -39.724  11.659  16.441 0.0000000000
105752  -39.957  11.043  16.196 0.0000000000
105751  -39.282  10.930  16.406 0.0000000000
105750  -38.429  10.642  16.672 0.0000000000
110431  -43.138  15.759  11.110 0.0000000000
110417  -41.755  15.895  12.415 0.0000000000
100725  -39.058  5.756  28.151 0.0000000000
100737  -38.811  5.651  27.379 0.0000000000
101827  -39.015  6.575  26.079 0.0000000000
111190  -50.933  16.286  22.035 0.0000000000
111188  -48.853  16.714  21.760 0.0000000000
111198  -48.125  15.993  19.939 0.0000000000
111187  -48.081  16.860  21.172 0.0000000000
112013  -47.646  17.427  20.891 0.0000000000
104697  -33.557  9.845  23.651 0.0000000000
105686  -35.126  10.765  23.265 0.0000000000
96430  -44.568  1.115  25.646 0.0000000000
97494  -43.092  2.297  27.178 0.0000000000
96417  -43.033  1.861  26.428 0.0000000000
96416  -41.950  1.879  26.690 0.0000000000
96390  -33.752  1.514  28.789 0.0000000000
97468  -33.924  2.517  28.731 0.0000000000
97467  -33.200  2.370  28.561 0.0000000000
101851  -47.790  6.509  24.062 0.0000000000
101858  -47.399  6.487  23.388 0.0000000000
101866  -46.912  6.453  22.537 0.0000000000
99720  -41.138  4.689  18.390 0.0000000000
99719  -40.959  4.067  18.111 0.0000000000
99729  -40.949  4.296  17.690 0.0000000000
98671  -40.869  3.737  16.622 0.0000000000
98678  -40.892  3.735  15.772 0.0000000000
98686  -40.979  3.843  15.041 0.0000000000
99753  -40.940  4.254  15.368 0.0000000000
99754  -41.196  4.500  14.594 0.0000000000
100863  -41.431  5.223  13.818 0.0000000000
106634  -44.685  11.067  24.150 0.0000000000
105696  -44.182  10.680  24.100 0.0000000000
106646  -45.107  11.406  23.751 0.0000000000
107586  -44.837  11.922  22.639 0.0000000000
107593  -45.123  12.421  22.098 0.0000000000
104777  -50.257  9.743  15.109 0.0000000000
104776  -49.762  9.541  15.178 0.0000000000
103809  -49.957  8.727  14.108 0.0000000000
102894  -48.338  7.762  12.086 0.0000000000
103830  -48.854  8.141  12.038 0.0000000000
102918  -48.211  8.258  10.593 0.0000000000
102929  -48.075  8.459  10.130 0.0000000000
104854  -48.010  8.934  9.069 0.0000000000
103850  -48.210  8.707  10.118 0.0000000000
104827  -48.275  9.284  10.773 0.0000000000
110382  -45.503  14.938  14.004 0.0000000000
109480  -43.999  14.692  14.705 0.0000000000
109468  -43.292  14.075  15.182 0.0000000000
98575  -42.452  3.738  26.875 0.0000000000
98589  -42.900  3.729  26.092 0.0000000000
98588  -41.995  3.567  26.177 0.0000000000
98595  -41.471  3.512  25.401 0.0000000000
99664  -39.364  4.806  23.378 0.0000000000
99676  -39.604  5.054  22.685 0.0000000000
101874  -41.161  6.059  20.870 0.0000000000
101873  -40.620  6.233  21.043 0.0000000000
101888  -40.760  7.171  20.080 0.0000000000
108481  -49.590  13.482  23.928 0.0000000000
108497  -50.824  13.706  22.419 0.0000000000
108506  -51.020  13.595  21.348 0.0000000000
109410  -52.245  14.225  19.581 0.0000000000
109423  -52.044  14.036  18.637 0.0000000000
108548  -51.958  13.325  18.054 0.0000000000
108561  -51.769  13.325  17.021 0.0000000000
108571  -51.548  13.359  15.948 0.0000000000
108582  -51.434  13.536  15.016 0.0000000000
108592  -51.357  13.449  14.120 0.0000000000
109487  -51.261  14.144  14.451 0.0000000000
110386  -50.352  15.203  14.255 0.0000000000
110341  -47.655  15.697  16.087 0.0000000000
110361  -47.500  16.104  14.793 0.0000000000
110383  -47.814  16.336  13.803 0.0000000000
111229  -47.308  16.458  14.028 0.0000000000
111239  -46.783  16.630  13.651 0.0000000000
93473  -43.225  -1.398  8.512 0.0000000000
102804  -37.029  7.655  25.431 0.0000000000
105689  -38.164  10.468  23.541 0.0000000000
106612  -41.363  11.035  24.503 0.0000000000
106631  -41.787  11.502  24.193 0.0000000000
107572  -42.520  11.998  24.097 0.0000000000
110285  -43.000  15.270  22.679 0.0000000000
109396  -43.675  14.339  22.911 0.0000000000
110271  -44.472  15.080  22.896 0.0000000000
110274  -47.010  15.085  23.785 0.0000000000
110254  -47.690  15.373  24.089 0.0000000000
100759  -49.944  5.870  25.301 0.0000000000
99649  -49.831  5.264  26.724 0.0000000000
100743  -50.417  6.113  27.234 0.0000000000
100741  -49.367  6.187  28.019 0.0000000000
98549  -46.543  4.256  30.113 0.0000000000
99572  -46.763  4.823  31.264 0.0000000000
99559  -47.047  5.158  31.292 0.0000000000
99558  -46.301  5.081  31.670 0.0000000000
100671  -45.888  5.347  31.532 0.0000000000
100690  -45.450  5.517  30.964 0.0000000000
100713  -44.938  5.340  29.962 0.0000000000
100689  -44.307  5.512  31.032 0.0000000000
100688  -43.197  5.630  31.064 0.0000000000
98518  -41.657  4.097  31.562 0.0000000000
100666  -40.632  5.611  31.271 0.0000000000
92318  -38.158  -2.392  24.458 0.0000000000
91198  -38.419  -3.338  24.468 0.0000000000
92319  -39.107  -2.566  24.132 0.0000000000
92329  -40.382  -2.553  23.838 0.0000000000
92330  -41.225  -2.566  23.674 0.0000000000
93326  -40.013  -1.592  23.883 0.0000000000
94312  -40.435  -0.540  24.043 0.0000000000
95351  -40.043  0.394  24.642 0.0000000000
95338  -39.704  0.989  25.484 0.0000000000
96402  -38.709  1.425  27.498 0.0000000000
99567  -37.048  4.670  30.540 0.0000000000
100682  -36.242  5.529  30.401 0.0000000000
101782  -35.577  6.405  29.977 0.0000000000
96498  -45.994  1.908  17.081 0.0000000000
100775  -44.104  5.382  22.851 0.0000000000
100788  -44.662  5.803  22.427 0.0000000000
99689  -44.275  4.979  21.102 0.0000000000
97555  -42.439  2.412  17.572 0.0000000000
97567  -44.225  2.440  16.383 0.0000000000
97580  -46.071  2.074  15.312 0.0000000000
97590  -45.613  2.061  15.086 0.0000000000
97591  -45.946  1.851  14.885 0.0000000000
96541  -46.472  1.201  13.807 0.0000000000
95478  -46.496  0.636  13.338 0.0000000000
96550  -45.589  1.592  12.306 0.0000000000
97605  -42.582  2.850  12.105 0.0000000000
97606  -43.757  2.417  11.651 0.0000000000
97626  -44.534  2.824  9.586 0.0000000000
97634  -45.086  2.253  9.061 0.0000000000
98717  -44.304  3.260  8.854 0.0000000000
98724  -43.800  3.837  8.564 0.0000000000
103742  -40.545  8.471  23.744 0.0000000000
105705  -42.125  10.989  21.689 0.0000000000
106653  -41.770  11.043  20.415 0.0000000000
105708  -41.221  10.512  20.192 0.0000000000
105718  -40.852  9.925  19.830 0.0000000000
104727  -40.963  9.332  19.295 0.0000000000
104737  -42.487  9.398  18.177 0.0000000000
104747  -42.822  9.004  17.710 0.0000000000
108527  -48.371  13.417  19.747 0.0000000000
108526  -47.304  13.346  20.094 0.0000000000
107612  -47.425  13.178  19.209 0.0000000000
107628  -46.878  12.640  18.445 0.0000000000
104774  -47.228  9.277  15.455 0.0000000000
104773  -46.252  9.051  15.700 0.0000000000
104772  -45.730  8.868  15.845 0.0000000000
103786  -45.367  8.681  15.879 0.0000000000
103785  -44.724  8.537  16.169 0.0000000000
102872  -44.486  7.796  15.538 0.0000000000
102879  -43.819  7.295  15.064 0.0000000000
102889  -43.811  7.124  14.152 0.0000000000
102925  -45.358  8.215  9.748 0.0000000000
102924  -44.030  7.686  10.298 0.0000000000
102935  -44.144  7.954  8.990 0.0000000000
101980  -43.157  7.049  7.954 0.0000000000
101975  -43.129  6.076  7.946 0.0000000000
100903  -43.448  5.747  6.979 0.0000000000
100912  -43.150  5.906  6.614 0.0000000000
100902  -42.540  5.535  6.689 0.0000000000
100911  -42.770  5.939  6.525 0.0000000000
101986  -42.407  6.626  6.521 0.0000000000
104860  -43.270  9.402  8.206 0.0000000000
106736  -49.362  11.820  12.906 0.0000000000
105787  -48.750  11.178  12.763 0.0000000000
106734  -47.155  11.223  13.520 0.0000000000
106724  -44.758  11.385  14.512 0.0000000000
104798  -42.934  9.768  13.086 0.0000000000
104795  -40.241  9.488  13.907 0.0000000000
104770  -40.749  10.125  15.215 0.0000000000
108570  -41.137  13.035  16.034 0.0000000000
107654  -40.851  12.473  16.152 0.0000000000
107652  -39.307  12.409  16.572 0.0000000000
108567  -38.739  13.235  16.570 0.0000000000
99621  -40.301  4.218  27.911 0.0000000000
98573  -40.710  3.732  27.169 0.0000000000
98572  -39.951  4.001  27.147 0.0000000000
98585  -39.673  4.105  26.514 0.0000000000
99642  -39.307  4.445  25.982 0.0000000000
99632  -38.865  4.989  26.581 0.0000000000
99663  -39.059  5.183  23.723 0.0000000000
100782  -39.090  5.880  23.198 0.0000000000
101863  -39.247  6.575  22.625 0.0000000000
109386  -52.018  14.583  22.975 0.0000000000
110289  -52.300  15.028  22.758 0.0000000000
110294  -52.134  15.368  21.636 0.0000000000
110300  -52.014  15.199  20.813 0.0000000000
110299  -51.235  15.387  20.629 0.0000000000
110307  -51.795  14.895  20.043 0.0000000000
110314  -50.741  14.941  18.943 0.0000000000
109421  -50.516  14.772  18.005 0.0000000000
109438  -50.362  14.801  16.969 0.0000000000
110327  -49.589  14.989  17.755 0.0000000000
110303  -48.162  15.666  19.259 0.0000000000
110311  -47.772  15.590  18.461 0.0000000000
110310  -47.056  15.769  18.041 0.0000000000
111201  -45.657  16.946  17.955 0.0000000000
111207  -45.429  17.087  17.382 0.0000000000
103729  -35.757  8.388  24.237 0.0000000000
105687  -36.203  10.669  23.275 0.0000000000
98563  -44.859  3.498  29.508 0.0000000000
98547  -44.284  3.606  30.460 0.0000000000
98520  -43.912  4.543  31.948 0.0000000000
98546  -43.014  3.141  30.086 0.0000000000
98545  -42.311  2.833  30.314 0.0000000000
97457  -42.159  2.663  29.581 0.0000000000
97442  -41.119  2.659  30.514 0.0000000000
97441  -40.164  2.698  30.588 0.0000000000
89002  -37.342  -5.061  25.739 0.0000000000
90104  -36.443  -4.225  25.414 0.0000000000
91191  -36.832  -3.813  25.078 0.0000000000
91196  -36.820  -2.826  24.740 0.0000000000
92314  -35.994  -2.447  25.385 0.0000000000
92316  -36.553  -2.348  24.954 0.0000000000
93313  -36.844  -1.372  25.034 0.0000000000
99585  -35.447  3.995  29.602 0.0000000000
100707  -34.676  5.322  30.051 0.0000000000
99584  -34.602  4.527  29.607 0.0000000000
99696  -42.552  4.629  20.614 0.0000000000
98634  -42.079  3.306  19.355 0.0000000000
97544  -41.998  2.687  18.458 0.0000000000
98647  -41.332  3.452  18.310 0.0000000000
97554  -41.644  2.767  17.813 0.0000000000
96526  -42.868  1.989  14.346 0.0000000000
96537  -42.641  2.183  13.757 0.0000000000
97598  -42.392  2.457  13.176 0.0000000000
98706  -42.219  3.803  11.275 0.0000000000
99772  -42.317  4.161  10.818 0.0000000000
104678  -41.811  9.349  25.167 0.0000000000
104691  -41.854  9.301  24.700 0.0000000000
104705  -42.520  9.692  24.306 0.0000000000
106644  -43.670  11.188  23.001 0.0000000000
106643  -43.050  11.195  22.477 0.0000000000
106649  -42.667  11.315  21.670 0.0000000000
106655  -43.220  11.706  21.110 0.0000000000
106667  -43.357  11.695  19.891 0.0000000000
106694  -49.005  11.780  17.251 0.0000000000
104763  -48.250  10.053  15.935 0.0000000000
104787  -48.953  8.932  14.654 0.0000000000
102882  -46.378  7.830  13.626 0.0000000000
102891  -45.690  7.549  13.194 0.0000000000
102915  -46.136  7.888  11.000 0.0000000000
102905  -47.764  7.637  11.545 0.0000000000
103878  -44.168  8.612  7.293 0.0000000000
103879  -45.158  8.840  7.536 0.0000000000
104862  -45.089  9.330  7.818 0.0000000000
104852  -46.866  9.215  8.581 0.0000000000
104850  -44.920  9.504  8.679 0.0000000000
104837  -44.662  9.527  9.750 0.0000000000
108590  -48.037  13.742  14.004 0.0000000000
107674  -47.623  12.820  14.257 0.0000000000
108581  -45.052  13.081  15.211 0.0000000000
107671  -44.290  12.095  14.870 0.0000000000
107670  -43.627  12.098  14.975 0.0000000000
106715  -42.594  11.489  15.098 0.0000000000
107660  -42.181  12.444  15.542 0.0000000000
108577  -41.690  13.357  15.684 0.0000000000
108576  -41.034  13.569  15.891 0.0000000000
99636  -45.532  4.623  26.443 0.0000000000
99645  -45.438  4.672  25.346 0.0000000000
99644  -44.570  4.396  25.181 0.0000000000
98597  -43.212  3.861  25.165 0.0000000000
98605  -43.394  4.079  24.613 0.0000000000
99668  -43.662  4.801  23.255 0.0000000000
99680  -43.146  4.877  22.895 0.0000000000
100786  -42.561  5.462  22.082 0.0000000000
98609  -41.483  3.813  23.910 0.0000000000
99665  -40.557  4.092  23.515 0.0000000000
100799  -42.436  5.530  21.482 0.0000000000
99695  -41.638  5.045  20.296 0.0000000000
99708  -41.285  5.023  19.461 0.0000000000
107589  -46.884  12.369  23.868 0.0000000000
108512  -48.067  13.465  20.980 0.0000000000
108504  -48.921  13.463  21.957 0.0000000000
108545  -49.034  13.184  19.096 0.0000000000
107630  -49.255  12.777  18.510 0.0000000000
109399  -52.221  14.300  22.204 0.0000000000
108507  -51.781  13.587  21.061 0.0000000000
108515  -51.231  13.355  20.356 0.0000000000
108517  -52.316  13.732  20.130 0.0000000000
108516  -51.951  13.388  20.215 0.0000000000
107613  -50.632  12.879  19.048 0.0000000000
107631  -50.314  12.726  18.705 0.0000000000
107644  -49.610  12.285  17.901 0.0000000000
106695  -49.987  11.684  17.406 0.0000000000
105758  -50.521  10.654  15.853 0.0000000000
106709  -51.192  12.006  16.575 0.0000000000
105768  -50.578  10.292  15.026 0.0000000000
105777  -50.592  10.203  14.003 0.0000000000
104816  -50.158  9.793  12.806 0.0000000000
107691  -50.377  11.712  12.679 0.0000000000
107690  -50.267  12.023  12.642 0.0000000000
107686  -51.353  13.101  13.015 0.0000000000
107684  -50.090  12.676  12.764 0.0000000000
109485  -49.193  14.337  13.244 0.0000000000
109453  -50.249  14.883  15.898 0.0000000000
109471  -50.251  15.002  15.288 0.0000000000
110385  -49.628  15.610  13.859 0.0000000000
109484  -48.580  14.490  13.415 0.0000000000
109492  -48.282  15.281  13.011 0.0000000000
111256  -48.130  16.207  12.375 0.0000000000
110404  -46.870  15.597  12.697 0.0000000000
110421  -46.279  15.860  11.960 0.0000000000
101826  -38.087  7.314  26.880 0.0000000000
102806  -38.682  7.923  25.936 0.0000000000
102805  -37.860  7.860  25.790 0.0000000000
103719  -40.233  8.513  25.378 0.0000000000
104677  -40.930  9.245  25.317 0.0000000000
103740  -36.774  9.170  24.073 0.0000000000
104702  -38.348  9.894  24.060 0.0000000000
104688  -38.882  9.535  24.657 0.0000000000
104689  -39.659  9.576  24.947 0.0000000000
104679  -42.714  9.872  25.324 0.0000000000
105668  -43.589  10.427  25.201 0.0000000000
106606  -43.390  10.902  25.294 0.0000000000
106608  -44.084  10.774  25.202 0.0000000000
106616  -44.694  11.162  24.932 0.0000000000
106617  -45.620  11.828  24.468 0.0000000000
106618  -46.050  12.043  24.539 0.0000000000
108474  -42.823  12.763  23.543 0.0000000000
108475  -43.744  13.035  23.617 0.0000000000
109379  -44.129  13.691  23.404 0.0000000000
107574  -44.062  12.469  24.269 0.0000000000
108459  -45.204  12.316  24.493 0.0000000000
107560  -46.233  12.206  24.444 0.0000000000
107577  -46.828  12.479  24.420 0.0000000000
109366  -47.789  14.070  24.428 0.0000000000
108464  -49.280  13.675  24.691 0.0000000000
108465  -50.150  13.927  24.463 0.0000000000
109369  -50.967  14.450  24.595 0.0000000000
110257  -51.193  14.987  24.967 0.0000000000
110243  -50.192  15.597  25.254 0.0000000000
101854  -50.066  6.432  25.242 0.0000000000
101853  -49.556  6.449  24.709 0.0000000000
101852  -48.566  6.509  24.491 0.0000000000
100758  -48.002  6.152  25.615 0.0000000000
99637  -46.418  5.046  26.506 0.0000000000
100732  -49.277  6.004  29.222 0.0000000000
100731  -48.310  6.006  29.045 0.0000000000
100692  -47.316  5.564  30.648 0.0000000000
99612  -46.799  5.434  28.027 0.0000000000
99627  -46.638  5.250  27.402 0.0000000000
99625  -44.702  4.556  27.409 0.0000000000
99589  -44.274  5.097  29.340 0.0000000000
99607  -41.732  4.508  28.694 0.0000000000
99555  -43.274  4.968  32.090 0.0000000000
99554  -42.200  4.920  31.765 0.0000000000
99606  -40.706  4.711  28.779 0.0000000000
100727  -40.109  5.248  28.961 0.0000000000
100726  -39.530  5.430  28.541 0.0000000000
101800  -39.145  5.933  28.617 0.0000000000
101798  -37.970  6.661  28.591 0.0000000000
93319  -44.016  -1.468  24.198 0.0000000000
88968  -43.507  -5.349  27.368 0.0000000000
88990  -43.271  -5.411  26.514 0.0000000000
89008  -43.055  -5.328  25.628 0.0000000000
89005  -40.030  -5.244  25.515 0.0000000000
90120  -39.486  -4.280  24.632 0.0000000000
90121  -40.314  -4.607  24.679 0.0000000000
89018  -40.764  -5.027  24.975 0.0000000000
90110  -41.638  -5.017  24.978 0.0000000000
89020  -42.926  -5.082  24.905 0.0000000000
89021  -43.742  -5.148  24.825 0.0000000000
90139  -43.350  -4.063  23.986 0.0000000000
91213  -43.495  -3.485  23.808 0.0000000000
92331  -42.115  -2.652  23.575 0.0000000000
92332  -43.066  -2.633  23.673 0.0000000000
93330  -43.421  -1.905  23.821 0.0000000000
93318  -43.137  -1.259  24.082 0.0000000000
95353  -42.178  0.589  24.678 0.0000000000
96415  -40.947  1.810  26.659 0.0000000000
96426  -40.492  1.421  25.901 0.0000000000
96404  -40.429  2.032  27.325 0.0000000000
97479  -40.924  2.349  27.994 0.0000000000
95324  -37.396  0.662  27.246 0.0000000000
96401  -37.972  1.055  27.896 0.0000000000
96367  -38.069  1.824  30.177 0.0000000000
96379  -38.485  1.698  29.590 0.0000000000
97453  -38.700  2.122  30.274 0.0000000000
97440  -39.236  2.745  30.597 0.0000000000
101824  -36.475  6.511  26.746 0.0000000000
101838  -35.656  6.583  25.875 0.0000000000
102802  -34.871  6.977  25.148 0.0000000000
101763  -34.461  6.116  30.386 0.0000000000
101822  -34.141  6.184  27.048 0.0000000000
102814  -34.184  7.576  24.577 0.0000000000
103727  -33.605  8.309  24.113 0.0000000000
103736  -33.204  9.031  23.759 0.0000000000
102812  -31.942  7.611  24.814 0.0000000000
103726  -32.498  8.508  24.159 0.0000000000
94425  -44.017  -0.871  16.422 0.0000000000
94434  -44.696  -0.806  15.566 0.0000000000
94442  -44.923  -1.245  14.912 0.0000000000
100766  -45.629  5.293  24.303 0.0000000000
100790  -46.056  5.966  22.847 0.0000000000
101865  -46.022  6.174  22.249 0.0000000000
101875  -45.098  6.104  21.927 0.0000000000
101876  -45.742  6.120  21.728 0.0000000000
100802  -46.379  5.948  21.084 0.0000000000
98625  -44.103  3.763  20.027 0.0000000000
98636  -44.903  3.698  19.182 0.0000000000
98637  -45.866  3.968  18.616 0.0000000000
98651  -46.584  3.978  17.935 0.0000000000
96508  -46.192  1.671  16.012 0.0000000000
97570  -46.336  1.965  15.431 0.0000000000
95452  -46.048  0.919  15.239 0.0000000000
95461  -45.699  0.178  14.791 0.0000000000
93432  -45.302  -1.100  13.581 0.0000000000
93439  -45.355  -1.023  12.705 0.0000000000
93445  -45.372  -0.833  11.843 0.0000000000
94465  -46.091  -0.061  12.332 0.0000000000
93451  -45.245  -0.609  11.417 0.0000000000
94463  -45.105  -0.394  11.123 0.0000000000
94471  -44.734  -0.177  10.343 0.0000000000
97608  -45.486  1.740  11.482 0.0000000000
96558  -45.718  1.322  11.346 0.0000000000
95491  -44.985  0.473  10.112 0.0000000000
95506  -44.269  1.030  8.627 0.0000000000
96583  -44.980  1.784  8.745 0.0000000000
95505  -44.031  1.138  8.299 0.0000000000
102781  -38.473  7.044  26.964 0.0000000000
101841  -39.217  6.391  25.228 0.0000000000
101842  -39.635  6.942  25.081 0.0000000000
101849  -39.210  6.440  24.292 0.0000000000
102827  -39.405  7.518  22.052 0.0000000000
103734  -41.306  8.779  24.421 0.0000000000
103743  -41.149  8.899  23.950 0.0000000000
103746  -40.253  8.748  22.926 0.0000000000
105698  -40.696  9.620  22.297 0.0000000000
104708  -40.137  8.896  22.441 0.0000000000
103745  -39.764  8.350  22.648 0.0000000000
103748  -39.608  8.234  21.644 0.0000000000
102831  -39.659  7.623  21.219 0.0000000000
102832  -40.070  7.712  20.626 0.0000000000
102837  -40.603  7.617  19.965 0.0000000000
102838  -41.170  7.711  19.179 0.0000000000
103759  -41.270  8.555  18.862 0.0000000000
101905  -41.998  6.478  17.490 0.0000000000
101913  -42.295  6.429  16.704 0.0000000000
107594  -46.137  12.517  22.870 0.0000000000
108501  -45.826  12.819  21.761 0.0000000000
107599  -45.261  12.793  20.901 0.0000000000
108525  -46.508  13.233  20.250 0.0000000000
107609  -44.645  12.435  19.834 0.0000000000
106668  -44.012  12.080  19.580 0.0000000000
106693  -47.906  11.730  17.311 0.0000000000
106692  -46.525  11.572  17.522 0.0000000000
105753  -46.229  10.138  16.626 0.0000000000
106691  -45.168  11.250  17.742 0.0000000000
105733  -44.215  10.763  17.935 0.0000000000
105732  -43.502  10.496  18.150 0.0000000000
103774  -43.077  8.565  17.449 0.0000000000
103784  -44.110  8.376  16.489 0.0000000000
102854  -43.261  8.053  17.058 0.0000000000
100884  -41.878  5.083  11.201 0.0000000000
99778  -42.183  4.686  10.795 0.0000000000
102923  -42.986  7.193  10.731 0.0000000000
98733  -43.834  3.931  7.819 0.0000000000
99792  -43.489  5.035  8.013 0.0000000000
98741  -43.585  3.295  7.636 0.0000000000
103876  -42.346  7.968  6.683 0.0000000000
103867  -42.702  9.103  7.723 0.0000000000
105807  -49.255  9.898  11.755 0.0000000000
104814  -47.766  9.623  11.331 0.0000000000
104823  -44.412  9.529  10.879 0.0000000000
106726  -47.277  11.945  14.151 0.0000000000
106733  -46.490  10.864  13.439 0.0000000000
105776  -45.084  10.714  13.912 0.0000000000
105784  -45.825  10.371  13.099 0.0000000000
105794  -45.120  9.814  12.496 0.0000000000
104821  -42.392  9.449  11.428 0.0000000000
103837  -40.055  8.792  11.541 0.0000000000
104794  -39.556  9.242  13.822 0.0000000000
103803  -38.740  8.991  14.017 0.0000000000
105764  -41.210  10.694  15.424 0.0000000000
105763  -40.438  10.697  15.741 0.0000000000
106702  -40.607  11.627  16.088 0.0000000000
106689  -38.198  11.543  17.141 0.0000000000
112026  -44.968  17.787  17.198 0.0000000000
112060  -45.163  17.266  13.768 0.0000000000
111267  -46.237  16.887  12.005 0.0000000000
111283  -45.865  16.461  10.985 0.0000000000
110433  -45.616  15.800  10.969 0.0000000000
110444  -44.738  15.929  10.467 0.0000000000
110419  -43.892  15.681  12.062 0.0000000000
110401  -43.278  15.585  13.143 0.0000000000
110400  -42.195  15.626  13.244 0.0000000000
110378  -41.646  15.410  14.180 0.0000000000
109477  -41.302  14.967  14.735 0.0000000000
89019  -41.097  -5.038  24.938 0.0000000000
90105  -37.205  -4.307  25.189 0.0000000000
90109  -41.344  -5.023  24.947 0.0000000000
90124  -43.411  -4.481  24.296 0.0000000000
91202  -43.594  -4.017  23.973 0.0000000000
91214  -44.327  -3.131  23.832 0.0000000000
92317  -37.202  -2.264  24.596 0.0000000000
92320  -39.763  -2.912  24.035 0.0000000000
92328  -39.747  -2.322  23.950 0.0000000000
92485  -43.145  -1.628  8.466 0.0000000000
93309  -35.960  -1.361  25.790 0.0000000000
93316  -39.714  -0.994  24.123 0.0000000000
93466  -43.920  -0.925  9.152 0.0000000000
93472  -43.002  -1.436  8.388 0.0000000000
94324  -40.620  -1.210  23.755 0.0000000000
94484  -43.419  -0.754  8.648 0.0000000000
95325  -37.997  0.937  27.098 0.0000000000
95354  -43.317  0.471  24.830 0.0000000000
95355  -44.209  0.019  24.804 0.0000000000
96406  -42.569  2.179  27.032 0.0000000000
96414  -39.911  1.567  26.507 0.0000000000
96438  -43.212  0.848  25.086 0.0000000000
96507  -44.228  2.318  15.852 0.0000000000
96518  -45.174  2.114  15.116 0.0000000000
96519  -46.044  1.147  15.479 0.0000000000
97481  -42.659  2.390  27.736 0.0000000000
97482  -43.500  2.524  27.804 0.0000000000
97493  -41.441  2.113  27.050 0.0000000000
97532  -42.091  2.952  18.909 0.0000000000
97543  -41.622  2.921  18.220 0.0000000000
97547  -46.669  2.653  17.613 0.0000000000
97579  -45.440  2.242  15.554 0.0000000000
97592  -46.100  1.577  14.794 0.0000000000
97647  -43.738  2.908  7.728 0.0000000000
98521  -44.603  4.758  31.979 0.0000000000
98550  -47.115  4.277  29.967 0.0000000000
98560  -33.484  3.168  28.665 0.0000000000
98601  -40.177  3.764  24.980 0.0000000000
98610  -42.254  4.030  23.868 0.0000000000
98646  -40.948  3.882  17.909 0.0000000000
98700  -42.485  3.371  11.459 0.0000000000
99560  -47.383  5.164  31.099 0.0000000000
99571  -45.784  4.670  31.578 0.0000000000
99573  -47.591  4.983  30.909 0.0000000000
99591  -45.745  4.475  31.153 0.0000000000
99594  -48.314  4.919  30.245 0.0000000000
99595  -48.884  5.028  29.875 0.0000000000
99613  -47.392  4.336  29.883 0.0000000000
99614  -47.952  4.456  29.727 0.0000000000
99620  -39.545  4.625  27.658 0.0000000000
99638  -49.522  4.544  26.833 0.0000000000
99655  -43.691  4.321  24.070 0.0000000000
99805  -42.901  5.350  6.561 0.0000000000
99806  -43.050  5.553  6.520 0.0000000000
100672  -46.739  5.398  31.248 0.0000000000
100673  -47.325  5.380  31.005 0.0000000000
100674  -47.540  5.211  30.913 0.0000000000
100680  -34.336  5.828  30.359 0.0000000000
100693  -47.894  5.338  30.555 0.0000000000
100694  -48.260  5.179  30.332 0.0000000000
100708  -39.882  5.686  29.256 0.0000000000
100717  -48.744  5.355  29.920 0.0000000000
100728  -45.117  5.177  29.282 0.0000000000
100733  -49.560  5.341  29.263 0.0000000000
100739  -47.423  5.610  27.584 0.0000000000
100751  -48.993  6.239  27.225 0.0000000000
100752  -50.304  5.704  26.973 0.0000000000
100753  -50.439  6.088  26.996 0.0000000000
100760  -50.223  5.871  26.061 0.0000000000
100761  -50.434  6.026  26.519 0.0000000000
100769  -49.845  6.256  24.832 0.0000000000
100770  -50.145  6.243  25.381 0.0000000000
100773  -39.011  5.651  23.704 0.0000000000
100777  -45.503  5.599  23.417 0.0000000000
100901  -42.031  5.588  7.050 0.0000000000
101762  -34.027  6.083  30.426 0.0000000000
101786  -39.408  6.065  29.291 0.0000000000
101812  -50.022  6.366  27.545 0.0000000000
101813  -50.250  6.271  27.142 0.0000000000
101814  -50.368  6.244  26.807 0.0000000000
101832  -50.387  6.216  26.441 0.0000000000
101845  -50.249  6.323  25.851 0.0000000000
101846  -50.360  6.163  26.195 0.0000000000
101862  -39.115  6.056  22.987 0.0000000000
101864  -45.338  6.084  22.195 0.0000000000
101881  -39.941  7.256  20.923 0.0000000000
101898  -41.933  7.445  18.220 0.0000000000
101932  -43.151  7.143  15.470 0.0000000000
101987  -42.935  6.628  6.487 0.0000000000
102791  -37.576  7.505  26.063 0.0000000000
102861  -43.046  7.501  16.770 0.0000000000
102862  -43.613  7.906  16.516 0.0000000000
102906  -48.363  7.921  11.339 0.0000000000
102927  -47.353  8.201  10.174 0.0000000000
102944  -44.850  8.528  7.816 0.0000000000
102956  -42.681  7.262  6.429 0.0000000000
103732  -38.901  9.102  25.120 0.0000000000
103804  -39.222  9.149  13.952 0.0000000000
103823  -50.133  8.781  13.762 0.0000000000
103849  -47.976  8.604  9.702 0.0000000000
103857  -45.876  8.539  8.613 0.0000000000
103859  -47.330  8.662  8.929 0.0000000000
103860  -47.809  8.784  9.077 0.0000000000
103861  -48.066  8.807  9.389 0.0000000000
103871  -47.070  8.863  8.486 0.0000000000
103872  -47.460  8.872  8.683 0.0000000000
103880  -45.668  8.961  7.684 0.0000000000
104680  -43.162  10.157  25.331 0.0000000000
104703  -41.016  9.113  23.591 0.0000000000
104710  -41.216  9.504  23.292 0.0000000000
104713  -40.279  9.302  22.019 0.0000000000
104789  -50.255  9.373  14.486 0.0000000000
104800  -50.069  8.860  13.152 0.0000000000
104841  -48.111  9.039  9.442 0.0000000000
104853  -47.635  9.020  8.759 0.0000000000
104864  -46.919  8.990  8.324 0.0000000000
104874  -45.474  9.008  7.551 0.0000000000
105669  -44.089  10.623  25.054 0.0000000000
105678  -42.985  10.782  25.259 0.0000000000
105679  -43.627  10.303  24.827 0.0000000000
105701  -43.121  10.909  23.001 0.0000000000
105720  -42.143  10.532  18.941 0.0000000000
105745  -46.426  10.723  16.931 0.0000000000
105772  -41.554  10.416  14.967 0.0000000000
105788  -50.430  10.287  13.147 0.0000000000
105800  -50.206  10.330  12.689 0.0000000000
106607  -43.846  10.789  25.263 0.0000000000
106613  -42.032  10.982  24.677 0.0000000000
106633  -44.151  10.902  23.674 0.0000000000
106636  -45.860  11.895  24.468 0.0000000000
106648  -42.062  11.156  21.150 0.0000000000
106690  -44.564  11.058  17.890 0.0000000000
106716  -43.231  11.864  15.006 0.0000000000
106718  -51.237  11.922  16.070 0.0000000000
107614  -50.942  12.809  19.038 0.0000000000
107615  -51.466  12.856  18.944 0.0000000000
107682  -48.178  12.559  13.822 0.0000000000
108461  -46.598  12.839  24.553 0.0000000000
108493  -43.669  13.651  23.257 0.0000000000
108499  -52.149  13.849  21.523 0.0000000000
108529  -50.535  13.114  19.436 0.0000000000
108532  -52.355  13.821  19.765 0.0000000000
108547  -50.255  12.969  19.055 0.0000000000
108591  -48.863  13.738  13.584 0.0000000000
108599  -51.395  13.446  13.317 0.0000000000
109358  -50.796  14.878  25.116 0.0000000000
109370  -51.453  14.612  24.162 0.0000000000
109385  -51.598  14.359  23.540 0.0000000000
109397  -44.181  14.779  22.917 0.0000000000
109411  -52.464  14.070  20.079 0.0000000000
109452  -40.716  13.770  15.913 0.0000000000
110364  -50.268  15.062  14.948 0.0000000000
110405  -47.813  15.760  12.557 0.0000000000
111269  -47.740  16.165  12.337 0.0000000000
111270  -47.996  16.294  12.319 0.0000000000
111284  -46.305  16.272  11.381 0.0000000000
111296  -45.528  16.280  10.674 0.0000000000
