#!ascii label  , from subject abby vox2ras=TkReg
932
43783  -12.395  -43.707  56.851 0.0000000000
58685  -40.131  -31.384  50.481 0.0000000000
67485  -37.439  -23.640  46.207 0.0000000000
69724  -38.771  -22.542  41.794 0.0000000000
56038  -35.286  -32.974  52.451 0.0000000000
67529  -35.002  -24.337  40.715 0.0000000000
72229  -45.621  -20.329  38.934 0.0000000000
79434  -48.853  -14.886  36.991 0.0000000000
52238  -42.020  -36.600  47.198 0.0000000000
58758  -41.571  -31.494  45.959 0.0000000000
64115  -40.412  -27.421  48.325 0.0000000000
44903  -13.535  -42.344  60.115 0.0000000000
48544  -15.767  -39.258  62.170 0.0000000000
50810  -20.054  -38.326  62.123 0.0000000000
53250  -24.121  -35.794  60.715 0.0000000000
54580  -29.529  -34.060  58.537 0.0000000000
53341  -34.179  -35.313  55.406 0.0000000000
52187  -37.806  -35.988  52.098 0.0000000000
63021  -37.661  -28.429  41.596 0.0000000000
79464  -51.104  -14.420  35.250 0.0000000000
56103  -41.360  -33.100  49.505 0.0000000000
58704  -42.479  -31.401  48.525 0.0000000000
60104  -40.844  -29.697  49.343 0.0000000000
47329  -12.966  -40.576  59.305 0.0000000000
46079  -14.323  -40.542  60.923 0.0000000000
57286  -30.152  -32.476  56.847 0.0000000000
53304  -31.914  -34.596  57.618 0.0000000000
57289  -32.753  -32.468  55.916 0.0000000000
57360  -37.802  -32.356  51.477 0.0000000000
56027  -37.696  -33.647  53.059 0.0000000000
54719  -39.088  -34.078  51.607 0.0000000000
52220  -40.101  -36.218  48.715 0.0000000000
64165  -40.833  -27.349  45.539 0.0000000000
61634  -39.863  -28.964  43.790 0.0000000000
65334  -38.576  -26.821  43.920 0.0000000000
69747  -36.241  -22.631  40.840 0.0000000000
66488  -34.954  -24.773  38.891 0.0000000000
67546  -36.269  -24.088  37.889 0.0000000000
68640  -39.602  -23.507  38.389 0.0000000000
73315  -48.227  -19.980  40.948 0.0000000000
72134  -45.553  -20.735  42.668 0.0000000000
56035  -33.297  -33.721  53.149 0.0000000000
73295  -35.701  -19.993  43.619 0.0000000000
74492  -47.633  -17.779  38.119 0.0000000000
74477  -49.587  -18.366  39.071 0.0000000000
76907  -49.997  -16.657  34.831 0.0000000000
49918  -40.892  -38.940  45.365 0.0000000000
56152  -42.544  -33.633  46.732 0.0000000000
64147  -42.356  -28.116  47.254 0.0000000000
43753  -13.029  -44.042  58.820 0.0000000000
48572  -18.290  -39.282  59.853 0.0000000000
49703  -17.537  -38.405  62.485 0.0000000000
48561  -19.832  -40.129  60.609 0.0000000000
47302  -21.623  -39.633  61.081 0.0000000000
49723  -23.556  -38.360  60.483 0.0000000000
50861  -25.252  -37.012  59.187 0.0000000000
54567  -26.755  -34.347  59.360 0.0000000000
52117  -29.343  -35.662  56.406 0.0000000000
57303  -35.268  -32.864  54.458 0.0000000000
53369  -36.002  -35.526  53.875 0.0000000000
48674  -35.788  -38.691  51.442 0.0000000000
48726  -37.516  -39.369  48.536 0.0000000000
48769  -39.730  -39.915  46.569 0.0000000000
65354  -36.459  -26.373  41.620 0.0000000000
72115  -42.414  -20.875  43.524 0.0000000000
69726  -40.730  -22.675  41.994 0.0000000000
42640  -11.974  -44.248  58.350 0.0000000000
57364  -41.045  -32.075  50.694 0.0000000000
58673  -41.512  -31.205  50.456 0.0000000000
58686  -40.729  -30.746  50.335 0.0000000000
56004  -29.774  -33.215  55.067 0.0000000000
57275  -31.669  -32.424  56.993 0.0000000000
57299  -32.060  -32.613  55.517 0.0000000000
58659  -39.151  -32.239  51.644 0.0000000000
58647  -38.701  -32.407  52.088 0.0000000000
57345  -39.727  -32.491  51.527 0.0000000000
54742  -40.167  -33.571  50.729 0.0000000000
65321  -39.398  -26.339  44.946 0.0000000000
66435  -38.688  -25.634  45.051 0.0000000000
69748  -37.339  -22.671  40.839 0.0000000000
68620  -36.488  -23.463  39.177 0.0000000000
68601  -38.049  -22.937  39.982 0.0000000000
68639  -38.442  -23.664  38.287 0.0000000000
68602  -39.129  -22.894  40.054 0.0000000000
70944  -48.609  -21.069  40.513 0.0000000000
70926  -48.099  -21.240  41.321 0.0000000000
70967  -47.988  -21.628  39.670 0.0000000000
76870  -46.904  -16.359  36.896 0.0000000000
76852  -47.985  -16.519  37.591 0.0000000000
74476  -48.600  -17.877  39.201 0.0000000000
76831  -49.339  -16.765  38.393 0.0000000000
74494  -50.122  -17.593  38.073 0.0000000000
76855  -50.195  -16.345  37.645 0.0000000000
76893  -51.456  -15.945  35.305 0.0000000000
49902  -41.979  -38.093  46.147 0.0000000000
52269  -41.849  -36.839  45.913 0.0000000000
54816  -42.608  -34.365  46.894 0.0000000000
62883  -41.838  -29.135  49.010 0.0000000000
61567  -42.509  -29.923  48.195 0.0000000000
64117  -42.085  -27.882  48.397 0.0000000000
65272  -40.958  -26.697  47.671 0.0000000000
65260  -39.898  -26.711  47.943 0.0000000000
44922  -14.570  -43.043  58.784 0.0000000000
44913  -14.524  -43.003  59.856 0.0000000000
47297  -14.599  -40.023  61.539 0.0000000000
50819  -19.314  -37.819  61.735 0.0000000000
50809  -19.276  -38.212  62.227 0.0000000000
48547  -18.748  -39.334  61.759 0.0000000000
48536  -20.264  -39.268  62.002 0.0000000000
47300  -20.668  -40.294  61.157 0.0000000000
49713  -21.156  -38.695  61.698 0.0000000000
50834  -24.247  -37.325  60.381 0.0000000000
50846  -24.639  -37.726  59.532 0.0000000000
52068  -25.031  -36.166  60.246 0.0000000000
57247  -28.432  -33.158  58.778 0.0000000000
57245  -27.125  -33.317  58.836 0.0000000000
54568  -27.635  -34.168  59.118 0.0000000000
53281  -26.557  -35.548  58.848 0.0000000000
53299  -27.775  -35.178  57.793 0.0000000000
52115  -27.926  -35.538  56.705 0.0000000000
53301  -29.554  -34.815  57.825 0.0000000000
53324  -32.767  -34.832  56.720 0.0000000000
52120  -31.930  -36.049  56.276 0.0000000000
52134  -32.350  -36.303  55.720 0.0000000000
52150  -33.482  -36.650  54.861 0.0000000000
57314  -34.237  -32.839  54.184 0.0000000000
57315  -35.054  -32.751  53.593 0.0000000000
53385  -37.939  -35.231  52.475 0.0000000000
54666  -36.656  -34.797  53.655 0.0000000000
52166  -36.860  -35.984  53.046 0.0000000000
50971  -36.031  -37.593  52.724 0.0000000000
50994  -36.662  -37.636  52.072 0.0000000000
51029  -37.351  -37.784  50.133 0.0000000000
52237  -41.152  -36.450  47.782 0.0000000000
51056  -39.710  -37.983  47.806 0.0000000000
49888  -41.418  -38.607  46.768 0.0000000000
47584  -41.395  -39.950  46.063 0.0000000000
44912  -13.079  -42.154  59.527 0.0000000000
43732  -12.882  -43.371  60.047 0.0000000000
42621  -13.143  -44.140  60.014 0.0000000000
56173  -40.785  -33.697  45.882 0.0000000000
58756  -39.940  -32.045  45.378 0.0000000000
61650  -38.940  -28.833  42.878 0.0000000000
67523  -35.228  -24.590  41.550 0.0000000000
66455  -36.287  -25.740  42.485 0.0000000000
66462  -35.681  -25.659  41.314 0.0000000000
66498  -34.964  -25.324  37.404 0.0000000000
65385  -35.234  -26.504  38.638 0.0000000000
69711  -45.339  -22.242  43.046 0.0000000000
72117  -44.209  -20.992  43.495 0.0000000000
69691  -43.545  -21.966  43.815 0.0000000000
69677  -41.715  -21.786  44.289 0.0000000000
69728  -42.702  -22.577  42.264 0.0000000000
68625  -41.282  -22.744  39.947 0.0000000000
80594  -48.100  -13.914  35.670 0.0000000000
79448  -49.464  -14.431  36.382 0.0000000000
80606  -49.439  -13.724  34.615 0.0000000000
80614  -50.640  -13.730  33.553 0.0000000000
54784  -41.968  -34.163  48.058 0.0000000000
56118  -42.306  -33.322  48.000 0.0000000000
57402  -42.164  -32.255  48.648 0.0000000000
61529  -42.014  -29.932  49.927 0.0000000000
61566  -40.893  -29.123  49.055 0.0000000000
46110  -13.294  -41.323  59.975 0.0000000000
44904  -14.236  -42.382  60.389 0.0000000000
48543  -14.884  -39.161  61.957 0.0000000000
57261  -29.745  -32.617  58.232 0.0000000000
54581  -30.371  -33.720  58.347 0.0000000000
57263  -31.360  -32.678  57.800 0.0000000000
55964  -32.681  -33.363  57.282 0.0000000000
55990  -33.684  -33.672  56.334 0.0000000000
57342  -36.840  -32.540  52.095 0.0000000000
57328  -36.800  -32.543  52.852 0.0000000000
58645  -38.015  -32.409  52.887 0.0000000000
56040  -38.558  -33.449  52.420 0.0000000000
53402  -38.626  -35.077  51.725 0.0000000000
52198  -38.760  -35.730  50.754 0.0000000000
54762  -39.686  -34.509  50.430 0.0000000000
54782  -40.623  -34.585  49.214 0.0000000000
47328  -12.224  -40.928  58.585 0.0000000000
62945  -41.730  -28.702  45.736 0.0000000000
60175  -40.798  -29.895  44.802 0.0000000000
62965  -40.653  -28.569  44.563 0.0000000000
64207  -39.508  -27.839  43.568 0.0000000000
64218  -38.432  -27.835  42.547 0.0000000000
68598  -35.093  -23.624  40.359 0.0000000000
66471  -35.003  -24.982  40.058 0.0000000000
68619  -35.466  -23.745  39.268 0.0000000000
67545  -35.597  -24.142  38.115 0.0000000000
73336  -47.025  -19.734  39.990 0.0000000000
72178  -45.585  -20.477  40.864 0.0000000000
72154  -46.874  -20.504  41.807 0.0000000000
69713  -46.857  -21.570  42.370 0.0000000000
57379  -39.227  -32.519  49.464 0.0000000000
56082  -38.061  -32.826  50.536 0.0000000000
67505  -36.792  -24.325  44.820 0.0000000000
69745  -35.065  -23.364  41.204 0.0000000000
69701  -35.279  -21.960  42.358 0.0000000000
70918  -36.311  -21.571  43.190 0.0000000000
70919  -37.034  -21.555  43.321 0.0000000000
73367  -46.702  -19.247  38.196 0.0000000000
74461  -48.200  -18.889  40.140 0.0000000000
74454  -49.002  -18.959  40.223 0.0000000000
72231  -49.238  -20.057  39.126 0.0000000000
76872  -50.658  -16.245  36.756 0.0000000000
75676  -49.914  -17.261  35.824 0.0000000000
51084  -40.491  -37.671  45.558 0.0000000000
54833  -41.160  -34.764  46.184 0.0000000000
57469  -42.071  -32.257  46.347 0.0000000000
57446  -42.820  -32.551  47.187 0.0000000000
58740  -42.681  -31.538  47.022 0.0000000000
61593  -42.280  -29.682  46.568 0.0000000000
64146  -41.775  -27.551  46.741 0.0000000000
66409  -39.934  -25.619  46.641 0.0000000000
58721  -39.869  -31.011  48.391 0.0000000000
61581  -39.380  -29.152  48.194 0.0000000000
64125  -38.065  -27.069  47.262 0.0000000000
43767  -12.437  -43.945  57.977 0.0000000000
43769  -13.995  -43.154  57.031 0.0000000000
48583  -18.880  -39.507  58.822 0.0000000000
49711  -15.186  -38.570  61.195 0.0000000000
48531  -15.869  -38.708  62.325 0.0000000000
48532  -16.670  -38.817  62.519 0.0000000000
48560  -19.054  -39.492  60.808 0.0000000000
46096  -22.391  -41.128  60.297 0.0000000000
47336  -23.682  -40.698  59.748 0.0000000000
54565  -24.788  -34.429  59.218 0.0000000000
55930  -25.839  -33.849  59.107 0.0000000000
53265  -25.409  -35.426  60.005 0.0000000000
52084  -26.127  -35.840  59.149 0.0000000000
52106  -25.650  -36.080  57.842 0.0000000000
53322  -30.944  -35.322  56.952 0.0000000000
57300  -32.926  -32.749  54.984 0.0000000000
57291  -34.219  -32.634  55.498 0.0000000000
54622  -34.535  -34.128  55.428 0.0000000000
56009  -36.192  -33.654  54.038 0.0000000000
54641  -35.752  -34.384  54.486 0.0000000000
53355  -35.162  -35.444  54.651 0.0000000000
50924  -35.202  -37.125  53.684 0.0000000000
49778  -35.099  -38.052  52.685 0.0000000000
47564  -37.454  -40.448  47.603 0.0000000000
51043  -38.500  -37.636  48.961 0.0000000000
48727  -38.357  -39.192  47.891 0.0000000000
47581  -38.653  -40.556  46.515 0.0000000000
47599  -39.520  -41.000  45.699 0.0000000000
42629  -12.861  -44.307  59.620 0.0000000000
66447  -37.285  -25.679  43.977 0.0000000000
65344  -37.286  -26.827  42.526 0.0000000000
64228  -37.458  -27.752  41.431 0.0000000000
66472  -35.364  -25.694  40.369 0.0000000000
65374  -36.101  -27.351  39.845 0.0000000000
63032  -36.769  -28.504  40.604 0.0000000000
73297  -37.202  -20.077  43.956 0.0000000000
70905  -38.594  -21.523  44.104 0.0000000000
72151  -44.156  -20.650  41.714 0.0000000000
72149  -42.145  -20.825  41.610 0.0000000000
72113  -40.371  -20.799  43.687 0.0000000000
69675  -39.949  -22.009  44.385 0.0000000000
69725  -39.763  -22.635  41.901 0.0000000000
68603  -40.066  -22.870  40.206 0.0000000000
43782  -11.786  -43.850  56.813 0.0000000000
58672  -40.573  -31.456  50.813 0.0000000000
56005  -31.095  -33.011  55.201 0.0000000000
56021  -30.417  -33.861  54.367 0.0000000000
58671  -39.575  -31.745  51.096 0.0000000000
58660  -39.901  -31.960  51.329 0.0000000000
57363  -40.360  -32.254  51.170 0.0000000000
67497  -38.505  -24.571  46.017 0.0000000000
66421  -38.955  -25.161  45.619 0.0000000000
66420  -38.144  -25.027  45.392 0.0000000000
69723  -37.742  -22.399  41.710 0.0000000000
69749  -38.426  -22.655  40.869 0.0000000000
70968  -48.561  -21.183  39.865 0.0000000000
79433  -48.037  -14.974  36.818 0.0000000000
78145  -48.512  -15.565  37.341 0.0000000000
76853  -48.933  -16.163  37.910 0.0000000000
76854  -49.643  -16.204  37.885 0.0000000000
76832  -49.869  -16.767  38.268 0.0000000000
78147  -49.870  -15.697  37.453 0.0000000000
51059  -41.956  -37.198  46.887 0.0000000000
52252  -42.178  -36.729  46.631 0.0000000000
53485  -42.474  -35.516  47.114 0.0000000000
62903  -41.671  -28.391  48.765 0.0000000000
65261  -40.559  -26.798  48.060 0.0000000000
64114  -39.707  -27.352  48.127 0.0000000000
43734  -13.894  -43.260  60.107 0.0000000000
47298  -15.087  -39.594  61.932 0.0000000000
47314  -15.356  -39.873  61.470 0.0000000000
50820  -20.189  -37.924  61.779 0.0000000000
49705  -19.282  -38.696  62.374 0.0000000000
49706  -20.036  -38.776  62.253 0.0000000000
49707  -20.619  -38.698  61.942 0.0000000000
50811  -20.423  -38.429  61.992 0.0000000000
52053  -23.895  -36.230  61.059 0.0000000000
52066  -23.877  -36.739  60.903 0.0000000000
52067  -24.392  -36.337  60.639 0.0000000000
50835  -24.665  -36.652  60.326 0.0000000000
53251  -24.768  -35.616  60.371 0.0000000000
55946  -28.992  -33.454  58.745 0.0000000000
57237  -27.994  -33.472  59.023 0.0000000000
54579  -28.441  -34.058  58.786 0.0000000000
54578  -27.919  -34.397  58.733 0.0000000000
53284  -28.908  -34.578  58.363 0.0000000000
53300  -28.645  -35.062  57.820 0.0000000000
53340  -32.986  -35.272  56.121 0.0000000000
52135  -33.339  -36.123  55.457 0.0000000000
52136  -34.039  -36.198  55.165 0.0000000000
57326  -35.275  -32.830  52.862 0.0000000000
53384  -37.338  -35.473  52.938 0.0000000000
52176  -37.040  -36.478  52.630 0.0000000000
50973  -36.935  -37.220  52.203 0.0000000000
52186  -37.404  -36.811  51.892 0.0000000000
51015  -37.310  -37.490  50.910 0.0000000000
52196  -37.408  -37.044  51.401 0.0000000000
51058  -41.535  -37.680  47.168 0.0000000000
51071  -41.665  -38.168  46.696 0.0000000000
44902  -12.996  -42.770  59.800 0.0000000000
43733  -13.604  -43.128  60.143 0.0000000000
42613  -13.533  -43.420  60.046 0.0000000000
57468  -41.364  -32.674  45.988 0.0000000000
57467  -40.293  -32.662  45.633 0.0000000000
58757  -40.577  -31.598  45.454 0.0000000000
61667  -37.901  -28.773  42.007 0.0000000000
61649  -38.307  -29.168  42.546 0.0000000000
61666  -37.398  -29.170  41.711 0.0000000000
66454  -35.681  -25.314  42.170 0.0000000000
67530  -35.223  -25.041  40.800 0.0000000000
72228  -44.866  -20.629  38.843 0.0000000000
69730  -44.935  -22.459  42.272 0.0000000000
69692  -44.633  -21.969  43.627 0.0000000000
69709  -43.205  -22.557  43.241 0.0000000000
54783  -41.165  -34.119  48.938 0.0000000000
56117  -41.776  -33.248  48.665 0.0000000000
57401  -41.713  -32.654  49.134 0.0000000000
60092  -41.255  -30.080  49.993 0.0000000000
58674  -42.058  -30.864  50.131 0.0000000000
60093  -41.636  -29.985  50.062 0.0000000000
61547  -41.675  -29.681  49.622 0.0000000000
61546  -41.222  -29.447  49.361 0.0000000000
48556  -14.538  -39.067  60.780 0.0000000000
55987  -29.085  -32.917  56.303 0.0000000000
57285  -29.460  -32.527  57.277 0.0000000000
57272  -29.255  -32.375  57.898 0.0000000000
57273  -30.024  -32.471  57.677 0.0000000000
57250  -30.832  -32.805  58.252 0.0000000000
57274  -30.846  -32.383  57.371 0.0000000000
57288  -31.922  -32.318  56.209 0.0000000000
57264  -32.225  -32.772  57.304 0.0000000000
57265  -32.905  -32.859  56.932 0.0000000000
55976  -33.424  -33.296  56.691 0.0000000000
57277  -33.347  -32.683  56.368 0.0000000000
57343  -37.609  -32.276  52.397 0.0000000000
58657  -38.085  -32.179  52.589 0.0000000000
56041  -39.023  -33.100  52.100 0.0000000000
57331  -38.692  -32.771  52.336 0.0000000000
56059  -38.952  -33.557  51.944 0.0000000000
54718  -38.696  -34.101  52.029 0.0000000000
53403  -39.121  -34.545  51.287 0.0000000000
53420  -39.106  -35.011  50.761 0.0000000000
54741  -39.606  -34.000  50.938 0.0000000000
56102  -40.846  -33.253  50.003 0.0000000000
54763  -40.440  -34.113  50.061 0.0000000000
54764  -40.930  -33.612  49.592 0.0000000000
64189  -41.161  -28.133  45.224 0.0000000000
62966  -41.221  -28.839  45.091 0.0000000000
64188  -40.559  -27.708  44.744 0.0000000000
65335  -39.259  -27.182  44.011 0.0000000000
64206  -38.842  -27.493  43.312 0.0000000000
64219  -39.017  -27.980  42.968 0.0000000000
64205  -38.025  -27.224  43.076 0.0000000000
68599  -35.856  -23.193  40.099 0.0000000000
68618  -35.041  -23.906  39.652 0.0000000000
68637  -36.031  -23.764  38.486 0.0000000000
67555  -35.149  -24.664  37.813 0.0000000000
67557  -36.823  -24.353  37.312 0.0000000000
73324  -47.605  -19.653  40.559 0.0000000000
72180  -47.207  -20.116  40.952 0.0000000000
72155  -47.705  -20.560  41.503 0.0000000000
69731  -46.108  -22.406  42.146 0.0000000000
57361  -38.889  -32.140  50.607 0.0000000000
69720  -35.111  -22.587  41.980 0.0000000000
73286  -35.504  -20.354  43.751 0.0000000000
70885  -35.998  -21.041  44.323 0.0000000000
70903  -36.552  -21.287  43.875 0.0000000000
72096  -36.352  -20.579  44.373 0.0000000000
75632  -47.260  -17.227  37.446 0.0000000000
74510  -46.575  -17.641  37.159 0.0000000000
74491  -46.849  -18.551  37.750 0.0000000000
74474  -47.100  -19.008  38.443 0.0000000000
74475  -47.746  -18.563  39.080 0.0000000000
75605  -49.159  -17.943  39.360 0.0000000000
74462  -48.688  -18.510  39.803 0.0000000000
74463  -49.241  -18.608  39.653 0.0000000000
72211  -49.306  -19.677  39.723 0.0000000000
73354  -49.479  -19.203  39.037 0.0000000000
72252  -49.004  -20.307  38.612 0.0000000000
75634  -50.073  -17.675  37.514 0.0000000000
79449  -50.536  -14.763  36.043 0.0000000000
78164  -50.222  -15.427  36.836 0.0000000000
78165  -50.884  -15.447  36.199 0.0000000000
76908  -51.211  -16.333  34.689 0.0000000000
76892  -50.628  -16.593  35.804 0.0000000000
49940  -40.684  -39.657  44.953 0.0000000000
49939  -40.153  -39.345  44.845 0.0000000000
53504  -42.073  -35.221  46.381 0.0000000000
53525  -41.677  -35.787  46.201 0.0000000000
54834  -41.851  -34.863  46.348 0.0000000000
56174  -41.728  -33.926  46.325 0.0000000000
57444  -42.178  -33.141  46.446 0.0000000000
57423  -42.422  -32.896  48.003 0.0000000000
54801  -42.714  -33.564  47.268 0.0000000000
58705  -42.694  -31.619  47.937 0.0000000000
62918  -42.534  -28.895  47.716 0.0000000000
60123  -42.642  -30.955  47.463 0.0000000000
61583  -42.553  -29.808  47.275 0.0000000000
60140  -42.455  -30.638  46.808 0.0000000000
62933  -42.494  -28.925  46.892 0.0000000000
62946  -42.204  -28.981  46.300 0.0000000000
64167  -42.162  -28.287  46.435 0.0000000000
65271  -40.086  -26.154  47.516 0.0000000000
65287  -40.405  -26.182  47.001 0.0000000000
43768  -13.173  -43.605  57.570 0.0000000000
43754  -13.918  -43.466  58.221 0.0000000000
46092  -14.372  -41.249  60.379 0.0000000000
48581  -16.696  -39.790  58.633 0.0000000000
48582  -17.661  -39.483  58.702 0.0000000000
49719  -15.881  -38.150  60.361 0.0000000000
49700  -15.389  -38.490  61.892 0.0000000000
48533  -17.577  -38.908  62.532 0.0000000000
48545  -16.746  -39.181  62.229 0.0000000000
48548  -19.855  -39.827  61.452 0.0000000000
48573  -19.442  -39.597  59.860 0.0000000000
48574  -20.041  -40.185  59.935 0.0000000000
47301  -21.303  -39.959  61.214 0.0000000000
46094  -21.208  -40.805  60.538 0.0000000000
46095  -21.626  -40.925  60.517 0.0000000000
47318  -22.035  -40.056  60.717 0.0000000000
49722  -22.698  -38.342  60.921 0.0000000000
48563  -22.995  -39.354  60.506 0.0000000000
48564  -23.672  -39.178  60.088 0.0000000000
49730  -24.138  -38.526  59.858 0.0000000000
49735  -24.616  -38.867  59.094 0.0000000000
50860  -24.771  -37.899  58.659 0.0000000000
55931  -26.628  -33.815  59.337 0.0000000000
54566  -25.662  -34.612  59.654 0.0000000000
53266  -26.158  -35.234  59.420 0.0000000000
53298  -26.716  -35.569  57.857 0.0000000000
53297  -26.179  -35.812  58.478 0.0000000000
52116  -28.458  -35.605  56.568 0.0000000000
52129  -27.472  -35.732  56.026 0.0000000000
52130  -28.549  -35.779  55.672 0.0000000000
54593  -30.857  -34.157  57.949 0.0000000000
53302  -30.502  -34.762  57.548 0.0000000000
53303  -31.367  -34.703  57.544 0.0000000000
56023  -32.685  -33.406  54.002 0.0000000000
57302  -34.599  -32.690  54.730 0.0000000000
57301  -33.886  -32.535  54.929 0.0000000000
57292  -34.727  -32.786  55.259 0.0000000000
55991  -34.200  -33.166  55.945 0.0000000000
55992  -34.930  -33.335  55.142 0.0000000000
57318  -37.610  -32.839  53.108 0.0000000000
57317  -36.715  -32.930  53.441 0.0000000000
56026  -36.901  -33.821  53.518 0.0000000000
54642  -36.253  -34.518  54.033 0.0000000000
53356  -35.865  -34.986  54.354 0.0000000000
53368  -35.518  -36.049  54.159 0.0000000000
52152  -35.127  -36.533  54.200 0.0000000000
52164  -35.665  -36.541  53.747 0.0000000000
49794  -36.105  -37.853  52.401 0.0000000000
49779  -35.321  -37.807  52.877 0.0000000000
49793  -35.630  -38.032  52.490 0.0000000000
49853  -36.710  -38.874  50.009 0.0000000000
52206  -39.076  -35.928  49.963 0.0000000000
52218  -38.401  -37.221  49.382 0.0000000000
52219  -38.891  -36.814  49.112 0.0000000000
49886  -39.783  -38.593  47.502 0.0000000000
49885  -38.935  -38.791  47.730 0.0000000000
48748  -38.969  -39.514  47.210 0.0000000000
47565  -38.263  -40.121  47.269 0.0000000000
47598  -38.784  -41.047  45.867 0.0000000000
47582  -40.163  -40.462  46.122 0.0000000000
48787  -41.315  -39.730  45.628 0.0000000000
47600  -40.772  -40.728  45.446 0.0000000000
48786  -40.962  -40.068  45.047 0.0000000000
43743  -13.176  -44.105  59.568 0.0000000000
43752  -12.431  -44.189  58.615 0.0000000000
61616  -40.172  -29.385  44.257 0.0000000000
60174  -40.178  -30.544  44.641 0.0000000000
61615  -39.529  -29.986  44.063 0.0000000000
67512  -36.248  -24.544  43.723 0.0000000000
66433  -37.028  -25.123  44.264 0.0000000000
65343  -36.870  -26.196  42.852 0.0000000000
65355  -37.191  -27.138  41.733 0.0000000000
66481  -34.909  -24.913  39.287 0.0000000000
66482  -35.099  -25.663  39.425 0.0000000000
65373  -35.585  -26.591  39.821 0.0000000000
64236  -36.555  -27.736  40.325 0.0000000000
64251  -36.196  -27.907  39.632 0.0000000000
70887  -37.862  -21.050  44.394 0.0000000000
70888  -38.826  -21.156  44.571 0.0000000000
72153  -46.009  -20.505  41.855 0.0000000000
72177  -44.646  -20.595  40.757 0.0000000000
72152  -45.105  -20.587  41.788 0.0000000000
72116  -43.311  -20.925  43.461 0.0000000000
72132  -43.717  -20.764  42.656 0.0000000000
72131  -42.748  -20.849  42.610 0.0000000000
72130  -41.740  -20.863  42.639 0.0000000000
72129  -40.670  -20.830  42.729 0.0000000000
72114  -41.425  -20.861  43.588 0.0000000000
69707  -41.114  -22.466  42.934 0.0000000000
69676  -40.733  -21.888  44.351 0.0000000000
69706  -40.100  -22.476  42.856 0.0000000000
69751  -40.372  -22.689  41.068 0.0000000000
56085  -41.086  -32.668  50.173 0.0000000000
57381  -41.610  -32.097  49.792 0.0000000000
60080  -41.188  -30.674  50.516 0.0000000000
58703  -40.749  -30.321  49.724 0.0000000000
55988  -30.376  -32.748  55.939 0.0000000000
57287  -31.062  -32.267  56.414 0.0000000000
55989  -30.985  -32.503  55.808 0.0000000000
57298  -31.422  -32.427  55.815 0.0000000000
58670  -38.687  -32.165  51.593 0.0000000000
58658  -38.477  -32.219  52.132 0.0000000000
56060  -39.521  -33.237  51.626 0.0000000000
56083  -40.031  -33.306  51.121 0.0000000000
56061  -40.122  -32.843  51.339 0.0000000000
56084  -40.557  -32.989  50.728 0.0000000000
65304  -39.671  -26.070  45.648 0.0000000000
65322  -40.237  -26.975  45.082 0.0000000000
66436  -39.166  -25.647  45.394 0.0000000000
65320  -38.315  -26.173  44.434 0.0000000000
69722  -36.685  -22.285  41.660 0.0000000000
68600  -36.921  -23.090  40.024 0.0000000000
68621  -37.645  -23.362  39.126 0.0000000000
68638  -37.169  -23.938  38.205 0.0000000000
68622  -38.797  -23.308  39.202 0.0000000000
73316  -48.549  -20.181  40.785 0.0000000000
72156  -48.410  -20.562  41.084 0.0000000000
70927  -48.589  -20.850  40.962 0.0000000000
70943  -48.174  -21.523  40.497 0.0000000000
76871  -47.495  -15.905  37.027 0.0000000000
75633  -47.784  -17.182  37.940 0.0000000000
75613  -48.246  -17.332  38.441 0.0000000000
76830  -48.650  -16.770  38.307 0.0000000000
75614  -48.977  -17.322  38.838 0.0000000000
75615  -49.569  -17.546  38.734 0.0000000000
74478  -49.866  -17.790  38.506 0.0000000000
75616  -50.147  -17.158  38.232 0.0000000000
75635  -50.375  -17.017  37.562 0.0000000000
78180  -51.327  -15.305  35.617 0.0000000000
78193  -51.680  -15.184  34.782 0.0000000000
76924  -49.955  -16.607  33.484 0.0000000000
49919  -41.730  -38.542  45.864 0.0000000000
51085  -41.454  -37.743  45.696 0.0000000000
51086  -42.006  -37.581  45.905 0.0000000000
53505  -42.222  -35.667  46.506 0.0000000000
60094  -42.409  -30.571  48.907 0.0000000000
60105  -42.652  -30.946  48.121 0.0000000000
62904  -42.266  -28.797  48.516 0.0000000000
64128  -42.407  -28.113  47.983 0.0000000000
64127  -41.837  -27.418  47.677 0.0000000000
65270  -39.316  -25.990  47.568 0.0000000000
43744  -13.696  -43.594  59.461 0.0000000000
48558  -16.837  -39.298  61.394 0.0000000000
48534  -18.510  -39.036  62.393 0.0000000000
48535  -19.446  -39.208  62.168 0.0000000000
47299  -20.221  -40.494  60.896 0.0000000000
48549  -20.714  -39.664  61.570 0.0000000000
48550  -21.355  -39.269  61.441 0.0000000000
50847  -24.920  -36.823  59.903 0.0000000000
57259  -27.956  -32.964  58.572 0.0000000000
55959  -27.083  -33.079  58.079 0.0000000000
57246  -27.706  -33.362  58.965 0.0000000000
55932  -27.433  -33.709  59.224 0.0000000000
53267  -26.931  -34.836  59.141 0.0000000000
53319  -28.244  -35.402  57.191 0.0000000000
53320  -29.062  -35.474  57.229 0.0000000000
53323  -32.086  -35.171  56.897 0.0000000000
53339  -32.327  -35.751  56.279 0.0000000000
50922  -33.634  -37.209  54.213 0.0000000000
56024  -33.714  -33.239  53.678 0.0000000000
56025  -34.422  -33.117  53.455 0.0000000000
54691  -37.776  -34.532  52.831 0.0000000000
54667  -37.248  -34.639  53.315 0.0000000000
53370  -36.759  -35.495  53.371 0.0000000000
52165  -36.379  -36.476  53.260 0.0000000000
52175  -36.527  -36.907  52.852 0.0000000000
50972  -36.473  -37.412  52.479 0.0000000000
49813  -36.270  -38.241  51.791 0.0000000000
49814  -36.799  -38.109  51.163 0.0000000000
49836  -36.938  -38.265  50.429 0.0000000000
49854  -37.313  -38.504  49.490 0.0000000000
51044  -39.429  -37.505  48.323 0.0000000000
52236  -40.446  -36.822  48.048 0.0000000000
51057  -40.393  -37.590  47.713 0.0000000000
49887  -40.832  -38.583  47.233 0.0000000000
48770  -40.637  -39.844  46.431 0.0000000000
48751  -41.434  -39.151  46.396 0.0000000000
48772  -41.589  -39.470  46.051 0.0000000000
44911  -12.343  -42.600  59.569 0.0000000000
43742  -12.643  -43.041  59.860 0.0000000000
42622  -13.449  -43.629  59.968 0.0000000000
61633  -39.308  -29.264  43.394 0.0000000000
60191  -38.984  -30.124  43.627 0.0000000000
61632  -38.545  -29.814  43.217 0.0000000000
67517  -35.503  -24.630  42.565 0.0000000000
66445  -35.936  -25.129  42.990 0.0000000000
66463  -36.009  -25.792  41.895 0.0000000000
65353  -35.986  -26.097  41.254 0.0000000000
66489  -34.908  -25.309  38.422 0.0000000000
70909  -45.542  -21.296  43.451 0.0000000000
72118  -45.144  -20.949  43.378 0.0000000000
70908  -44.665  -21.426  43.728 0.0000000000
70893  -43.576  -21.457  43.904 0.0000000000
69679  -43.154  -21.534  44.173 0.0000000000
70891  -41.930  -21.266  44.454 0.0000000000
69690  -42.487  -22.238  43.885 0.0000000000
69708  -42.140  -22.558  43.108 0.0000000000
69727  -41.701  -22.655  42.119 0.0000000000
69752  -41.258  -22.676  41.107 0.0000000000
79447  -48.367  -14.374  36.474 0.0000000000
79435  -49.335  -14.987  36.985 0.0000000000
80581  -48.565  -13.911  36.106 0.0000000000
79462  -49.636  -13.879  35.651 0.0000000000
80596  -49.867  -13.582  35.171 0.0000000000
80607  -50.264  -13.624  34.474 0.0000000000
80597  -50.538  -13.727  35.009 0.0000000000
80608  -51.047  -13.742  34.373 0.0000000000
53484  -41.991  -35.771  47.527 0.0000000000
53463  -42.198  -34.977  47.597 0.0000000000
58687  -41.939  -31.378  49.946 0.0000000000
58688  -42.224  -31.189  49.408 0.0000000000
61548  -42.188  -29.730  49.213 0.0000000000
62882  -41.401  -29.035  49.045 0.0000000000
62901  -40.065  -28.149  48.382 0.0000000000
46091  -13.974  -41.090  60.669 0.0000000000
46078  -14.250  -40.390  61.097 0.0000000000
55961  -28.759  -32.420  57.981 0.0000000000
57248  -29.387  -32.929  58.601 0.0000000000
55947  -29.895  -33.292  58.573 0.0000000000
55948  -30.629  -33.143  58.404 0.0000000000
54582  -30.954  -33.582  58.172 0.0000000000
54594  -31.567  -33.968  57.893 0.0000000000
55963  -31.957  -33.299  57.759 0.0000000000
54595  -32.342  -34.166  57.514 0.0000000000
54596  -32.957  -33.932  57.143 0.0000000000
54608  -33.271  -34.272  56.673 0.0000000000
54621  -33.773  -34.248  55.939 0.0000000000
57341  -36.140  -32.800  51.673 0.0000000000
57327  -35.827  -32.653  52.614 0.0000000000
57329  -37.574  -32.471  52.888 0.0000000000
57319  -38.007  -32.871  52.978 0.0000000000
58646  -38.287  -32.401  52.581 0.0000000000
57330  -38.301  -32.816  52.720 0.0000000000
56039  -38.114  -33.844  52.719 0.0000000000
54692  -38.330  -34.388  52.416 0.0000000000
52197  -38.151  -36.396  51.056 0.0000000000
53419  -38.680  -35.566  51.113 0.0000000000
52207  -39.756  -35.551  49.475 0.0000000000
53439  -39.637  -34.972  49.943 0.0000000000
53440  -40.242  -35.104  49.355 0.0000000000
53461  -40.755  -35.142  48.715 0.0000000000
53462  -41.528  -35.208  48.117 0.0000000000
46109  -12.362  -41.617  59.070 0.0000000000
61603  -41.400  -29.595  45.367 0.0000000000
60155  -41.036  -30.639  45.303 0.0000000000
61617  -40.898  -29.255  44.769 0.0000000000
62989  -40.140  -28.693  44.029 0.0000000000
64187  -39.870  -27.359  44.386 0.0000000000
64208  -40.152  -28.085  44.070 0.0000000000
62988  -39.717  -28.538  43.636 0.0000000000
63008  -39.234  -28.466  43.141 0.0000000000
63007  -38.712  -28.439  42.681 0.0000000000
64229  -38.013  -27.954  41.883 0.0000000000
67536  -34.891  -24.304  39.777 0.0000000000
67543  -35.011  -24.506  39.190 0.0000000000
68636  -35.528  -23.976  38.622 0.0000000000
67544  -35.162  -24.390  38.691 0.0000000000
73335  -46.556  -19.846  39.451 0.0000000000
72208  -46.153  -20.174  39.937 0.0000000000
72209  -46.708  -20.113  40.471 0.0000000000
72179  -46.435  -20.342  40.996 0.0000000000
72135  -46.361  -20.832  42.592 0.0000000000
70921  -47.321  -21.241  42.068 0.0000000000
70920  -46.674  -21.274  42.553 0.0000000000
70910  -46.063  -21.286  43.025 0.0000000000
69712  -46.217  -21.782  42.793 0.0000000000
57362  -39.580  -31.689  50.599 0.0000000000
57380  -39.674  -31.750  49.976 0.0000000000
56058  -35.543  -33.063  51.904 0.0000000000
57359  -36.788  -32.825  51.324 0.0000000000
68557  -36.527  -23.749  45.411 0.0000000000
67495  -36.934  -24.032  45.326 0.0000000000
68566  -36.136  -23.947  44.175 0.0000000000
68574  -35.974  -24.086  43.714 0.0000000000
68586  -35.106  -24.172  41.675 0.0000000000
67522  -35.053  -24.225  41.194 0.0000000000
69746  -35.337  -22.902  41.114 0.0000000000
69721  -35.737  -22.312  41.706 0.0000000000
70917  -35.536  -21.517  42.998 0.0000000000
69702  -36.080  -21.842  42.383 0.0000000000
69703  -37.085  -21.940  42.562 0.0000000000
69704  -38.122  -22.228  42.574 0.0000000000
74490  -46.052  -18.935  37.328 0.0000000000
73351  -46.213  -19.955  38.999 0.0000000000
73352  -46.843  -19.453  38.926 0.0000000000
73337  -47.676  -19.191  40.042 0.0000000000
73325  -48.176  -19.420  40.530 0.0000000000
74453  -48.576  -19.066  40.301 0.0000000000
73326  -48.724  -19.674  40.456 0.0000000000
72183  -49.115  -19.929  40.225 0.0000000000
72210  -49.016  -20.481  39.933 0.0000000000
72230  -48.753  -20.768  39.085 0.0000000000
74493  -49.743  -18.386  38.285 0.0000000000
75657  -50.391  -17.040  36.810 0.0000000000
76873  -51.211  -15.948  36.042 0.0000000000
52268  -41.072  -36.744  45.883 0.0000000000
53524  -40.616  -35.695  46.037 0.0000000000
54800  -42.532  -34.116  47.386 0.0000000000
54817  -42.760  -33.718  47.109 0.0000000000
56153  -42.845  -33.348  46.986 0.0000000000
60124  -42.655  -31.334  47.462 0.0000000000
58741  -42.774  -32.016  47.021 0.0000000000
57445  -42.637  -32.508  46.783 0.0000000000
58759  -42.280  -31.475  46.513 0.0000000000
60156  -41.838  -30.409  46.118 0.0000000000
61604  -41.909  -29.455  46.026 0.0000000000
64166  -41.577  -27.804  45.937 0.0000000000
65306  -41.145  -27.155  46.231 0.0000000000
65288  -41.097  -26.850  46.918 0.0000000000
65305  -40.245  -26.320  46.003 0.0000000000
67486  -37.922  -23.968  46.583 0.0000000000
58702  -40.335  -31.095  49.556 0.0000000000
60103  -40.446  -30.212  48.959 0.0000000000
60122  -39.924  -29.857  48.298 0.0000000000
61565  -40.265  -29.170  48.611 0.0000000000
61564  -39.750  -28.630  48.322 0.0000000000
62900  -39.389  -28.055  48.060 0.0000000000
64113  -39.244  -27.270  47.926 0.0000000000
65258  -38.981  -26.901  47.815 0.0000000000
68548  -37.133  -23.491  46.469 0.0000000000
43784  -13.317  -43.363  56.411 0.0000000000
44914  -14.795  -42.311  60.070 0.0000000000
48530  -15.504  -38.625  62.140 0.0000000000
48559  -17.886  -39.279  61.024 0.0000000000
47316  -20.797  -40.725  60.568 0.0000000000
49714  -21.833  -38.454  61.265 0.0000000000
48551  -21.847  -39.199  60.961 0.0000000000
48562  -22.317  -39.119  60.714 0.0000000000
47319  -22.962  -40.420  60.239 0.0000000000
54555  -24.174  -35.093  59.755 0.0000000000
54556  -24.598  -35.106  60.167 0.0000000000
55942  -26.001  -33.529  58.411 0.0000000000
54557  -25.145  -35.089  60.230 0.0000000000
52083  -25.555  -36.101  59.555 0.0000000000
52098  -26.252  -35.906  58.944 0.0000000000
52097  -25.866  -36.251  58.822 0.0000000000
50875  -25.106  -36.939  58.275 0.0000000000
54592  -30.188  -34.295  58.081 0.0000000000
53321  -29.974  -35.396  57.081 0.0000000000
52119  -31.255  -35.940  56.298 0.0000000000
52118  -30.314  -35.784  56.267 0.0000000000
52131  -29.570  -35.991  55.538 0.0000000000
56022  -31.573  -33.814  54.361 0.0000000000
56006  -32.202  -33.184  54.851 0.0000000000
57313  -33.505  -32.885  54.367 0.0000000000
57290  -33.575  -32.576  55.672 0.0000000000
57316  -35.932  -32.773  53.508 0.0000000000
57304  -35.949  -33.049  54.049 0.0000000000
56008  -35.533  -33.527  54.524 0.0000000000
54623  -35.140  -34.228  54.903 0.0000000000
53342  -34.777  -34.778  55.104 0.0000000000
52151  -34.387  -36.496  54.617 0.0000000000
50923  -34.532  -37.189  53.922 0.0000000000
50947  -35.700  -37.377  53.177 0.0000000000
50946  -34.824  -37.723  53.114 0.0000000000
51016  -37.755  -37.196  50.314 0.0000000000
51030  -37.917  -37.620  49.600 0.0000000000
49855  -37.974  -38.190  49.059 0.0000000000
49872  -38.461  -38.472  48.406 0.0000000000
46313  -39.182  -41.785  44.589 0.0000000000
46298  -39.807  -41.428  45.023 0.0000000000
58776  -40.241  -31.127  45.016 0.0000000000
67506  -37.439  -24.840  44.962 0.0000000000
66434  -37.795  -25.630  44.526 0.0000000000
65333  -37.555  -26.293  43.669 0.0000000000
65332  -37.055  -26.057  43.317 0.0000000000
64217  -37.743  -27.481  42.186 0.0000000000
65362  -35.856  -26.235  40.823 0.0000000000
65363  -36.250  -26.929  40.568 0.0000000000
64227  -36.874  -27.280  41.052 0.0000000000
64237  -37.040  -27.884  40.855 0.0000000000
63033  -37.246  -28.258  41.093 0.0000000000
73296  -36.470  -19.957  43.838 0.0000000000
72097  -37.205  -20.623  44.296 0.0000000000
70904  -37.577  -21.397  43.821 0.0000000000
69686  -38.399  -21.998  43.410 0.0000000000
72207  -45.189  -20.550  39.829 0.0000000000
72176  -43.676  -20.681  40.660 0.0000000000
72133  -44.670  -20.712  42.701 0.0000000000
72150  -43.172  -20.750  41.641 0.0000000000
72175  -42.654  -20.755  40.581 0.0000000000
72100  -40.140  -20.945  44.356 0.0000000000
70890  -40.939  -21.342  44.453 0.0000000000
70889  -39.875  -21.377  44.585 0.0000000000
70906  -39.349  -21.622  44.339 0.0000000000
69705  -39.094  -22.410  42.733 0.0000000000
69750  -39.448  -22.656  40.953 0.0000000000
68623  -39.836  -23.235  39.362 0.0000000000
68604  -40.813  -22.767  40.382 0.0000000000
68624  -40.665  -22.981  39.604 0.0000000000
42628  -12.287  -44.345  59.219 0.0000000000
47317  -21.261  -40.502  60.815 0.0000000000
47333  -20.380  -40.495  59.665 0.0000000000
47353  -20.317  -40.366  59.364 0.0000000000
47583  -41.078  -40.266  46.092 0.0000000000
47601  -41.355  -40.121  45.876 0.0000000000
48537  -20.835  -39.130  61.809 0.0000000000
48575  -23.497  -39.891  60.028 0.0000000000
48708  -36.875  -39.251  49.414 0.0000000000
48749  -40.192  -39.278  46.912 0.0000000000
48750  -41.022  -39.231  46.683 0.0000000000
48771  -41.264  -39.705  46.279 0.0000000000
49871  -37.752  -38.629  48.835 0.0000000000
49873  -39.250  -38.263  47.907 0.0000000000
49901  -41.709  -38.561  46.325 0.0000000000
49920  -42.053  -37.937  45.968 0.0000000000
50948  -36.242  -37.192  52.948 0.0000000000
50970  -34.734  -38.090  52.594 0.0000000000
50995  -36.975  -37.546  51.677 0.0000000000
51045  -40.108  -37.043  48.176 0.0000000000
51072  -41.876  -37.710  46.541 0.0000000000
51087  -42.072  -37.490  46.177 0.0000000000
52177  -37.532  -35.800  52.557 0.0000000000
52205  -38.329  -36.832  49.889 0.0000000000
52221  -40.930  -35.761  48.310 0.0000000000
52270  -42.078  -36.783  46.175 0.0000000000
53280  -26.206  -35.875  58.774 0.0000000000
53283  -28.194  -34.677  58.359 0.0000000000
53354  -34.475  -35.917  54.998 0.0000000000
53526  -42.019  -36.297  46.170 0.0000000000
54569  -28.013  -33.753  59.087 0.0000000000
54607  -32.713  -34.510  57.054 0.0000000000
54815  -42.255  -34.519  46.556 0.0000000000
55933  -27.959  -33.679  59.221 0.0000000000
55943  -26.776  -33.395  58.889 0.0000000000
55944  -27.150  -33.458  59.120 0.0000000000
55945  -28.213  -33.536  58.926 0.0000000000
55960  -28.220  -32.684  58.000 0.0000000000
55962  -31.234  -33.165  58.127 0.0000000000
55977  -33.812  -32.871  56.328 0.0000000000
56007  -32.622  -33.097  54.604 0.0000000000
56028  -38.158  -33.275  52.812 0.0000000000
56135  -42.619  -33.252  47.547 0.0000000000
56136  -42.796  -33.158  47.263 0.0000000000
56151  -42.246  -33.817  46.543 0.0000000000
57236  -27.824  -33.586  59.102 0.0000000000
57249  -30.231  -32.841  58.413 0.0000000000
57258  -27.370  -33.212  58.769 0.0000000000
57260  -28.828  -32.652  58.343 0.0000000000
57262  -30.564  -32.612  58.066 0.0000000000
57276  -32.493  -32.576  56.629 0.0000000000
57278  -33.902  -32.700  56.041 0.0000000000
57344  -39.139  -32.669  51.903 0.0000000000
57382  -41.942  -31.669  49.450 0.0000000000
57403  -42.580  -31.921  48.194 0.0000000000
57424  -42.662  -32.429  47.737 0.0000000000
58633  -37.956  -32.556  52.992 0.0000000000
58634  -38.100  -32.502  52.856 0.0000000000
58669  -38.157  -32.044  52.128 0.0000000000
58722  -42.670  -31.409  47.295 0.0000000000
58723  -42.712  -31.699  47.411 0.0000000000
60081  -41.739  -30.331  50.218 0.0000000000
60082  -42.190  -30.388  49.755 0.0000000000
60106  -42.664  -31.314  47.694 0.0000000000
60154  -40.523  -30.954  45.091 0.0000000000
61528  -41.870  -29.943  50.107 0.0000000000
61582  -39.852  -29.357  48.349 0.0000000000
61680  -37.160  -28.766  41.113 0.0000000000
62881  -41.112  -29.001  49.047 0.0000000000
62902  -40.888  -28.416  48.770 0.0000000000
63022  -38.204  -28.418  42.179 0.0000000000
64116  -41.278  -27.441  48.374 0.0000000000
65259  -39.292  -26.733  47.839 0.0000000000
65319  -37.874  -26.088  44.257 0.0000000000
67496  -37.458  -24.092  45.675 0.0000000000
67537  -35.078  -24.154  39.306 0.0000000000
68558  -37.201  -23.523  45.947 0.0000000000
68605  -41.256  -22.693  40.470 0.0000000000
69678  -42.640  -21.656  44.266 0.0000000000
69685  -37.642  -21.847  43.158 0.0000000000
69687  -39.412  -22.133  43.741 0.0000000000
69688  -40.462  -22.245  43.754 0.0000000000
69689  -41.457  -22.237  43.797 0.0000000000
69693  -45.408  -21.706  43.407 0.0000000000
69694  -45.807  -21.505  43.227 0.0000000000
69710  -44.310  -22.424  43.209 0.0000000000
69770  -41.734  -22.661  40.479 0.0000000000
70886  -36.875  -20.942  44.265 0.0000000000
70892  -42.799  -21.229  44.384 0.0000000000
70894  -44.009  -21.444  43.669 0.0000000000
70902  -35.766  -21.287  43.751 0.0000000000
70907  -44.122  -21.652  43.710 0.0000000000
72094  -35.449  -20.549  43.755 0.0000000000
72095  -35.669  -20.613  44.040 0.0000000000
72098  -38.106  -20.718  44.339 0.0000000000
72101  -41.177  -20.963  44.259 0.0000000000
72102  -42.157  -20.939  44.223 0.0000000000
72103  -43.024  -21.001  44.097 0.0000000000
72104  -43.599  -21.217  43.763 0.0000000000
72119  -45.794  -20.977  43.159 0.0000000000
72136  -47.099  -20.845  42.265 0.0000000000
72181  -47.836  -19.895  41.020 0.0000000000
72182  -48.734  -20.402  40.582 0.0000000000
73287  -35.980  -20.190  44.175 0.0000000000
73288  -36.743  -20.263  44.253 0.0000000000
73289  -37.473  -20.393  44.198 0.0000000000
73294  -35.143  -20.229  43.191 0.0000000000
73306  -37.559  -20.132  43.639 0.0000000000
73327  -49.250  -19.302  40.076 0.0000000000
73338  -49.417  -19.024  39.577 0.0000000000
73353  -47.346  -19.235  39.530 0.0000000000
74452  -48.338  -19.125  40.346 0.0000000000
75606  -49.430  -18.106  39.257 0.0000000000
75654  -46.726  -17.089  37.029 0.0000000000
76829  -48.307  -16.836  38.168 0.0000000000
76851  -47.394  -16.686  37.286 0.0000000000
76891  -50.199  -16.836  35.492 0.0000000000
78146  -49.297  -15.505  37.416 0.0000000000
78163  -49.661  -15.200  37.046 0.0000000000
79450  -51.057  -14.940  35.838 0.0000000000
79463  -50.193  -14.091  35.580 0.0000000000
