#!ascii label  , from subject abby vox2ras=TkReg
1416
68691  -30.663  -23.349  34.956 0.0000000000
78243  -48.050  -15.656  30.568 0.0000000000
72301  -39.883  -20.099  33.453 0.0000000000
47364  -6.081  -41.040  57.564 0.0000000000
64261  -31.336  -28.405  37.778 0.0000000000
52126  -22.314  -36.948  55.730 0.0000000000
56021  -30.417  -33.861  54.367 0.0000000000
54797  -35.702  -34.692  47.175 0.0000000000
60170  -35.040  -30.557  44.853 0.0000000000
50979  -14.936  -38.488  51.430 0.0000000000
50868  -17.210  -37.720  57.529 0.0000000000
51006  -18.951  -37.337  50.258 0.0000000000
53429  -25.058  -35.689  49.371 0.0000000000
53456  -30.111  -35.653  48.603 0.0000000000
68617  -33.241  -23.606  39.336 0.0000000000
72197  -34.081  -21.120  40.109 0.0000000000
76918  -42.882  -16.396  33.607 0.0000000000
68717  -35.882  -23.734  34.158 0.0000000000
75834  -45.935  -16.828  25.644 0.0000000000
46102  -2.135  -42.046  59.561 0.0000000000
65342  -34.000  -26.430  42.650 0.0000000000
66507  -30.003  -24.763  36.320 0.0000000000
57356  -21.794  -34.007  50.260 0.0000000000
56000  -25.163  -34.344  54.331 0.0000000000
72202  -39.809  -21.253  39.795 0.0000000000
80739  -52.234  -13.623  21.275 0.0000000000
53519  -32.811  -35.614  45.069 0.0000000000
54845  -32.973  -34.142  43.882 0.0000000000
51004  -16.889  -37.768  50.615 0.0000000000
52251  -28.243  -35.899  46.826 0.0000000000
53516  -29.748  -35.656  45.939 0.0000000000
53459  -33.055  -35.940  48.090 0.0000000000
69786  -31.429  -22.511  38.249 0.0000000000
70939  -33.074  -21.774  40.361 0.0000000000
69808  -33.093  -22.683  37.438 0.0000000000
76936  -44.778  -16.302  32.505 0.0000000000
78179  -45.106  -15.214  35.281 0.0000000000
78245  -49.532  -15.167  29.852 0.0000000000
47422  -3.289  -40.603  54.943 0.0000000000
47341  -4.426  -41.295  58.303 0.0000000000
60214  -32.956  -29.909  41.862 0.0000000000
62963  -34.956  -28.243  44.241 0.0000000000
64235  -32.685  -27.515  40.234 0.0000000000
65384  -33.370  -26.047  38.603 0.0000000000
65407  -31.953  -26.637  36.321 0.0000000000
50884  -19.926  -37.791  56.734 0.0000000000
50829  -18.428  -37.351  60.715 0.0000000000
50858  -21.506  -37.126  59.418 0.0000000000
53278  -23.184  -35.780  59.096 0.0000000000
58711  -20.001  -33.306  47.067 0.0000000000
57434  -21.379  -33.896  46.680 0.0000000000
53397  -27.757  -35.467  51.302 0.0000000000
54709  -25.501  -35.036  51.740 0.0000000000
56018  -27.602  -34.316  53.813 0.0000000000
55959  -27.083  -33.079  58.079 0.0000000000
47449  -9.886  -40.722  53.698 0.0000000000
47391  -11.993  -40.575  56.256 0.0000000000
46130  -11.610  -41.152  58.487 0.0000000000
69899  -37.967  -22.376  33.556 0.0000000000
71009  -38.374  -22.092  37.350 0.0000000000
71011  -40.584  -21.681  37.191 0.0000000000
81756  -53.249  -12.592  20.218 0.0000000000
47310  -7.368  -40.999  61.178 0.0000000000
56116  -38.700  -33.170  48.861 0.0000000000
58720  -38.994  -31.421  47.681 0.0000000000
57440  -35.318  -33.101  45.813 0.0000000000
58786  -32.722  -31.636  42.734 0.0000000000
49763  -14.660  -39.334  54.418 0.0000000000
49740  -15.624  -38.414  57.535 0.0000000000
50931  -16.243  -38.296  54.101 0.0000000000
50933  -18.129  -37.715  53.609 0.0000000000
50935  -20.389  -37.585  53.270 0.0000000000
54811  -22.877  -35.385  47.127 0.0000000000
52231  -25.115  -36.442  46.878 0.0000000000
53453  -27.495  -36.029  48.730 0.0000000000
53400  -31.006  -35.254  51.162 0.0000000000
54737  -33.575  -35.004  50.477 0.0000000000
54759  -35.913  -34.651  49.527 0.0000000000
49802  -12.819  -39.580  51.159 0.0000000000
68578  -34.635  -24.197  42.502 0.0000000000
66445  -35.936  -25.129  42.990 0.0000000000
69718  -33.863  -22.391  41.353 0.0000000000
70915  -34.296  -21.533  42.336 0.0000000000
75702  -40.931  -17.469  33.542 0.0000000000
72277  -43.220  -20.542  35.972 0.0000000000
74526  -44.409  -17.887  35.825 0.0000000000
44864  0.466  -41.879  62.962 0.0000000000
68714  -32.952  -24.160  34.413 0.0000000000
71113  -35.249  -21.488  31.351 0.0000000000
74585  -38.659  -18.091  31.865 0.0000000000
75744  -40.196  -18.197  31.228 0.0000000000
75747  -42.857  -17.570  30.189 0.0000000000
75768  -44.665  -17.136  28.823 0.0000000000
77009  -46.374  -16.379  27.635 0.0000000000
77023  -43.921  -16.597  26.129 0.0000000000
47280  -5.503  -40.717  62.864 0.0000000000
47266  -3.496  -41.033  63.575 0.0000000000
46047  -1.053  -41.381  63.857 0.0000000000
66390  -38.574  -25.102  47.294 0.0000000000
61592  -37.764  -29.185  46.809 0.0000000000
64143  -36.362  -26.691  45.887 0.0000000000
67493  -35.266  -24.286  45.604 0.0000000000
66461  -33.775  -25.466  41.253 0.0000000000
67541  -31.984  -24.004  37.998 0.0000000000
69828  -29.670  -23.035  36.578 0.0000000000
50826  -16.099  -37.934  60.875 0.0000000000
53408  -20.426  -35.526  49.888 0.0000000000
53366  -22.287  -35.640  52.839 0.0000000000
56097  -23.180  -34.524  49.323 0.0000000000
54680  -23.359  -34.572  52.584 0.0000000000
54618  -23.535  -35.333  55.939 0.0000000000
54577  -24.786  -34.269  58.269 0.0000000000
47444  -5.512  -40.523  53.997 0.0000000000
47447  -8.119  -40.520  53.862 0.0000000000
47386  -7.459  -41.035  56.612 0.0000000000
69811  -35.584  -22.523  36.983 0.0000000000
70940  -37.363  -21.189  40.097 0.0000000000
72112  -39.285  -20.641  43.858 0.0000000000
72205  -43.274  -20.772  39.598 0.0000000000
75801  -49.493  -16.924  27.347 0.0000000000
77030  -51.434  -16.648  26.459 0.0000000000
79575  -53.210  -14.666  25.239 0.0000000000
79619  -49.955  -14.355  22.161 0.0000000000
80696  -54.392  -13.530  24.166 0.0000000000
53537  -30.833  -35.430  44.500 0.0000000000
53552  -31.655  -34.854  43.406 0.0000000000
53587  -30.230  -34.915  41.858 0.0000000000
53535  -28.845  -35.721  45.289 0.0000000000
53536  -29.798  -35.631  44.809 0.0000000000
53518  -31.777  -35.678  45.290 0.0000000000
69829  -30.675  -22.884  36.660 0.0000000000
69807  -32.180  -22.644  37.386 0.0000000000
69854  -32.037  -23.296  35.910 0.0000000000
76966  -46.598  -16.356  30.815 0.0000000000
78213  -46.845  -15.656  33.264 0.0000000000
78222  -47.613  -15.513  32.197 0.0000000000
78231  -48.731  -15.219  31.093 0.0000000000
78244  -48.716  -15.401  30.146 0.0000000000
47403  -4.785  -40.947  55.622 0.0000000000
46155  -4.102  -41.243  56.861 0.0000000000
47363  -5.083  -40.991  57.461 0.0000000000
61676  -31.830  -29.269  40.015 0.0000000000
61663  -32.831  -29.302  41.263 0.0000000000
63046  -32.036  -28.310  39.534 0.0000000000
64263  -32.342  -27.468  38.413 0.0000000000
64273  -31.893  -27.551  37.191 0.0000000000
48579  -13.333  -39.872  58.191 0.0000000000
50885  -21.008  -37.754  56.976 0.0000000000
50857  -20.332  -37.493  59.082 0.0000000000
50873  -22.094  -37.039  58.260 0.0000000000
52096  -22.429  -36.392  59.636 0.0000000000
52112  -22.603  -36.538  57.335 0.0000000000
54686  -29.516  -35.080  52.746 0.0000000000
54661  -27.939  -34.662  53.320 0.0000000000
56020  -29.278  -33.864  54.155 0.0000000000
56003  -28.548  -33.529  54.925 0.0000000000
47412  -12.962  -40.161  55.013 0.0000000000
47371  -12.655  -40.290  57.136 0.0000000000
47350  -12.435  -40.516  58.104 0.0000000000
67498  -39.144  -24.966  46.075 0.0000000000
71083  -38.763  -21.664  33.571 0.0000000000
69884  -39.223  -22.156  34.874 0.0000000000
71042  -40.410  -21.593  35.129 0.0000000000
54798  -36.506  -34.534  47.664 0.0000000000
56132  -36.975  -33.701  47.137 0.0000000000
56149  -35.871  -33.673  46.566 0.0000000000
56208  -32.956  -32.984  43.706 0.0000000000
57517  -32.177  -32.301  42.429 0.0000000000
58823  -31.759  -31.251  41.378 0.0000000000
49788  -14.881  -38.959  52.666 0.0000000000
49776  -15.730  -38.698  54.261 0.0000000000
50954  -15.606  -38.415  52.987 0.0000000000
51005  -17.937  -37.697  50.431 0.0000000000
50956  -17.379  -37.730  52.673 0.0000000000
50957  -18.453  -37.701  52.483 0.0000000000
50934  -19.242  -37.755  53.435 0.0000000000
50984  -19.823  -37.324  51.132 0.0000000000
53514  -23.883  -36.205  45.116 0.0000000000
53497  -28.867  -35.807  47.207 0.0000000000
52234  -27.780  -36.041  47.557 0.0000000000
53455  -29.179  -35.743  48.716 0.0000000000
53414  -29.349  -35.554  50.442 0.0000000000
53435  -30.790  -35.609  49.442 0.0000000000
54735  -31.833  -35.199  51.000 0.0000000000
53436  -31.801  -35.518  49.255 0.0000000000
53483  -34.325  -35.667  46.946 0.0000000000
54758  -34.602  -35.300  49.198 0.0000000000
54779  -35.747  -34.955  48.343 0.0000000000
54761  -37.588  -33.971  49.380 0.0000000000
49823  -13.609  -38.870  50.692 0.0000000000
68597  -33.792  -23.575  40.165 0.0000000000
68584  -34.694  -23.584  41.063 0.0000000000
69744  -33.599  -22.761  40.647 0.0000000000
72196  -33.321  -21.324  40.111 0.0000000000
72166  -33.122  -21.291  41.059 0.0000000000
72142  -34.392  -20.614  41.804 0.0000000000
72109  -35.117  -20.724  43.364 0.0000000000
72143  -35.109  -20.511  41.665 0.0000000000
76917  -41.527  -16.751  33.353 0.0000000000
75689  -42.282  -17.372  34.445 0.0000000000
76904  -42.983  -16.512  34.442 0.0000000000
79445  -46.583  -14.609  36.250 0.0000000000
74605  -38.982  -18.253  31.164 0.0000000000
75762  -38.643  -18.206  29.528 0.0000000000
75764  -41.170  -18.157  29.659 0.0000000000
75783  -42.564  -17.647  28.345 0.0000000000
76975  -43.823  -17.203  29.340 0.0000000000
75784  -43.553  -17.227  28.117 0.0000000000
76992  -44.236  -16.858  27.536 0.0000000000
46122  -2.278  -41.929  58.573 0.0000000000
46085  -1.965  -41.835  60.502 0.0000000000
47295  -7.317  -40.910  62.418 0.0000000000
47294  -6.390  -40.752  61.984 0.0000000000
47281  -6.563  -40.747  63.178 0.0000000000
47247  -4.237  -40.893  65.187 0.0000000000
46049  -2.859  -41.325  65.056 0.0000000000
47265  -2.284  -41.040  63.382 0.0000000000
44857  -2.498  -42.114  64.855 0.0000000000
44856  -1.621  -42.158  64.268 0.0000000000
60138  -36.819  -30.710  46.250 0.0000000000
60139  -37.564  -30.211  46.837 0.0000000000
61590  -36.329  -30.248  45.893 0.0000000000
64204  -34.656  -27.454  43.815 0.0000000000
64186  -35.571  -27.740  44.720 0.0000000000
65318  -35.634  -26.867  44.808 0.0000000000
66406  -36.075  -25.307  46.140 0.0000000000
66432  -34.931  -25.411  44.273 0.0000000000
66431  -34.342  -24.957  44.022 0.0000000000
66453  -33.964  -25.519  42.246 0.0000000000
66495  -32.144  -25.119  37.016 0.0000000000
67554  -33.223  -25.014  37.706 0.0000000000
67552  -31.228  -24.311  37.403 0.0000000000
68651  -30.598  -23.585  37.505 0.0000000000
67550  -29.513  -23.767  36.821 0.0000000000
50867  -16.372  -38.072  57.522 0.0000000000
49728  -15.741  -38.225  59.310 0.0000000000
50840  -16.672  -37.695  59.313 0.0000000000
57390  -20.555  -33.620  48.206 0.0000000000
56112  -20.086  -34.316  48.549 0.0000000000
56072  -20.833  -34.246  50.355 0.0000000000
53394  -21.177  -35.561  50.958 0.0000000000
56051  -21.301  -34.679  50.862 0.0000000000
53450  -24.433  -35.725  48.682 0.0000000000
56126  -22.715  -34.898  47.797 0.0000000000
54777  -23.866  -35.320  49.110 0.0000000000
56016  -25.396  -34.354  53.884 0.0000000000
54681  -24.218  -34.557  52.597 0.0000000000
54657  -24.079  -34.549  53.446 0.0000000000
54656  -23.493  -34.813  53.588 0.0000000000
54620  -24.331  -34.919  55.293 0.0000000000
54605  -23.952  -34.887  56.644 0.0000000000
55971  -24.695  -34.478  56.096 0.0000000000
56036  -34.078  -33.564  52.824 0.0000000000
47448  -9.005  -40.688  53.820 0.0000000000
47428  -8.802  -40.616  54.717 0.0000000000
47427  -7.878  -40.608  54.726 0.0000000000
44911  -12.343  -42.600  59.569 0.0000000000
68716  -34.923  -23.874  34.176 0.0000000000
69857  -34.790  -23.119  35.670 0.0000000000
69858  -35.704  -23.148  35.627 0.0000000000
70985  -38.779  -21.829  38.298 0.0000000000
70984  -37.671  -21.874  38.331 0.0000000000
72201  -38.782  -21.196  39.971 0.0000000000
72146  -38.690  -20.608  41.922 0.0000000000
72147  -39.933  -20.824  41.777 0.0000000000
72264  -44.260  -20.496  37.126 0.0000000000
72246  -42.794  -20.981  37.453 0.0000000000
72206  -44.259  -20.691  39.713 0.0000000000
75809  -46.441  -16.493  26.503 0.0000000000
77028  -47.567  -16.463  27.540 0.0000000000
75821  -47.137  -16.947  26.099 0.0000000000
77044  -49.804  -17.000  24.951 0.0000000000
77064  -50.258  -16.375  24.340 0.0000000000
77066  -51.913  -16.218  24.906 0.0000000000
78306  -50.961  -15.870  24.020 0.0000000000
80757  -50.460  -13.406  20.732 0.0000000000
80737  -49.800  -13.798  21.584 0.0000000000
79621  -51.967  -14.177  21.871 0.0000000000
79606  -51.726  -14.669  22.638 0.0000000000
79608  -53.754  -13.563  22.739 0.0000000000
80720  -54.247  -13.243  22.265 0.0000000000
81758  -55.022  -12.671  20.340 0.0000000000
53502  -33.821  -35.601  45.897 0.0000000000
54829  -34.298  -34.350  45.384 0.0000000000
53539  -32.876  -35.040  44.308 0.0000000000
54855  -31.829  -34.222  42.930 0.0000000000
50980  -15.608  -38.045  51.832 0.0000000000
52279  -27.863  -35.884  44.826 0.0000000000
53515  -28.904  -35.763  46.346 0.0000000000
53479  -30.367  -35.646  47.655 0.0000000000
53458  -32.069  -35.792  48.269 0.0000000000
53500  -31.569  -35.752  46.394 0.0000000000
53501  -32.641  -35.836  46.134 0.0000000000
68615  -31.740  -23.102  38.903 0.0000000000
69769  -32.567  -22.523  39.389 0.0000000000
70955  -32.044  -22.344  38.832 0.0000000000
70980  -33.327  -22.145  38.337 0.0000000000
70981  -34.410  -21.839  38.435 0.0000000000
76935  -43.618  -16.606  32.462 0.0000000000
78201  -43.770  -15.955  34.136 0.0000000000
78203  -45.555  -15.628  34.107 0.0000000000
79471  -46.562  -14.417  35.096 0.0000000000
78261  -50.721  -15.293  28.696 0.0000000000
46141  -3.382  -41.575  57.508 0.0000000000
46104  -3.792  -41.661  59.072 0.0000000000
60187  -33.724  -30.370  43.483 0.0000000000
61613  -35.076  -29.369  44.559 0.0000000000
61630  -33.960  -29.351  43.304 0.0000000000
63006  -33.613  -28.355  42.116 0.0000000000
64226  -33.503  -27.624  41.663 0.0000000000
65351  -33.215  -26.700  40.979 0.0000000000
65371  -33.018  -26.766  39.625 0.0000000000
65396  -32.547  -26.742  37.547 0.0000000000
66525  -30.773  -25.751  35.772 0.0000000000
50883  -18.804  -37.776  56.641 0.0000000000
50855  -18.291  -37.531  58.621 0.0000000000
50856  -19.277  -37.545  58.820 0.0000000000
50844  -20.329  -37.265  60.205 0.0000000000
53248  -22.807  -35.899  60.987 0.0000000000
58713  -20.584  -33.140  46.290 0.0000000000
57392  -22.001  -33.703  49.001 0.0000000000
53411  -26.444  -35.718  50.306 0.0000000000
54733  -24.960  -35.235  50.860 0.0000000000
54710  -26.508  -35.230  51.751 0.0000000000
54660  -26.950  -34.558  53.475 0.0000000000
56001  -26.057  -34.257  54.564 0.0000000000
55985  -26.489  -34.015  55.637 0.0000000000
55986  -27.688  -33.527  55.894 0.0000000000
47467  -11.708  -40.296  52.280 0.0000000000
47450  -10.749  -40.569  53.544 0.0000000000
47390  -11.082  -40.437  56.381 0.0000000000
47348  -10.871  -40.891  58.069 0.0000000000
47349  -11.611  -40.711  57.988 0.0000000000
69898  -37.099  -22.842  33.458 0.0000000000
69859  -36.634  -22.981  35.394 0.0000000000
69861  -38.266  -22.430  35.405 0.0000000000
71025  -39.029  -22.168  36.450 0.0000000000
70987  -40.556  -21.479  38.135 0.0000000000
77070  -44.408  -16.143  23.972 0.0000000000
77060  -46.769  -16.904  24.593 0.0000000000
77072  -46.161  -16.249  23.925 0.0000000000
81754  -51.099  -13.026  20.020 0.0000000000
80759  -52.677  -13.126  20.718 0.0000000000
81780  -51.800  -12.610  19.388 0.0000000000
81781  -52.926  -12.461  19.453 0.0000000000
47365  -7.178  -41.122  57.670 0.0000000000
47344  -6.681  -41.071  58.676 0.0000000000
57400  -39.783  -31.934  48.983 0.0000000000
57421  -38.637  -32.468  47.800 0.0000000000
57442  -36.759  -32.326  46.513 0.0000000000
58755  -35.518  -31.662  45.593 0.0000000000
56169  -34.005  -33.296  44.915 0.0000000000
57480  -33.977  -32.391  44.734 0.0000000000
58772  -34.344  -31.323  44.537 0.0000000000
58802  -32.918  -30.970  42.581 0.0000000000
60227  -31.734  -30.548  40.565 0.0000000000
48604  -14.176  -39.568  56.124 0.0000000000
49739  -14.937  -38.987  57.499 0.0000000000
49754  -15.420  -38.869  55.704 0.0000000000
49755  -15.831  -38.360  55.881 0.0000000000
50894  -16.654  -37.845  55.866 0.0000000000
50955  -16.392  -37.926  52.855 0.0000000000
50932  -17.105  -37.761  53.811 0.0000000000
50896  -18.359  -37.774  55.635 0.0000000000
50897  -19.488  -37.856  55.596 0.0000000000
50913  -20.020  -37.857  54.441 0.0000000000
52125  -21.654  -37.424  54.942 0.0000000000
53474  -24.181  -36.018  47.327 0.0000000000
53451  -25.432  -36.196  48.309 0.0000000000
52249  -26.589  -36.305  46.375 0.0000000000
52215  -26.392  -36.352  47.932 0.0000000000
53431  -26.958  -35.986  49.556 0.0000000000
53413  -28.345  -35.644  50.431 0.0000000000
53398  -28.807  -35.452  51.265 0.0000000000
54687  -30.461  -35.071  52.918 0.0000000000
54665  -31.904  -34.297  53.591 0.0000000000
54689  -32.606  -34.452  52.843 0.0000000000
54715  -32.998  -34.613  51.672 0.0000000000
54716  -34.192  -34.054  51.787 0.0000000000
53437  -32.816  -35.627  49.104 0.0000000000
54738  -35.094  -34.304  50.764 0.0000000000
56079  -35.795  -33.287  51.085 0.0000000000
56081  -37.311  -33.074  50.713 0.0000000000
48655  -12.421  -39.988  51.984 0.0000000000
68556  -35.586  -23.637  45.321 0.0000000000
68573  -35.548  -24.080  43.282 0.0000000000
68580  -35.170  -24.178  42.123 0.0000000000
68585  -34.827  -23.858  41.317 0.0000000000
69717  -33.288  -22.275  40.987 0.0000000000
70925  -33.767  -21.785  41.772 0.0000000000
73424  -40.320  -19.317  33.576 0.0000000000
72290  -41.254  -20.210  34.434 0.0000000000
74523  -41.992  -18.843  34.642 0.0000000000
73398  -43.567  -19.690  35.695 0.0000000000
73383  -45.540  -19.110  36.959 0.0000000000
78159  -44.724  -16.042  35.571 0.0000000000
74509  -45.944  -18.206  36.845 0.0000000000
68711  -30.376  -23.488  34.057 0.0000000000
68713  -32.058  -23.876  34.391 0.0000000000
67616  -31.513  -24.151  33.065 0.0000000000
68750  -32.697  -23.925  32.442 0.0000000000
68751  -33.897  -23.795  32.390 0.0000000000
68753  -35.981  -23.374  32.591 0.0000000000
69914  -36.809  -22.588  32.366 0.0000000000
71098  -37.869  -21.689  32.689 0.0000000000
72312  -38.539  -20.283  32.810 0.0000000000
74554  -39.077  -18.927  33.062 0.0000000000
75710  -39.520  -18.072  32.705 0.0000000000
76932  -40.640  -17.179  32.661 0.0000000000
75713  -41.264  -17.277  32.114 0.0000000000
75763  -39.837  -18.441  30.095 0.0000000000
75745  -40.973  -18.079  30.777 0.0000000000
76948  -42.454  -17.387  31.541 0.0000000000
76949  -43.300  -17.130  31.171 0.0000000000
76965  -45.571  -16.691  30.509 0.0000000000
76978  -46.511  -16.388  29.673 0.0000000000
76996  -47.616  -16.087  28.961 0.0000000000
76994  -45.684  -16.649  28.127 0.0000000000
77008  -45.612  -16.461  27.307 0.0000000000
77041  -44.577  -16.560  25.538 0.0000000000
77058  -44.225  -16.304  24.553 0.0000000000
47324  -5.092  -41.127  59.170 0.0000000000
47307  -4.389  -41.391  59.744 0.0000000000
47292  -4.089  -41.415  61.101 0.0000000000
47268  -5.722  -40.644  64.033 0.0000000000
47279  -4.355  -41.005  62.553 0.0000000000
46073  -2.624  -41.677  61.240 0.0000000000
46063  -1.900  -41.159  61.984 0.0000000000
48525  -0.841  -40.166  62.946 0.0000000000
48520  -0.096  -40.340  63.257 0.0000000000
46056  -0.301  -41.381  63.394 0.0000000000
67472  -38.581  -24.484  46.990 0.0000000000
62917  -38.803  -28.471  47.748 0.0000000000
62944  -36.452  -28.505  45.668 0.0000000000
62931  -36.898  -28.219  46.178 0.0000000000
65268  -37.459  -26.087  47.052 0.0000000000
67470  -37.042  -24.103  47.257 0.0000000000
68547  -36.196  -23.469  46.202 0.0000000000
68563  -34.278  -24.091  44.133 0.0000000000
67521  -34.131  -24.622  41.808 0.0000000000
67535  -33.791  -24.444  39.617 0.0000000000
66480  -33.669  -25.567  39.180 0.0000000000
67542  -33.198  -24.276  38.410 0.0000000000
68635  -32.816  -23.600  38.869 0.0000000000
68632  -30.951  -23.241  38.056 0.0000000000
69805  -30.642  -22.980  37.435 0.0000000000
69852  -29.891  -23.082  35.694 0.0000000000
64287  -30.616  -28.063  35.903 0.0000000000
64305  -30.899  -27.220  35.415 0.0000000000
66545  -29.582  -25.841  34.919 0.0000000000
66523  -28.739  -24.632  35.488 0.0000000000
67588  -28.673  -23.804  36.077 0.0000000000
69851  -28.722  -22.787  35.843 0.0000000000
69879  -28.989  -22.824  34.730 0.0000000000
69880  -29.837  -23.289  34.692 0.0000000000
50828  -17.532  -37.396  60.511 0.0000000000
52203  -19.301  -36.464  48.487 0.0000000000
53449  -19.655  -35.426  48.395 0.0000000000
51007  -19.900  -36.701  50.158 0.0000000000
50985  -20.575  -36.773  50.950 0.0000000000
50960  -21.544  -36.739  52.590 0.0000000000
52142  -22.609  -36.261  54.365 0.0000000000
56143  -21.921  -34.382  46.508 0.0000000000
56113  -22.443  -34.201  48.626 0.0000000000
56096  -22.606  -34.113  49.622 0.0000000000
54732  -24.232  -34.769  50.459 0.0000000000
56054  -23.291  -34.436  51.114 0.0000000000
56053  -22.541  -34.536  51.257 0.0000000000
54679  -22.598  -34.961  52.642 0.0000000000
53353  -22.954  -35.630  54.223 0.0000000000
53336  -23.091  -35.863  55.270 0.0000000000
53316  -23.512  -35.181  57.034 0.0000000000
53279  -23.767  -35.197  58.623 0.0000000000
48625  -4.298  -40.509  54.282 0.0000000000
47404  -5.730  -40.778  55.644 0.0000000000
48651  -7.740  -40.126  52.220 0.0000000000
48650  -6.568  -40.040  52.616 0.0000000000
47445  -6.287  -40.504  53.964 0.0000000000
47405  -6.711  -40.786  55.669 0.0000000000
47385  -6.434  -40.904  56.620 0.0000000000
47366  -8.272  -41.039  57.609 0.0000000000
46129  -11.019  -41.803  58.765 0.0000000000
69855  -32.992  -23.355  35.884 0.0000000000
69810  -34.719  -22.540  37.056 0.0000000000
70982  -35.451  -21.800  38.419 0.0000000000
69812  -36.388  -22.534  36.884 0.0000000000
70983  -36.540  -21.942  38.382 0.0000000000
72199  -36.306  -21.169  40.103 0.0000000000
72144  -36.042  -20.297  41.710 0.0000000000
72261  -41.838  -21.308  35.917 0.0000000000
72225  -41.941  -21.045  38.365 0.0000000000
72174  -41.562  -20.867  40.539 0.0000000000
76997  -48.334  -15.925  28.639 0.0000000000
78270  -49.154  -15.860  28.205 0.0000000000
78271  -50.786  -15.825  28.180 0.0000000000
75822  -48.077  -17.420  26.037 0.0000000000
75813  -49.993  -17.186  26.641 0.0000000000
77014  -51.835  -16.001  27.353 0.0000000000
78282  -52.768  -15.153  26.882 0.0000000000
79568  -53.284  -14.555  26.390 0.0000000000
78336  -50.153  -15.280  23.033 0.0000000000
79586  -51.365  -15.150  23.136 0.0000000000
79576  -53.678  -13.930  24.692 0.0000000000
80742  -54.740  -13.038  21.636 0.0000000000
53550  -29.895  -35.497  43.622 0.0000000000
53551  -30.894  -35.103  43.391 0.0000000000
53549  -28.705  -35.716  43.933 0.0000000000
69853  -31.065  -23.174  35.860 0.0000000000
69830  -31.616  -22.897  36.687 0.0000000000
76967  -47.380  -15.919  31.061 0.0000000000
76953  -47.400  -15.685  31.614 0.0000000000
78230  -47.940  -15.533  31.398 0.0000000000
78223  -48.493  -15.241  32.027 0.0000000000
47384  -5.439  -40.881  56.575 0.0000000000
47383  -4.515  -41.064  56.520 0.0000000000
63061  -31.606  -28.767  38.682 0.0000000000
63030  -31.873  -28.901  39.880 0.0000000000
64262  -31.802  -27.908  38.182 0.0000000000
48592  -14.135  -39.413  57.274 0.0000000000
50899  -21.600  -37.554  56.349 0.0000000000
50886  -21.912  -37.366  57.130 0.0000000000
54663  -29.902  -34.534  53.578 0.0000000000
54662  -28.897  -34.511  53.384 0.0000000000
71084  -39.723  -20.978  33.607 0.0000000000
71065  -40.400  -21.086  34.121 0.0000000000
56131  -36.261  -34.174  47.113 0.0000000000
54814  -35.285  -34.435  46.451 0.0000000000
56228  -31.477  -33.182  41.999 0.0000000000
57516  -31.747  -32.699  42.151 0.0000000000
49805  -15.122  -38.566  52.083 0.0000000000
50983  -18.732  -37.579  51.357 0.0000000000
50958  -19.588  -37.551  52.285 0.0000000000
53478  -29.455  -35.687  47.841 0.0000000000
53434  -29.782  -35.659  49.533 0.0000000000
54778  -34.954  -35.378  47.740 0.0000000000
54780  -36.726  -34.638  48.654 0.0000000000
49804  -14.379  -38.840  51.634 0.0000000000
49787  -14.132  -39.251  52.412 0.0000000000
68596  -33.046  -22.948  39.932 0.0000000000
72167  -33.505  -20.876  40.889 0.0000000000
72168  -34.567  -20.774  40.919 0.0000000000
76903  -42.160  -16.675  34.014 0.0000000000
78144  -47.858  -15.619  37.062 0.0000000000
74623  -38.831  -18.347  30.455 0.0000000000
75797  -42.778  -17.373  27.456 0.0000000000
75798  -43.526  -17.056  27.194 0.0000000000
46101  -1.356  -41.811  59.796 0.0000000000
47269  -6.667  -40.902  64.192 0.0000000000
43693  -2.139  -42.674  64.424 0.0000000000
60137  -36.077  -31.077  45.969 0.0000000000
60153  -35.726  -30.565  45.439 0.0000000000
64203  -34.110  -27.223  43.248 0.0000000000
64185  -35.113  -27.143  44.352 0.0000000000
65331  -34.809  -26.348  43.717 0.0000000000
65317  -35.290  -26.149  44.686 0.0000000000
65330  -34.340  -26.385  43.174 0.0000000000
66443  -34.374  -25.509  43.230 0.0000000000
67570  -30.887  -24.795  36.687 0.0000000000
67569  -30.362  -24.520  36.706 0.0000000000
67551  -30.160  -23.988  37.010 0.0000000000
67568  -29.520  -24.298  36.528 0.0000000000
50853  -16.646  -37.790  58.376 0.0000000000
50854  -17.390  -37.585  58.478 0.0000000000
57373  -20.916  -33.495  49.171 0.0000000000
57354  -20.708  -33.771  49.676 0.0000000000
57355  -21.204  -33.696  50.079 0.0000000000
56050  -20.897  -34.636  50.676 0.0000000000
56073  -21.531  -34.337  50.550 0.0000000000
53428  -24.371  -35.432  49.447 0.0000000000
54658  -24.898  -34.540  53.515 0.0000000000
54638  -24.566  -34.481  54.011 0.0000000000
54637  -24.223  -34.713  54.319 0.0000000000
55983  -24.735  -34.560  54.968 0.0000000000
55984  -25.450  -34.299  55.351 0.0000000000
56037  -34.821  -33.137  52.806 0.0000000000
47368  -10.158  -40.919  57.302 0.0000000000
68696  -35.329  -23.642  35.006 0.0000000000
68697  -36.174  -23.400  34.885 0.0000000000
70962  -39.242  -21.489  39.087 0.0000000000
72172  -39.272  -20.983  40.807 0.0000000000
72249  -45.294  -20.365  38.317 0.0000000000
72228  -44.866  -20.629  38.843 0.0000000000
75819  -45.912  -16.715  25.889 0.0000000000
75810  -46.821  -16.536  26.610 0.0000000000
75835  -46.489  -17.005  25.437 0.0000000000
77075  -49.580  -16.046  23.759 0.0000000000
77076  -50.273  -15.854  23.740 0.0000000000
80738  -51.145  -13.817  21.345 0.0000000000
79622  -52.785  -13.776  21.800 0.0000000000
80719  -53.516  -13.477  22.027 0.0000000000
80740  -53.142  -13.293  21.342 0.0000000000
53520  -33.531  -35.093  44.953 0.0000000000
54854  -31.278  -34.717  42.888 0.0000000000
54868  -31.185  -34.396  42.356 0.0000000000
52294  -27.517  -36.010  43.692 0.0000000000
53498  -29.650  -35.662  46.937 0.0000000000
53499  -30.566  -35.644  46.664 0.0000000000
53480  -31.329  -35.792  47.446 0.0000000000
69768  -31.445  -22.741  38.778 0.0000000000
69788  -32.576  -22.414  37.967 0.0000000000
71004  -33.624  -22.412  37.669 0.0000000000
76919  -44.085  -16.114  33.418 0.0000000000
76920  -45.091  -15.968  33.383 0.0000000000
79472  -47.534  -14.532  34.864 0.0000000000
80604  -47.455  -14.149  35.352 0.0000000000
80605  -48.376  -13.988  34.967 0.0000000000
79526  -50.276  -14.711  30.056 0.0000000000
79527  -50.942  -14.516  29.683 0.0000000000
78246  -50.213  -15.048  29.415 0.0000000000
46142  -4.099  -41.341  57.459 0.0000000000
46154  -3.576  -41.350  56.859 0.0000000000
46123  -3.190  -41.833  58.357 0.0000000000
46124  -3.985  -41.489  58.204 0.0000000000
60198  -33.334  -30.102  42.647 0.0000000000
63019  -32.699  -28.392  40.723 0.0000000000
63020  -33.198  -28.392  41.432 0.0000000000
64225  -33.013  -27.387  41.053 0.0000000000
65395  -32.249  -26.924  36.965 0.0000000000
65408  -32.346  -26.577  36.887 0.0000000000
66510  -32.381  -25.967  36.774 0.0000000000
66526  -31.418  -26.141  35.924 0.0000000000
50870  -19.102  -37.677  57.712 0.0000000000
52082  -22.436  -36.334  60.594 0.0000000000
53263  -22.922  -35.715  60.181 0.0000000000
57410  -21.032  -33.489  47.034 0.0000000000
57411  -21.685  -33.878  47.880 0.0000000000
53396  -26.876  -35.428  51.054 0.0000000000
54711  -27.138  -35.341  51.626 0.0000000000
54640  -26.408  -34.331  54.050 0.0000000000
56002  -27.265  -34.125  54.554 0.0000000000
55987  -29.085  -32.917  56.303 0.0000000000
47466  -10.881  -40.513  52.622 0.0000000000
47451  -11.605  -40.402  53.330 0.0000000000
47369  -10.928  -40.506  57.288 0.0000000000
47370  -11.756  -40.472  57.233 0.0000000000
47329  -12.966  -40.576  59.305 0.0000000000
69881  -37.226  -22.849  34.469 0.0000000000
69882  -38.047  -22.508  34.545 0.0000000000
71026  -39.978  -21.900  36.279 0.0000000000
71041  -39.442  -22.087  35.453 0.0000000000
70986  -39.797  -21.676  38.159 0.0000000000
77071  -45.003  -16.212  23.994 0.0000000000
81753  -49.899  -12.856  20.130 0.0000000000
81779  -50.605  -12.591  19.379 0.0000000000
46066  -8.443  -41.756  62.935 0.0000000000
57399  -39.145  -32.583  48.544 0.0000000000
56134  -38.649  -32.975  48.278 0.0000000000
56150  -36.502  -33.006  46.615 0.0000000000
57419  -37.042  -32.846  46.784 0.0000000000
57441  -35.962  -32.445  46.120 0.0000000000
58737  -36.010  -31.707  45.932 0.0000000000
57464  -35.397  -32.411  45.697 0.0000000000
54828  -33.856  -34.169  44.901 0.0000000000
54846  -33.440  -34.079  44.383 0.0000000000
57496  -32.853  -32.345  43.193 0.0000000000
57497  -33.395  -32.357  43.893 0.0000000000
57481  -34.475  -31.914  44.931 0.0000000000
58771  -33.756  -31.664  44.111 0.0000000000
58787  -33.324  -31.309  43.319 0.0000000000
49753  -14.806  -39.328  55.426 0.0000000000
49765  -15.869  -38.583  55.016 0.0000000000
50909  -16.263  -38.117  55.312 0.0000000000
50893  -16.179  -38.071  56.040 0.0000000000
50910  -16.875  -37.799  54.919 0.0000000000
50981  -16.617  -37.786  51.721 0.0000000000
50911  -17.782  -37.737  54.706 0.0000000000
50912  -18.841  -37.808  54.563 0.0000000000
50898  -20.960  -37.807  55.610 0.0000000000
50914  -21.073  -37.506  54.281 0.0000000000
52247  -24.781  -36.402  46.098 0.0000000000
53496  -23.951  -36.083  45.811 0.0000000000
53475  -25.138  -36.350  47.462 0.0000000000
52263  -27.204  -36.104  45.605 0.0000000000
52262  -26.298  -36.324  45.391 0.0000000000
52250  -27.471  -36.096  46.590 0.0000000000
53476  -27.953  -35.966  48.235 0.0000000000
52217  -27.598  -36.081  48.148 0.0000000000
53452  -26.563  -36.212  48.703 0.0000000000
53432  -27.895  -35.836  49.583 0.0000000000
53399  -29.901  -35.276  51.442 0.0000000000
54712  -30.068  -35.201  52.245 0.0000000000
54713  -30.803  -35.199  52.053 0.0000000000
54688  -31.475  -34.904  52.840 0.0000000000
54736  -32.402  -35.152  50.884 0.0000000000
53438  -33.631  -35.765  48.808 0.0000000000
54739  -36.119  -33.851  50.272 0.0000000000
57358  -36.271  -32.993  51.177 0.0000000000
54740  -36.626  -33.684  50.166 0.0000000000
56115  -38.093  -33.708  49.156 0.0000000000
56100  -37.663  -33.515  49.918 0.0000000000
56101  -38.495  -33.034  49.772 0.0000000000
48668  -12.826  -39.692  51.601 0.0000000000
48628  -14.003  -39.575  54.167 0.0000000000
68565  -35.546  -23.728  44.340 0.0000000000
68572  -34.925  -23.805  43.397 0.0000000000
68579  -34.927  -23.947  42.287 0.0000000000
69743  -33.108  -22.260  40.455 0.0000000000
72141  -33.787  -21.197  41.706 0.0000000000
69699  -34.171  -22.187  41.962 0.0000000000
69719  -34.632  -22.964  41.688 0.0000000000
69700  -34.649  -22.166  42.254 0.0000000000
70916  -34.889  -21.517  42.733 0.0000000000
70901  -35.181  -21.159  43.368 0.0000000000
74556  -40.494  -18.280  33.486 0.0000000000
74539  -40.974  -18.765  33.784 0.0000000000
74540  -41.617  -18.137  33.999 0.0000000000
74525  -43.707  -18.216  35.391 0.0000000000
74524  -42.745  -18.417  34.911 0.0000000000
73399  -44.315  -18.875  35.918 0.0000000000
74508  -44.991  -18.543  36.389 0.0000000000
78188  -44.425  -15.616  34.695 0.0000000000
78178  -44.311  -15.885  35.210 0.0000000000
78160  -45.235  -15.619  35.774 0.0000000000
75653  -46.156  -17.129  36.718 0.0000000000
46055  0.352  -41.297  63.136 0.0000000000
46054  0.918  -41.064  63.014 0.0000000000
68770  -33.338  -23.272  31.636 0.0000000000
68772  -35.168  -22.952  31.676 0.0000000000
69931  -35.591  -22.278  31.582 0.0000000000
69913  -35.837  -22.926  31.990 0.0000000000
69932  -36.189  -22.382  31.780 0.0000000000
72324  -36.350  -20.621  31.684 0.0000000000
72310  -37.061  -20.614  32.093 0.0000000000
72311  -38.072  -20.462  32.491 0.0000000000
73436  -36.992  -19.738  32.080 0.0000000000
74571  -38.072  -18.847  32.190 0.0000000000
74572  -38.901  -18.468  32.562 0.0000000000
74606  -39.586  -18.342  31.104 0.0000000000
75727  -40.014  -17.667  31.849 0.0000000000
75712  -40.646  -17.328  32.262 0.0000000000
75728  -40.793  -17.651  31.625 0.0000000000
75765  -42.277  -17.933  29.390 0.0000000000
75746  -41.982  -18.005  30.452 0.0000000000
75730  -42.481  -17.557  30.976 0.0000000000
76976  -44.343  -17.125  29.410 0.0000000000
76964  -44.489  -16.991  30.286 0.0000000000
76977  -45.398  -16.878  29.221 0.0000000000
76995  -46.467  -16.404  28.578 0.0000000000
75786  -45.084  -17.030  28.406 0.0000000000
77006  -44.123  -16.705  26.813 0.0000000000
77007  -44.865  -16.613  27.055 0.0000000000
77024  -44.742  -16.556  26.347 0.0000000000
46083  -0.580  -41.130  60.664 0.0000000000
47326  -7.052  -40.995  59.888 0.0000000000
47325  -5.988  -40.924  59.524 0.0000000000
47293  -5.300  -40.915  61.584 0.0000000000
47308  -5.205  -41.087  60.303 0.0000000000
47258  -5.842  -40.761  64.944 0.0000000000
47256  -3.910  -40.862  64.593 0.0000000000
47267  -4.651  -40.724  63.792 0.0000000000
47278  -3.045  -41.434  62.277 0.0000000000
46064  -2.257  -41.346  61.905 0.0000000000
47254  -1.280  -40.822  63.709 0.0000000000
47264  -1.382  -40.551  63.152 0.0000000000
48521  -0.749  -40.311  63.310 0.0000000000
47253  -0.099  -40.667  63.301 0.0000000000
43698  -1.820  -43.262  63.801 0.0000000000
66391  -39.416  -25.261  47.028 0.0000000000
57422  -39.391  -31.958  48.191 0.0000000000
58721  -39.869  -31.011  48.391 0.0000000000
61580  -38.423  -29.479  47.430 0.0000000000
61581  -39.380  -29.152  48.194 0.0000000000
61614  -35.631  -29.100  45.029 0.0000000000
62964  -35.456  -28.570  44.731 0.0000000000
64164  -36.086  -27.233  45.214 0.0000000000
62930  -36.420  -27.697  45.784 0.0000000000
64144  -36.792  -27.110  46.373 0.0000000000
64145  -37.390  -27.402  46.815 0.0000000000
65286  -37.116  -26.636  46.723 0.0000000000
67494  -35.582  -24.896  45.790 0.0000000000
67484  -36.235  -24.756  46.729 0.0000000000
67483  -35.735  -24.240  46.320 0.0000000000
67468  -35.914  -23.856  46.649 0.0000000000
67482  -35.373  -23.948  45.999 0.0000000000
68555  -35.125  -23.808  45.344 0.0000000000
67504  -34.761  -24.432  44.621 0.0000000000
67516  -34.300  -24.697  42.856 0.0000000000
67528  -33.998  -24.516  40.698 0.0000000000
66479  -33.447  -26.266  39.484 0.0000000000
66469  -33.513  -26.235  40.005 0.0000000000
67553  -32.482  -24.654  37.573 0.0000000000
68634  -32.244  -23.558  38.593 0.0000000000
68633  -31.421  -23.594  38.214 0.0000000000
68650  -29.956  -23.423  36.916 0.0000000000
69804  -30.114  -23.107  36.848 0.0000000000
64321  -29.618  -26.684  34.677 0.0000000000
66544  -28.921  -25.424  34.910 0.0000000000
66524  -29.721  -25.152  35.676 0.0000000000
68689  -28.190  -23.255  35.637 0.0000000000
68690  -28.635  -23.121  36.150 0.0000000000
49733  -14.992  -38.671  58.474 0.0000000000
49729  -16.171  -37.970  59.579 0.0000000000
50842  -18.383  -37.360  59.676 0.0000000000
50841  -17.467  -37.486  59.493 0.0000000000
54753  -20.208  -34.982  49.097 0.0000000000
54775  -19.732  -34.742  48.233 0.0000000000
53427  -20.022  -35.638  49.206 0.0000000000
52194  -20.076  -36.121  49.629 0.0000000000
52184  -20.947  -36.172  50.739 0.0000000000
53395  -21.641  -35.720  51.566 0.0000000000
52174  -21.611  -36.320  51.998 0.0000000000
52158  -22.141  -36.236  53.150 0.0000000000
54810  -22.456  -34.970  46.688 0.0000000000
56114  -22.856  -34.728  48.321 0.0000000000
54707  -23.637  -34.522  51.917 0.0000000000
56075  -22.546  -34.304  50.466 0.0000000000
56034  -23.090  -34.491  51.781 0.0000000000
54706  -22.293  -34.800  51.705 0.0000000000
56033  -22.738  -34.626  52.007 0.0000000000
54636  -23.828  -35.138  54.576 0.0000000000
54655  -23.175  -35.241  53.854 0.0000000000
54635  -23.504  -35.447  54.900 0.0000000000
53315  -23.086  -35.701  56.522 0.0000000000
54604  -23.547  -35.220  56.546 0.0000000000
54590  -24.376  -34.472  57.540 0.0000000000
53296  -23.831  -34.922  57.672 0.0000000000
54576  -24.279  -34.654  58.412 0.0000000000
55973  -26.772  -33.493  56.818 0.0000000000
55958  -25.913  -33.578  57.519 0.0000000000
56023  -32.685  -33.406  54.002 0.0000000000
47424  -4.996  -40.767  54.614 0.0000000000
47425  -6.026  -40.671  54.762 0.0000000000
47465  -10.026  -40.681  52.654 0.0000000000
48653  -9.403  -40.553  52.286 0.0000000000
47464  -9.223  -40.675  52.931 0.0000000000
47463  -8.381  -40.501  53.007 0.0000000000
47462  -7.572  -40.381  53.075 0.0000000000
48637  -6.417  -40.339  53.373 0.0000000000
47446  -7.112  -40.445  53.756 0.0000000000
47406  -7.679  -40.809  55.645 0.0000000000
47426  -6.946  -40.623  54.752 0.0000000000
66446  -36.766  -25.607  43.420 0.0000000000
68693  -32.501  -23.605  35.136 0.0000000000
68694  -33.445  -23.659  35.105 0.0000000000
69834  -35.194  -22.753  36.302 0.0000000000
69833  -34.334  -22.851  36.399 0.0000000000
71006  -35.063  -22.120  37.679 0.0000000000
71023  -37.503  -22.439  36.479 0.0000000000
69836  -37.009  -22.672  36.254 0.0000000000
71008  -37.216  -22.340  37.243 0.0000000000
70960  -36.981  -21.628  39.306 0.0000000000
70959  -35.874  -21.494  39.250 0.0000000000
72169  -35.653  -20.739  40.895 0.0000000000
72170  -36.782  -20.645  40.903 0.0000000000
72127  -38.139  -20.292  43.209 0.0000000000
72126  -37.528  -20.078  42.870 0.0000000000
72111  -38.396  -20.503  44.094 0.0000000000
72275  -41.777  -20.405  34.896 0.0000000000
72262  -42.695  -20.999  36.408 0.0000000000
72226  -42.977  -20.873  38.530 0.0000000000
72204  -42.215  -20.910  39.483 0.0000000000
77010  -47.217  -16.342  27.969 0.0000000000
75800  -48.659  -16.738  27.423 0.0000000000
77011  -48.276  -16.313  27.955 0.0000000000
77012  -49.340  -16.357  27.837 0.0000000000
76998  -49.954  -15.871  28.236 0.0000000000
75836  -47.384  -17.235  25.283 0.0000000000
75837  -48.297  -17.365  25.078 0.0000000000
75825  -50.945  -16.998  25.766 0.0000000000
75824  -50.235  -17.186  25.724 0.0000000000
75814  -50.685  -17.072  26.276 0.0000000000
77029  -50.697  -16.907  26.770 0.0000000000
77015  -52.361  -15.555  27.168 0.0000000000
77031  -52.327  -15.885  26.587 0.0000000000
78308  -52.441  -15.521  24.830 0.0000000000
78294  -52.760  -15.311  25.921 0.0000000000
79569  -53.750  -13.946  25.900 0.0000000000
79604  -49.312  -14.523  22.446 0.0000000000
79605  -50.478  -14.915  22.711 0.0000000000
79585  -50.837  -15.194  23.008 0.0000000000
79588  -53.638  -13.818  23.542 0.0000000000
79587  -52.633  -14.817  23.789 0.0000000000
80760  -53.457  -12.790  20.873 0.0000000000
81757  -54.202  -12.490  20.467 0.0000000000
53538  -31.907  -35.284  44.212 0.0000000000
53570  -30.739  -34.813  42.404 0.0000000000
53517  -30.721  -35.590  45.604 0.0000000000
69806  -31.378  -22.621  37.446 0.0000000000
69787  -32.174  -22.297  37.879 0.0000000000
69831  -32.554  -22.993  36.663 0.0000000000
76951  -45.693  -16.429  31.642 0.0000000000
76952  -46.742  -15.926  31.911 0.0000000000
78221  -47.013  -15.643  32.634 0.0000000000
79500  -49.189  -14.780  31.902 0.0000000000
79501  -49.874  -14.432  31.794 0.0000000000
79511  -49.393  -14.790  31.211 0.0000000000
78232  -49.269  -15.045  30.600 0.0000000000
47402  -3.876  -40.969  55.643 0.0000000000
47362  -4.493  -41.146  57.190 0.0000000000
46143  -4.596  -41.163  57.665 0.0000000000
61677  -32.153  -29.414  40.386 0.0000000000
63031  -32.231  -28.326  40.059 0.0000000000
64249  -32.463  -27.606  39.352 0.0000000000
64248  -31.957  -28.087  38.941 0.0000000000
50871  -20.163  -37.723  57.913 0.0000000000
50872  -21.232  -37.545  58.139 0.0000000000
52095  -21.884  -36.753  60.288 0.0000000000
50859  -22.224  -36.780  58.980 0.0000000000
52105  -22.665  -36.359  58.535 0.0000000000
53381  -28.323  -35.439  51.972 0.0000000000
54684  -27.407  -35.182  52.387 0.0000000000
54685  -28.534  -35.111  52.689 0.0000000000
56019  -28.248  -34.078  53.971 0.0000000000
56004  -29.774  -33.215  55.067 0.0000000000
47392  -12.858  -40.322  56.015 0.0000000000
69883  -38.836  -22.229  34.486 0.0000000000
71064  -39.506  -21.734  34.401 0.0000000000
71027  -40.900  -21.606  36.060 0.0000000000
54799  -37.271  -34.312  47.992 0.0000000000
56133  -38.008  -33.492  48.077 0.0000000000
56207  -32.497  -33.399  43.096 0.0000000000
56190  -32.965  -33.484  43.756 0.0000000000
57538  -31.876  -31.741  41.938 0.0000000000
49774  -14.381  -39.300  53.403 0.0000000000
49775  -15.246  -38.966  53.722 0.0000000000
50930  -15.753  -38.599  53.737 0.0000000000
50982  -17.661  -37.717  51.547 0.0000000000
52235  -28.363  -35.889  47.379 0.0000000000
53477  -28.560  -35.839  47.956 0.0000000000
53454  -28.323  -35.872  48.800 0.0000000000
53433  -28.819  -35.728  49.582 0.0000000000
53415  -30.398  -35.463  50.400 0.0000000000
53416  -31.540  -35.351  50.392 0.0000000000
53417  -32.539  -35.362  49.984 0.0000000000
53460  -34.049  -35.869  47.987 0.0000000000
54760  -36.938  -34.118  49.637 0.0000000000
54781  -37.532  -34.211  48.797 0.0000000000
49803  -13.419  -39.369  51.547 0.0000000000
72195  -33.121  -21.368  40.416 0.0000000000
72124  -34.580  -21.100  42.673 0.0000000000
72125  -34.661  -20.677  42.551 0.0000000000
73302  -34.930  -20.262  42.494 0.0000000000
73303  -35.480  -19.911  42.927 0.0000000000
75688  -41.666  -17.159  33.875 0.0000000000
75671  -43.189  -17.207  34.924 0.0000000000
75672  -43.953  -17.232  35.403 0.0000000000
79444  -45.744  -14.748  35.907 0.0000000000
78161  -46.131  -15.353  36.397 0.0000000000
79547  -53.649  -14.215  27.882 0.0000000000
74604  -38.223  -18.164  31.033 0.0000000000
74624  -39.311  -18.392  30.714 0.0000000000
75782  -41.496  -17.933  28.511 0.0000000000
76963  -43.678  -17.213  29.927 0.0000000000
75766  -43.290  -17.478  29.167 0.0000000000
75767  -43.995  -17.125  28.856 0.0000000000
75785  -44.414  -17.022  28.246 0.0000000000
46100  -0.678  -41.383  59.929 0.0000000000
46084  -1.212  -41.466  60.589 0.0000000000
47248  -5.085  -40.878  65.364 0.0000000000
47246  -3.424  -40.931  65.073 0.0000000000
47255  -2.755  -41.141  64.379 0.0000000000
46048  -2.052  -41.471  64.380 0.0000000000
58739  -37.405  -31.576  46.700 0.0000000000
60120  -38.293  -30.802  47.244 0.0000000000
61591  -37.063  -29.448  46.120 0.0000000000
62987  -34.399  -28.289  43.507 0.0000000000
65284  -36.295  -25.999  45.951 0.0000000000
65303  -35.770  -26.101  45.410 0.0000000000
65302  -35.401  -25.867  45.115 0.0000000000
66496  -32.838  -25.580  37.354 0.0000000000
66497  -33.225  -25.532  37.779 0.0000000000
68652  -31.075  -23.681  37.849 0.0000000000
68672  -29.435  -23.244  36.753 0.0000000000
49741  -16.078  -38.261  57.056 0.0000000000
49734  -15.551  -38.335  58.489 0.0000000000
50852  -16.074  -38.095  58.448 0.0000000000
50839  -16.246  -37.912  59.001 0.0000000000
50827  -16.612  -37.694  60.386 0.0000000000
50830  -19.346  -37.471  60.924 0.0000000000
50818  -18.431  -37.615  61.633 0.0000000000
58692  -20.278  -33.585  47.614 0.0000000000
57389  -20.003  -33.898  47.894 0.0000000000
57372  -20.450  -33.853  48.849 0.0000000000
56095  -20.416  -34.299  49.478 0.0000000000
54730  -20.517  -34.852  50.136 0.0000000000
53409  -20.777  -35.706  50.441 0.0000000000
54704  -20.866  -34.972  50.865 0.0000000000
54705  -21.806  -35.168  51.538 0.0000000000
53473  -23.324  -35.603  47.175 0.0000000000
54794  -23.212  -35.282  47.811 0.0000000000
54795  -23.796  -35.487  48.355 0.0000000000
54776  -23.421  -35.001  48.719 0.0000000000
54754  -23.584  -34.909  49.347 0.0000000000
54682  -25.147  -34.735  52.598 0.0000000000
54619  -23.948  -35.183  55.615 0.0000000000
54606  -24.238  -34.835  56.077 0.0000000000
55956  -24.388  -34.522  56.784 0.0000000000
55957  -24.990  -34.225  57.197 0.0000000000
47429  -9.700  -40.681  54.649 0.0000000000
47407  -8.619  -40.710  55.619 0.0000000000
47387  -8.453  -40.916  56.560 0.0000000000
46109  -12.362  -41.617  59.070 0.0000000000
46108  -11.752  -42.285  59.231 0.0000000000
68715  -33.914  -23.905  34.224 0.0000000000
68695  -34.380  -23.616  35.030 0.0000000000
70961  -38.122  -21.425  39.391 0.0000000000
70941  -37.939  -21.135  40.053 0.0000000000
72171  -38.046  -20.790  40.703 0.0000000000
72128  -39.517  -20.635  42.886 0.0000000000
72263  -43.682  -20.544  36.589 0.0000000000
72247  -43.756  -20.765  37.664 0.0000000000
72227  -43.975  -20.742  38.670 0.0000000000
77026  -46.238  -16.343  26.768 0.0000000000
75811  -47.825  -16.776  27.031 0.0000000000
77045  -50.675  -16.855  25.077 0.0000000000
77047  -52.219  -16.180  25.657 0.0000000000
77065  -51.206  -16.380  24.613 0.0000000000
78307  -51.752  -15.848  24.342 0.0000000000
78322  -52.175  -15.465  24.129 0.0000000000
80756  -49.311  -13.200  20.828 0.0000000000
79620  -50.830  -14.358  22.004 0.0000000000
79607  -52.919  -14.100  22.600 0.0000000000
81782  -53.939  -12.208  19.559 0.0000000000
53503  -34.485  -35.349  46.339 0.0000000000
54813  -34.638  -34.699  45.895 0.0000000000
54812  -34.077  -34.833  45.378 0.0000000000
53540  -33.355  -34.546  44.485 0.0000000000
54844  -32.325  -34.700  43.640 0.0000000000
54856  -32.467  -34.171  43.339 0.0000000000
56206  -31.817  -33.556  42.537 0.0000000000
51026  -18.182  -37.470  49.345 0.0000000000
52278  -26.908  -36.213  44.566 0.0000000000
52264  -28.078  -35.857  45.910 0.0000000000
53457  -31.078  -35.735  48.451 0.0000000000
53481  -32.346  -35.856  47.232 0.0000000000
53482  -33.386  -35.859  47.047 0.0000000000
68616  -32.518  -23.195  39.226 0.0000000000
70956  -32.897  -21.942  39.488 0.0000000000
70978  -32.031  -22.310  38.404 0.0000000000
70979  -32.414  -22.226  38.544 0.0000000000
70957  -33.746  -21.648  39.330 0.0000000000
70958  -34.779  -21.511  39.283 0.0000000000
78202  -44.637  -15.672  34.122 0.0000000000
78189  -45.313  -15.163  34.770 0.0000000000
76921  -45.967  -15.941  33.400 0.0000000000
78190  -46.060  -15.058  34.621 0.0000000000
79459  -45.801  -14.650  35.301 0.0000000000
79460  -46.550  -14.342  35.755 0.0000000000
80579  -47.531  -14.146  36.080 0.0000000000
79502  -50.665  -14.118  31.657 0.0000000000
79536  -51.465  -14.635  29.119 0.0000000000
47381  -3.243  -41.240  56.369 0.0000000000
46153  -2.795  -41.432  56.657 0.0000000000
46140  -2.473  -41.737  57.577 0.0000000000
46103  -3.006  -42.040  59.308 0.0000000000
60188  -34.396  -30.167  44.053 0.0000000000
61631  -34.616  -29.109  43.877 0.0000000000
61664  -33.343  -29.226  41.937 0.0000000000
61646  -33.668  -29.089  42.558 0.0000000000
62986  -33.832  -28.286  42.902 0.0000000000
64216  -33.787  -27.413  42.360 0.0000000000
65352  -33.588  -26.576  41.587 0.0000000000
65361  -33.049  -26.760  40.477 0.0000000000
65383  -32.955  -26.765  38.641 0.0000000000
66486  -33.180  -26.074  37.963 0.0000000000
66509  -31.479  -25.400  36.422 0.0000000000
66508  -30.518  -25.074  36.277 0.0000000000
50869  -18.107  -37.639  57.590 0.0000000000
50843  -19.344  -37.240  59.905 0.0000000000
58712  -20.324  -33.123  46.603 0.0000000000
58694  -20.813  -33.370  46.984 0.0000000000
57391  -21.144  -33.550  48.201 0.0000000000
57374  -21.552  -33.639  49.497 0.0000000000
53410  -25.492  -35.580  50.194 0.0000000000
54734  -25.951  -35.414  51.008 0.0000000000
54683  -26.220  -34.846  52.588 0.0000000000
54659  -25.833  -34.477  53.553 0.0000000000
54639  -25.987  -34.293  54.058 0.0000000000
55974  -27.964  -33.114  57.154 0.0000000000
47480  -10.801  -40.481  51.763 0.0000000000
47430  -10.591  -40.618  54.529 0.0000000000
47389  -10.257  -40.656  56.433 0.0000000000
47328  -12.224  -40.928  58.585 0.0000000000
68718  -36.603  -23.269  34.175 0.0000000000
68698  -36.659  -23.106  34.739 0.0000000000
69860  -37.471  -22.651  35.353 0.0000000000
71024  -38.115  -22.313  36.396 0.0000000000
69862  -38.934  -22.313  35.204 0.0000000000
71040  -38.769  -22.303  35.794 0.0000000000
71010  -39.430  -21.941  37.306 0.0000000000
70963  -40.173  -21.392  38.859 0.0000000000
77059  -45.528  -16.865  24.870 0.0000000000
80758  -51.642  -13.390  20.650 0.0000000000
81755  -52.238  -12.867  20.076 0.0000000000
46065  -7.845  -41.216  62.709 0.0000000000
58719  -38.214  -31.808  47.267 0.0000000000
57420  -37.663  -32.636  47.163 0.0000000000
58738  -36.483  -31.642  46.239 0.0000000000
60152  -35.307  -31.090  45.235 0.0000000000
56148  -35.143  -33.918  46.014 0.0000000000
56170  -34.602  -33.644  45.343 0.0000000000
56191  -33.457  -33.373  44.279 0.0000000000
57462  -34.364  -32.955  45.030 0.0000000000
57463  -34.847  -32.458  45.235 0.0000000000
58754  -34.928  -31.516  45.055 0.0000000000
58788  -33.876  -30.961  43.924 0.0000000000
60197  -32.795  -30.514  42.117 0.0000000000
58801  -32.345  -31.232  42.111 0.0000000000
60213  -32.427  -30.344  41.350 0.0000000000
61690  -31.802  -29.949  40.137 0.0000000000
61689  -31.684  -29.512  39.632 0.0000000000
49746  -14.894  -39.237  56.463 0.0000000000
49747  -15.458  -38.675  56.617 0.0000000000
49764  -15.340  -39.012  54.755 0.0000000000
49748  -15.915  -38.308  56.600 0.0000000000
50880  -16.375  -38.074  56.601 0.0000000000
50881  -16.969  -37.814  56.637 0.0000000000
50895  -17.403  -37.706  55.725 0.0000000000
50882  -17.813  -37.718  56.620 0.0000000000
53513  -23.240  -35.943  44.945 0.0000000000
53495  -23.076  -35.630  46.335 0.0000000000
52248  -25.691  -36.422  46.198 0.0000000000
52233  -26.899  -36.328  47.289 0.0000000000
52232  -25.897  -36.442  47.217 0.0000000000
53430  -25.945  -36.121  49.500 0.0000000000
53412  -27.388  -35.683  50.379 0.0000000000
53382  -29.130  -35.327  52.045 0.0000000000
54664  -30.962  -34.502  53.660 0.0000000000
54714  -31.860  -35.077  51.701 0.0000000000
54690  -33.448  -34.107  52.460 0.0000000000
56056  -34.523  -33.524  52.373 0.0000000000
56057  -34.936  -33.420  52.070 0.0000000000
53418  -33.120  -35.404  49.785 0.0000000000
54757  -33.556  -35.483  49.504 0.0000000000
54717  -34.861  -33.817  51.556 0.0000000000
56078  -35.250  -33.553  51.503 0.0000000000
57341  -36.140  -32.800  51.673 0.0000000000
56099  -36.992  -33.524  50.189 0.0000000000
47481  -11.372  -40.314  51.446 0.0000000000
47452  -12.273  -40.179  53.050 0.0000000000
48656  -13.049  -39.686  52.214 0.0000000000
48626  -12.840  -40.034  53.341 0.0000000000
48603  -13.578  -39.963  55.629 0.0000000000
67495  -36.934  -24.032  45.326 0.0000000000
67511  -35.776  -24.561  43.158 0.0000000000
70924  -33.202  -21.717  41.210 0.0000000000
72302  -40.317  -20.014  33.688 0.0000000000
72289  -40.734  -20.097  34.053 0.0000000000
73410  -40.863  -19.397  33.923 0.0000000000
73396  -41.942  -19.580  34.643 0.0000000000
73397  -42.472  -19.603  35.002 0.0000000000
74541  -42.124  -18.146  34.539 0.0000000000
73381  -43.983  -20.056  36.298 0.0000000000
73382  -44.692  -19.865  36.687 0.0000000000
73366  -45.822  -19.732  37.888 0.0000000000
78187  -43.665  -16.164  34.617 0.0000000000
76889  -43.699  -16.459  35.024 0.0000000000
75673  -44.468  -17.230  35.715 0.0000000000
76869  -45.715  -16.278  36.335 0.0000000000
75652  -45.144  -17.267  36.122 0.0000000000
48522  1.024  -39.818  63.967 0.0000000000
68692  -31.596  -23.419  35.066 0.0000000000
68712  -31.217  -23.630  34.240 0.0000000000
68730  -31.704  -24.010  33.651 0.0000000000
68731  -32.451  -24.199  33.688 0.0000000000
67630  -32.349  -24.152  32.865 0.0000000000
68732  -33.306  -24.249  33.360 0.0000000000
68733  -34.457  -23.952  33.280 0.0000000000
68734  -35.497  -23.787  33.273 0.0000000000
68771  -34.378  -23.176  31.659 0.0000000000
68752  -35.092  -23.619  32.295 0.0000000000
68735  -36.384  -23.387  33.307 0.0000000000
69915  -37.492  -22.433  32.959 0.0000000000
71114  -36.327  -21.554  31.630 0.0000000000
71097  -37.099  -21.644  32.067 0.0000000000
71099  -38.518  -20.898  32.867 0.0000000000
72300  -39.065  -20.292  33.138 0.0000000000
73437  -37.644  -19.700  32.254 0.0000000000
73438  -38.533  -19.539  32.716 0.0000000000
73422  -39.016  -19.510  33.071 0.0000000000
74555  -39.732  -18.512  33.170 0.0000000000
75701  -40.139  -17.797  33.105 0.0000000000
75726  -39.438  -17.796  32.157 0.0000000000
75711  -40.178  -17.564  32.544 0.0000000000
76916  -40.641  -17.079  33.018 0.0000000000
76933  -41.036  -16.866  32.649 0.0000000000
76934  -42.205  -17.040  32.380 0.0000000000
75729  -41.750  -17.634  31.456 0.0000000000
76950  -44.565  -16.679  31.437 0.0000000000
76979  -47.405  -16.086  30.119 0.0000000000
76993  -45.013  -16.848  27.745 0.0000000000
77025  -45.482  -16.474  26.621 0.0000000000
77042  -45.533  -16.652  25.923 0.0000000000
47343  -5.637  -41.086  58.437 0.0000000000
47342  -4.818  -41.135  58.256 0.0000000000
47309  -6.222  -40.818  60.728 0.0000000000
47323  -4.432  -41.327  58.788 0.0000000000
46087  -3.586  -41.747  60.053 0.0000000000
46086  -2.788  -41.980  60.266 0.0000000000
47257  -4.925  -40.624  64.810 0.0000000000
47291  -3.275  -41.629  61.377 0.0000000000
46072  -1.698  -41.372  61.440 0.0000000000
47276  -1.218  -40.562  62.512 0.0000000000
47252  0.705  -40.261  63.951 0.0000000000
47263  0.375  -40.736  63.289 0.0000000000
44865  -0.434  -42.253  63.341 0.0000000000
44855  -0.903  -41.924  63.801 0.0000000000
66423  -39.800  -25.606  46.221 0.0000000000
67487  -38.851  -24.728  46.532 0.0000000000
58703  -40.749  -30.321  49.724 0.0000000000
60121  -39.247  -30.276  47.710 0.0000000000
60171  -35.511  -29.799  45.094 0.0000000000
61601  -36.154  -29.378  45.545 0.0000000000
61602  -36.709  -28.893  45.776 0.0000000000
62943  -35.997  -28.334  45.218 0.0000000000
62932  -37.473  -28.488  46.605 0.0000000000
62916  -38.114  -28.220  47.188 0.0000000000
64126  -38.766  -27.443  47.664 0.0000000000
65269  -38.545  -26.258  47.519 0.0000000000
66389  -37.686  -25.023  47.398 0.0000000000
65267  -37.059  -25.637  46.931 0.0000000000
66388  -36.805  -25.067  47.119 0.0000000000
67471  -37.811  -24.107  47.170 0.0000000000
68534  -37.246  -23.605  47.054 0.0000000000
68564  -34.815  -23.715  44.407 0.0000000000
68571  -34.434  -24.070  43.535 0.0000000000
67510  -34.267  -24.549  43.701 0.0000000000
66460  -33.385  -26.181  40.797 0.0000000000
66470  -33.757  -25.415  40.268 0.0000000000
68614  -31.156  -23.059  38.614 0.0000000000
69785  -31.015  -22.856  38.412 0.0000000000
63073  -31.038  -29.194  37.334 0.0000000000
64272  -31.108  -28.299  36.811 0.0000000000
64288  -31.406  -27.507  36.167 0.0000000000
64306  -31.444  -26.909  35.794 0.0000000000
65420  -30.250  -26.344  35.045 0.0000000000
65421  -31.082  -26.495  35.595 0.0000000000
66522  -28.238  -24.258  35.445 0.0000000000
67589  -29.158  -24.438  35.962 0.0000000000
67567  -29.061  -23.623  36.762 0.0000000000
68671  -28.977  -23.084  36.621 0.0000000000
69827  -29.084  -22.861  36.433 0.0000000000
48580  -14.292  -39.248  58.501 0.0000000000
49727  -15.156  -38.491  59.188 0.0000000000
51041  -18.378  -37.175  48.354 0.0000000000
51027  -19.122  -36.864  49.150 0.0000000000
50959  -20.884  -37.188  52.033 0.0000000000
52173  -21.126  -36.518  51.368 0.0000000000
50936  -21.378  -37.093  53.244 0.0000000000
52141  -21.916  -36.944  54.265 0.0000000000
56125  -22.210  -34.527  47.524 0.0000000000
57375  -22.150  -33.904  49.945 0.0000000000
54756  -24.663  -35.266  50.031 0.0000000000
54755  -23.995  -34.943  49.756 0.0000000000
56077  -23.689  -34.511  50.006 0.0000000000
54708  -24.339  -34.649  51.488 0.0000000000
56055  -23.749  -34.504  50.653 0.0000000000
56076  -23.182  -34.341  50.208 0.0000000000
56074  -22.067  -34.444  50.647 0.0000000000
56052  -21.928  -34.737  51.062 0.0000000000
54678  -22.205  -35.280  52.268 0.0000000000
53367  -22.576  -35.492  53.304 0.0000000000
52159  -22.621  -35.865  53.738 0.0000000000
53295  -23.201  -35.578  57.835 0.0000000000
55972  -25.689  -34.020  56.466 0.0000000000
55941  -25.282  -33.948  57.985 0.0000000000
47423  -4.118  -40.761  54.846 0.0000000000
48636  -5.756  -40.174  53.313 0.0000000000
69832  -33.471  -22.963  36.550 0.0000000000
69856  -33.899  -23.185  35.749 0.0000000000
69809  -33.911  -22.645  37.159 0.0000000000
71005  -34.172  -22.236  37.713 0.0000000000
69835  -36.082  -22.793  36.259 0.0000000000
71007  -36.040  -22.259  37.625 0.0000000000
72198  -35.187  -21.112  40.090 0.0000000000
73313  -36.153  -19.934  42.494 0.0000000000
72145  -37.258  -20.190  42.177 0.0000000000
73314  -36.694  -19.931  42.771 0.0000000000
72274  -41.007  -20.816  34.615 0.0000000000
71043  -41.217  -21.206  35.290 0.0000000000
71012  -41.262  -21.538  36.596 0.0000000000
72245  -41.671  -21.352  37.229 0.0000000000
72244  -40.981  -21.457  37.699 0.0000000000
72224  -41.132  -21.294  38.234 0.0000000000
72203  -40.969  -21.053  39.306 0.0000000000
72173  -40.426  -20.991  40.646 0.0000000000
78258  -48.101  -15.781  29.767 0.0000000000
78259  -48.641  -15.602  29.196 0.0000000000
78269  -48.778  -15.781  28.519 0.0000000000
78260  -49.554  -15.489  28.837 0.0000000000
78272  -51.374  -15.637  28.073 0.0000000000
75812  -48.862  -17.231  26.754 0.0000000000
75823  -49.204  -17.373  25.710 0.0000000000
77013  -50.595  -16.484  27.638 0.0000000000
78262  -51.786  -14.971  28.584 0.0000000000
78273  -52.406  -15.137  27.802 0.0000000000
79559  -53.201  -14.567  27.374 0.0000000000
79560  -53.764  -14.126  26.970 0.0000000000
78335  -49.583  -15.159  22.894 0.0000000000
78320  -50.690  -15.419  23.324 0.0000000000
78321  -51.629  -15.476  23.737 0.0000000000
80741  -54.003  -12.830  21.449 0.0000000000
81734  -54.649  -12.764  20.982 0.0000000000
46074  -3.288  -41.742  60.817 0.0000000000
46125  -4.403  -41.281  57.974 0.0000000000
47251  1.071  -40.162  64.092 0.0000000000
47277  -1.941  -41.029  62.526 0.0000000000
47382  -3.710  -41.178  56.311 0.0000000000
47468  -12.279  -40.103  52.514 0.0000000000
48518  0.863  -40.009  64.180 0.0000000000
48519  0.507  -39.986  63.969 0.0000000000
48638  -12.696  -39.937  52.695 0.0000000000
49720  -16.329  -37.870  59.912 0.0000000000
50866  -15.889  -38.236  57.996 0.0000000000
51008  -20.504  -36.439  50.488 0.0000000000
51028  -19.663  -36.470  49.487 0.0000000000
52185  -21.395  -36.057  51.252 0.0000000000
52195  -20.528  -36.127  50.168 0.0000000000
52216  -27.136  -36.229  48.067 0.0000000000
53379  -22.028  -35.649  52.276 0.0000000000
53380  -22.337  -35.366  52.664 0.0000000000
53383  -29.659  -35.254  52.113 0.0000000000
53401  -31.553  -35.214  51.055 0.0000000000
53448  -19.505  -35.019  47.929 0.0000000000
54591  -24.823  -34.246  57.772 0.0000000000
54703  -20.713  -34.690  50.481 0.0000000000
54731  -20.703  -35.319  50.496 0.0000000000
54793  -22.660  -35.036  47.420 0.0000000000
54796  -34.931  -35.084  46.745 0.0000000000
55970  -24.283  -34.642  56.447 0.0000000000
55999  -24.653  -34.515  54.396 0.0000000000
56017  -25.684  -34.285  54.071 0.0000000000
56080  -36.530  -33.298  50.691 0.0000000000
56098  -23.582  -34.734  49.665 0.0000000000
57357  -22.126  -34.217  50.373 0.0000000000
57443  -37.234  -32.367  46.731 0.0000000000
58693  -20.533  -33.489  47.418 0.0000000000
63045  -31.821  -28.701  39.348 0.0000000000
64274  -32.173  -27.447  37.850 0.0000000000
65285  -36.771  -25.946  46.525 0.0000000000
65372  -33.362  -26.329  39.099 0.0000000000
65422  -31.484  -26.559  35.895 0.0000000000
66392  -40.002  -25.706  47.097 0.0000000000
66407  -36.466  -25.236  46.691 0.0000000000
66408  -39.487  -25.208  46.376 0.0000000000
66418  -35.299  -25.311  45.162 0.0000000000
66419  -35.678  -25.402  45.627 0.0000000000
66422  -39.513  -25.582  45.810 0.0000000000
66444  -34.678  -25.503  43.750 0.0000000000
66487  -33.448  -25.415  38.230 0.0000000000
67469  -36.250  -24.072  46.955 0.0000000000
67503  -34.323  -24.443  44.129 0.0000000000
67517  -35.503  -24.630  42.565 0.0000000000
67540  -31.493  -23.930  37.881 0.0000000000
67549  -29.223  -23.745  36.839 0.0000000000
67615  -31.149  -24.127  32.918 0.0000000000
67617  -32.100  -24.180  33.174 0.0000000000
67618  -32.585  -24.273  33.092 0.0000000000
67629  -31.977  -24.017  32.734 0.0000000000
68531  -35.788  -23.781  46.446 0.0000000000
68532  -36.011  -23.616  46.597 0.0000000000
68533  -36.612  -23.554  46.871 0.0000000000
68545  -35.296  -23.857  45.780 0.0000000000
68546  -35.590  -23.691  46.040 0.0000000000
68549  -37.548  -23.601  46.934 0.0000000000
68649  -29.344  -23.482  36.800 0.0000000000
69767  -30.941  -22.976  38.776 0.0000000000
69837  -37.673  -22.501  35.990 0.0000000000
69900  -38.474  -22.305  33.991 0.0000000000
70900  -34.737  -21.085  42.958 0.0000000000
70964  -40.699  -21.307  38.637 0.0000000000
71063  -39.059  -21.910  34.129 0.0000000000
71082  -38.250  -21.959  33.209 0.0000000000
71085  -40.250  -20.489  33.742 0.0000000000
72099  -39.110  -20.853  44.453 0.0000000000
72108  -34.741  -20.844  43.015 0.0000000000
72110  -35.485  -20.962  43.897 0.0000000000
72140  -33.285  -21.358  41.330 0.0000000000
72200  -38.224  -21.147  40.033 0.0000000000
72248  -44.765  -20.447  37.769 0.0000000000
72276  -42.653  -20.516  35.558 0.0000000000
73290  -37.925  -20.460  44.196 0.0000000000
73298  -37.784  -20.258  43.965 0.0000000000
73304  -36.239  -19.834  43.178 0.0000000000
73305  -37.147  -19.961  43.230 0.0000000000
73311  -34.946  -20.365  42.077 0.0000000000
73312  -35.368  -20.148  42.254 0.0000000000
73365  -45.127  -20.090  37.394 0.0000000000
73411  -41.404  -19.426  34.290 0.0000000000
73423  -39.480  -19.415  33.268 0.0000000000
74557  -40.992  -18.107  33.693 0.0000000000
74573  -39.305  -18.487  32.873 0.0000000000
74586  -39.370  -17.943  31.636 0.0000000000
74587  -39.774  -18.014  31.482 0.0000000000
75700  -39.765  -18.081  33.025 0.0000000000
75709  -39.187  -18.189  32.525 0.0000000000
75725  -39.127  -18.058  32.330 0.0000000000
75799  -48.238  -16.627  27.472 0.0000000000
75820  -46.264  -16.678  26.138 0.0000000000
76868  -45.047  -16.325  35.830 0.0000000000
76888  -43.297  -16.617  34.731 0.0000000000
76890  -44.440  -16.593  35.554 0.0000000000
76905  -43.408  -16.417  34.647 0.0000000000
76922  -46.428  -15.789  33.347 0.0000000000
76938  -46.467  -15.858  32.847 0.0000000000
76999  -50.490  -15.847  28.191 0.0000000000
77027  -47.007  -16.368  27.222 0.0000000000
77043  -45.880  -16.515  26.366 0.0000000000
77046  -51.463  -16.654  25.376 0.0000000000
77061  -47.671  -17.036  24.565 0.0000000000
78162  -47.162  -15.239  36.725 0.0000000000
78177  -43.860  -16.123  34.942 0.0000000000
78186  -43.306  -16.340  34.445 0.0000000000
78191  -46.917  -15.115  34.556 0.0000000000
78192  -47.659  -15.152  34.397 0.0000000000
78200  -43.290  -16.236  34.241 0.0000000000
78214  -47.513  -15.503  33.089 0.0000000000
78319  -49.885  -15.548  23.334 0.0000000000
79446  -47.446  -14.406  36.310 0.0000000000
79461  -46.935  -14.303  36.056 0.0000000000
79470  -45.859  -14.669  34.940 0.0000000000
80580  -47.868  -14.052  36.103 0.0000000000
80592  -46.922  -14.254  35.830 0.0000000000
80593  -47.293  -14.150  35.862 0.0000000000
80603  -46.948  -14.245  35.585 0.0000000000
80718  -49.462  -14.142  22.066 0.0000000000
