#!ascii label  , from subject abby vox2ras=TkReg
1256
53258  -4.320  -34.449  59.288 0.0000000000
57514  -28.527  -32.687  42.413 0.0000000000
66466  -25.229  -25.478  40.919 0.0000000000
62910  -20.687  -26.378  47.647 0.0000000000
78220  -30.965  -15.180  31.988 0.0000000000
76880  -24.295  -16.464  35.852 0.0000000000
58701  -30.471  -29.463  48.421 0.0000000000
60135  -26.048  -29.505  45.572 0.0000000000
81635  -37.490  -12.659  36.745 0.0000000000
84684  -40.080  -9.027  34.677 0.0000000000
84709  -42.474  -9.753  31.636 0.0000000000
74440  -26.719  -18.892  43.664 0.0000000000
70977  -23.576  -21.279  38.991 0.0000000000
79372  -27.629  -14.394  41.326 0.0000000000
79410  -31.719  -14.582  40.312 0.0000000000
58691  -14.298  -30.579  48.802 0.0000000000
53194  -2.671  -33.936  63.110 0.0000000000
64234  -27.890  -28.565  41.561 0.0000000000
69667  -27.242  -21.959  45.843 0.0000000000
62937  -16.226  -28.689  45.069 0.0000000000
64212  -20.459  -27.685  42.330 0.0000000000
81707  -40.916  -12.725  25.814 0.0000000000
83752  -44.895  -10.518  28.426 0.0000000000
75683  -28.850  -16.843  34.157 0.0000000000
76848  -35.197  -16.197  37.369 0.0000000000
54627  -5.485  -34.216  54.891 0.0000000000
50813  2.488  -36.779  61.381 0.0000000000
83697  -38.659  -10.877  36.322 0.0000000000
76785  -26.986  -16.742  42.726 0.0000000000
54790  -12.737  -33.879  47.469 0.0000000000
52047  -3.364  -34.330  61.338 0.0000000000
58856  -27.605  -31.332  39.835 0.0000000000
60211  -29.512  -30.503  41.292 0.0000000000
64137  -18.678  -26.477  46.019 0.0000000000
64180  -18.284  -27.027  43.958 0.0000000000
64161  -21.474  -26.899  45.435 0.0000000000
56164  -26.867  -31.623  44.250 0.0000000000
58782  -24.345  -30.682  42.922 0.0000000000
56200  -25.509  -32.246  42.355 0.0000000000
62870  -19.641  -26.390  49.990 0.0000000000
62907  -16.358  -27.224  47.731 0.0000000000
81684  -37.006  -12.425  28.558 0.0000000000
81703  -39.908  -12.751  26.657 0.0000000000
82758  -43.981  -11.012  30.224 0.0000000000
74485  -23.667  -18.327  38.375 0.0000000000
76882  -26.359  -15.774  34.883 0.0000000000
78124  -33.309  -15.581  38.752 0.0000000000
54699  -10.269  -33.389  51.408 0.0000000000
53362  -8.900  -33.467  53.049 0.0000000000
53332  -7.945  -33.260  54.964 0.0000000000
54671  -6.591  -34.418  52.500 0.0000000000
52055  1.244  -36.395  60.148 0.0000000000
57479  -29.081  -30.651  45.088 0.0000000000
62985  -30.664  -28.980  44.245 0.0000000000
65283  -31.172  -27.170  47.676 0.0000000000
62874  -24.637  -27.228  48.773 0.0000000000
62913  -24.015  -26.960  46.979 0.0000000000
61560  -26.589  -28.589  47.572 0.0000000000
57394  -27.889  -30.091  47.061 0.0000000000
80600  -34.465  -13.717  34.614 0.0000000000
81651  -35.923  -12.085  33.684 0.0000000000
82736  -37.697  -11.089  32.084 0.0000000000
83735  -39.152  -10.463  30.603 0.0000000000
82754  -40.265  -10.894  29.864 0.0000000000
84697  -41.030  -9.335  32.400 0.0000000000
69716  -25.614  -22.262  42.380 0.0000000000
68613  -23.679  -23.620  40.195 0.0000000000
73322  -25.798  -19.405  41.406 0.0000000000
75597  -25.238  -17.420  40.554 0.0000000000
79403  -25.753  -14.793  38.766 0.0000000000
78119  -27.951  -14.993  37.986 0.0000000000
80549  -28.883  -13.685  40.576 0.0000000000
57350  -13.488  -31.707  49.915 0.0000000000
56108  -11.818  -33.246  49.052 0.0000000000
84748  -43.849  -9.654  25.005 0.0000000000
54505  -1.077  -33.121  64.716 0.0000000000
60262  -26.429  -30.501  39.225 0.0000000000
65369  -26.541  -27.176  40.930 0.0000000000
65329  -29.145  -27.693  43.835 0.0000000000
66440  -27.165  -25.954  43.732 0.0000000000
67515  -25.851  -24.369  43.439 0.0000000000
72093  -27.488  -20.837  44.794 0.0000000000
62959  -23.150  -28.030  44.086 0.0000000000
61538  -16.115  -27.378  50.206 0.0000000000
60114  -14.635  -29.794  46.862 0.0000000000
82775  -41.665  -11.526  28.308 0.0000000000
82786  -43.120  -11.281  27.735 0.0000000000
83771  -43.478  -10.356  25.631 0.0000000000
84736  -46.076  -9.411  27.582 0.0000000000
52110  -2.573  -36.227  56.354 0.0000000000
52074  -1.892  -35.729  58.652 0.0000000000
74553  -30.458  -16.481  33.690 0.0000000000
76842  -29.944  -15.823  37.167 0.0000000000
74507  -31.366  -17.149  35.662 0.0000000000
76901  -33.121  -16.123  34.911 0.0000000000
78158  -35.928  -14.677  36.928 0.0000000000
54584  -4.809  -34.410  57.275 0.0000000000
53236  -0.998  -35.281  60.366 0.0000000000
53191  0.021  -34.437  62.252 0.0000000000
54536  1.545  -34.450  61.838 0.0000000000
52058  -4.226  -34.319  60.675 0.0000000000
56247  -27.227  -33.272  42.063 0.0000000000
58818  -28.452  -31.782  40.693 0.0000000000
58819  -29.103  -31.742  41.417 0.0000000000
62924  -20.227  -26.380  46.751 0.0000000000
64138  -19.905  -26.285  45.884 0.0000000000
62925  -21.239  -26.536  46.701 0.0000000000
56203  -27.478  -32.884  43.805 0.0000000000
56185  -26.670  -31.914  43.515 0.0000000000
56225  -26.671  -33.069  42.523 0.0000000000
56224  -25.904  -32.875  42.053 0.0000000000
62872  -22.276  -26.549  49.513 0.0000000000
62871  -20.992  -26.546  49.775 0.0000000000
62891  -20.101  -26.304  48.760 0.0000000000
62909  -19.179  -26.306  47.484 0.0000000000
81694  -38.813  -12.564  27.479 0.0000000000
64243  -25.246  -27.521  39.396 0.0000000000
65366  -24.459  -26.356  39.247 0.0000000000
75623  -23.944  -17.287  37.452 0.0000000000
74518  -23.624  -18.406  35.350 0.0000000000
76881  -25.191  -15.971  35.248 0.0000000000
54724  -9.403  -33.888  50.503 0.0000000000
53391  -9.742  -33.440  51.847 0.0000000000
54674  -8.742  -33.542  52.147 0.0000000000
54649  -7.980  -33.694  53.103 0.0000000000
54695  -7.607  -34.267  51.469 0.0000000000
58736  -30.087  -29.951  47.111 0.0000000000
61589  -30.793  -29.282  46.273 0.0000000000
62915  -31.616  -28.335  47.949 0.0000000000
62857  -25.115  -27.413  49.747 0.0000000000
61539  -25.252  -27.490  48.448 0.0000000000
61522  -26.692  -28.150  49.222 0.0000000000
58668  -29.933  -29.080  49.134 0.0000000000
58680  -28.793  -29.759  48.195 0.0000000000
57397  -29.353  -29.869  48.016 0.0000000000
56130  -28.047  -30.607  45.950 0.0000000000
80590  -35.838  -13.412  35.623 0.0000000000
81650  -35.248  -12.712  34.032 0.0000000000
81647  -35.992  -12.564  34.859 0.0000000000
84676  -38.886  -9.911  35.255 0.0000000000
82728  -37.833  -10.813  33.946 0.0000000000
83706  -38.688  -9.932  33.550 0.0000000000
82737  -38.104  -10.867  31.512 0.0000000000
84695  -39.331  -9.784  32.190 0.0000000000
84706  -39.848  -9.873  31.670 0.0000000000
84687  -40.244  -8.933  33.453 0.0000000000
72123  -26.291  -20.875  43.059 0.0000000000
70938  -25.134  -21.425  41.759 0.0000000000
73310  -26.353  -19.607  41.865 0.0000000000
78041  -27.208  -15.927  42.380 0.0000000000
75594  -26.296  -17.355  41.570 0.0000000000
78059  -26.730  -15.935  41.154 0.0000000000
76809  -25.230  -16.482  40.014 0.0000000000
79391  -27.156  -14.251  40.507 0.0000000000
79405  -27.550  -13.961  39.418 0.0000000000
80541  -28.530  -13.777  41.187 0.0000000000
58677  -14.377  -30.273  49.747 0.0000000000
57371  -14.326  -30.641  50.237 0.0000000000
57387  -14.279  -30.954  49.456 0.0000000000
54772  -12.527  -33.101  48.595 0.0000000000
84746  -45.416  -8.672  25.411 0.0000000000
85727  -45.947  -7.964  24.838 0.0000000000
54527  -1.623  -33.691  64.129 0.0000000000
61673  -27.760  -29.905  40.105 0.0000000000
60241  -27.020  -30.615  39.594 0.0000000000
63042  -26.988  -28.976  40.362 0.0000000000
64245  -26.752  -28.130  40.436 0.0000000000
65370  -27.133  -27.914  41.023 0.0000000000
64162  -29.929  -27.708  45.705 0.0000000000
64184  -29.938  -27.834  44.522 0.0000000000
65299  -29.185  -26.822  45.944 0.0000000000
68530  -27.331  -23.062  47.256 0.0000000000
66400  -26.861  -25.325  45.915 0.0000000000
67502  -26.366  -24.426  44.901 0.0000000000
66439  -26.486  -25.291  43.556 0.0000000000
68562  -26.513  -22.536  44.643 0.0000000000
69674  -26.610  -21.993  44.441 0.0000000000
70880  -27.467  -21.359  45.483 0.0000000000
64198  -19.373  -27.378  43.018 0.0000000000
61588  -25.145  -28.254  45.683 0.0000000000
61598  -24.268  -27.642  45.394 0.0000000000
61599  -24.762  -28.429  44.704 0.0000000000
60195  -23.867  -29.977  42.640 0.0000000000
62868  -17.252  -26.765  50.372 0.0000000000
62921  -16.399  -27.871  46.208 0.0000000000
61574  -15.375  -28.752  47.078 0.0000000000
60130  -15.091  -29.749  46.134 0.0000000000
58745  -14.797  -31.270  45.790 0.0000000000
83738  -41.683  -10.511  30.463 0.0000000000
82765  -41.487  -11.241  29.199 0.0000000000
82756  -42.092  -10.820  29.917 0.0000000000
82768  -44.256  -10.923  29.440 0.0000000000
82777  -43.618  -11.146  28.631 0.0000000000
82787  -43.930  -10.830  27.883 0.0000000000
82794  -42.772  -11.328  26.759 0.0000000000
83760  -43.990  -10.685  27.339 0.0000000000
83766  -44.507  -9.908  26.515 0.0000000000
83753  -45.617  -9.971  28.128 0.0000000000
69784  -23.517  -21.933  39.311 0.0000000000
67539  -23.235  -24.567  38.886 0.0000000000
74568  -29.339  -16.911  32.775 0.0000000000
73419  -30.103  -17.004  33.932 0.0000000000
79421  -29.924  -14.542  38.988 0.0000000000
78137  -28.552  -15.251  37.459 0.0000000000
76821  -30.800  -15.518  37.965 0.0000000000
76825  -33.886  -16.029  38.424 0.0000000000
76845  -32.483  -16.572  37.600 0.0000000000
76865  -33.734  -16.728  37.034 0.0000000000
75668  -32.235  -16.813  35.259 0.0000000000
75651  -33.704  -16.519  36.250 0.0000000000
78176  -34.629  -15.024  36.004 0.0000000000
78140  -35.794  -15.795  37.360 0.0000000000
54613  -6.847  -33.682  54.938 0.0000000000
53309  -6.980  -33.590  56.060 0.0000000000
54573  -6.098  -33.971  57.388 0.0000000000
54611  -5.537  -34.218  55.729 0.0000000000
53327  -3.693  -35.463  55.522 0.0000000000
53360  -4.789  -34.697  54.584 0.0000000000
52087  -0.939  -36.240  58.358 0.0000000000
53255  -1.561  -35.455  59.575 0.0000000000
52071  0.051  -36.076  59.071 0.0000000000
52045  1.600  -36.184  60.845 0.0000000000
53219  0.883  -35.326  61.153 0.0000000000
53204  0.903  -35.000  61.629 0.0000000000
53178  0.815  -34.219  62.564 0.0000000000
52027  1.873  -35.082  61.600 0.0000000000
61508  -28.459  -28.101  49.937 0.0000000000
81630  -38.882  -12.532  37.722 0.0000000000
82715  -37.557  -12.096  36.259 0.0000000000
82707  -39.305  -11.481  37.561 0.0000000000
75589  -26.812  -17.732  43.056 0.0000000000
57431  -13.856  -31.979  46.720 0.0000000000
56110  -13.560  -32.306  47.916 0.0000000000
53196  -4.213  -33.766  62.795 0.0000000000
52033  -3.453  -34.045  62.437 0.0000000000
57534  -27.161  -32.854  40.701 0.0000000000
60209  -28.554  -30.816  40.309 0.0000000000
63029  -28.426  -28.861  41.321 0.0000000000
73279  -27.825  -20.408  46.506 0.0000000000
62922  -16.978  -27.363  45.640 0.0000000000
62938  -16.797  -27.807  44.993 0.0000000000
64158  -18.636  -26.697  44.836 0.0000000000
65313  -19.695  -26.681  44.469 0.0000000000
64182  -20.738  -26.997  43.985 0.0000000000
58751  -26.634  -30.747  44.909 0.0000000000
58749  -25.424  -29.787  44.334 0.0000000000
57476  -26.066  -31.276  43.713 0.0000000000
57493  -25.249  -31.398  42.712 0.0000000000
56223  -24.971  -32.674  41.670 0.0000000000
62889  -16.966  -26.686  49.198 0.0000000000
62890  -18.632  -26.316  48.949 0.0000000000
64122  -16.952  -26.660  47.195 0.0000000000
81676  -35.896  -12.295  29.514 0.0000000000
81704  -40.554  -12.614  26.397 0.0000000000
84700  -43.958  -9.532  32.461 0.0000000000
82742  -43.424  -10.645  30.784 0.0000000000
73361  -23.481  -19.482  38.020 0.0000000000
76911  -26.798  -16.690  33.348 0.0000000000
76898  -27.766  -16.375  34.179 0.0000000000
79396  -32.906  -14.544  41.202 0.0000000000
78105  -32.907  -15.093  39.396 0.0000000000
78084  -34.114  -15.012  40.254 0.0000000000
54701  -11.826  -32.632  51.346 0.0000000000
53393  -10.451  -33.082  52.556 0.0000000000
53351  -9.333  -33.189  54.791 0.0000000000
53350  -8.764  -33.341  54.281 0.0000000000
54630  -7.652  -33.652  54.022 0.0000000000
54647  -6.289  -33.994  53.458 0.0000000000
54645  -4.629  -34.814  53.238 0.0000000000
53373  -5.411  -35.364  52.175 0.0000000000
57495  -28.950  -32.221  43.603 0.0000000000
58800  -29.937  -30.985  43.337 0.0000000000
60169  -30.201  -30.055  44.915 0.0000000000
64163  -30.517  -28.006  46.229 0.0000000000
62893  -22.679  -26.587  48.303 0.0000000000
62912  -23.090  -26.677  47.154 0.0000000000
62894  -23.972  -26.909  47.951 0.0000000000
61558  -25.154  -27.554  47.869 0.0000000000
60116  -26.404  -29.037  46.658 0.0000000000
60089  -28.330  -28.878  48.582 0.0000000000
60101  -27.414  -29.365  47.550 0.0000000000
58715  -26.826  -29.916  46.679 0.0000000000
56144  -27.292  -30.715  45.719 0.0000000000
56166  -27.707  -31.345  44.834 0.0000000000
62855  -23.151  -26.827  50.340 0.0000000000
79480  -32.913  -14.319  33.776 0.0000000000
79499  -32.059  -14.063  31.843 0.0000000000
80629  -33.225  -13.342  32.235 0.0000000000
81654  -34.528  -12.666  32.595 0.0000000000
81659  -35.504  -12.154  31.663 0.0000000000
82727  -37.278  -11.469  34.329 0.0000000000
82730  -36.734  -11.634  33.403 0.0000000000
81660  -36.332  -11.722  31.505 0.0000000000
82750  -37.297  -11.392  30.659 0.0000000000
82751  -37.799  -11.240  30.294 0.0000000000
82762  -38.798  -11.164  29.454 0.0000000000
82763  -39.652  -11.228  29.130 0.0000000000
83736  -39.899  -10.577  30.554 0.0000000000
83723  -41.224  -10.212  31.080 0.0000000000
84698  -42.055  -9.372  32.331 0.0000000000
85664  -42.323  -8.537  34.720 0.0000000000
84690  -43.420  -9.077  33.088 0.0000000000
68595  -25.030  -23.413  41.961 0.0000000000
67525  -24.098  -24.235  40.770 0.0000000000
69741  -24.406  -22.558  41.153 0.0000000000
70936  -24.088  -21.956  40.607 0.0000000000
72162  -24.303  -19.826  40.507 0.0000000000
74446  -26.477  -18.349  41.859 0.0000000000
73321  -24.956  -19.137  40.928 0.0000000000
73333  -24.420  -19.080  39.821 0.0000000000
74473  -24.044  -17.795  39.109 0.0000000000
75624  -24.258  -17.056  37.977 0.0000000000
78134  -25.367  -15.216  37.515 0.0000000000
78135  -26.055  -14.851  37.039 0.0000000000
79417  -26.432  -14.509  38.170 0.0000000000
79406  -28.686  -13.942  39.298 0.0000000000
79393  -30.478  -14.263  40.615 0.0000000000
79376  -31.583  -14.399  41.847 0.0000000000
79377  -32.372  -14.474  41.974 0.0000000000
54729  -12.712  -32.121  50.657 0.0000000000
56109  -13.354  -32.438  48.455 0.0000000000
54752  -12.700  -32.281  49.841 0.0000000000
54728  -12.248  -32.514  50.501 0.0000000000
56068  -11.239  -33.401  50.226 0.0000000000
64244  -26.128  -27.748  39.984 0.0000000000
66477  -25.765  -26.372  40.786 0.0000000000
61645  -30.358  -29.601  42.443 0.0000000000
64215  -29.943  -27.920  42.291 0.0000000000
65349  -28.308  -27.909  42.282 0.0000000000
65327  -27.975  -26.853  43.752 0.0000000000
65348  -27.694  -27.304  42.469 0.0000000000
66459  -26.560  -26.301  42.391 0.0000000000
66458  -25.765  -25.638  42.174 0.0000000000
67527  -25.199  -24.549  41.771 0.0000000000
69698  -25.757  -22.461  42.974 0.0000000000
70914  -26.160  -21.564  43.310 0.0000000000
73285  -27.229  -20.023  44.247 0.0000000000
74428  -27.277  -19.147  46.321 0.0000000000
74431  -26.399  -18.636  45.756 0.0000000000
62926  -22.308  -26.771  46.109 0.0000000000
62939  -22.296  -27.287  44.852 0.0000000000
62982  -22.544  -27.862  43.181 0.0000000000
60183  -24.389  -29.714  43.420 0.0000000000
61644  -23.314  -29.123  42.343 0.0000000000
61520  -15.480  -27.943  50.936 0.0000000000
60086  -14.505  -29.245  49.616 0.0000000000
62888  -16.152  -27.288  48.766 0.0000000000
61555  -15.393  -28.060  48.847 0.0000000000
60097  -14.261  -30.709  47.895 0.0000000000
58729  -14.321  -31.321  46.442 0.0000000000
82773  -40.160  -11.444  28.563 0.0000000000
81689  -40.870  -11.746  27.848 0.0000000000
81697  -41.154  -11.984  27.289 0.0000000000
82766  -42.414  -11.251  29.313 0.0000000000
82776  -42.712  -11.409  28.500 0.0000000000
81705  -41.346  -12.218  26.451 0.0000000000
82793  -41.930  -11.706  26.156 0.0000000000
82803  -42.001  -12.066  24.486 0.0000000000
82805  -42.883  -10.985  24.183 0.0000000000
84744  -43.999  -9.806  25.614 0.0000000000
84745  -44.658  -9.426  25.766 0.0000000000
53287  -3.461  -35.239  57.638 0.0000000000
53269  -2.539  -35.397  58.680 0.0000000000
52089  -2.012  -35.862  57.974 0.0000000000
66474  -23.552  -25.251  39.365 0.0000000000
76931  -30.608  -15.952  32.954 0.0000000000
78156  -27.029  -15.433  35.929 0.0000000000
75644  -28.519  -16.152  35.537 0.0000000000
75645  -29.430  -16.482  35.732 0.0000000000
76823  -32.044  -15.956  38.176 0.0000000000
75647  -30.772  -16.900  36.397 0.0000000000
73392  -30.028  -16.704  35.072 0.0000000000
73409  -30.665  -16.561  34.468 0.0000000000
75699  -31.569  -15.975  34.295 0.0000000000
78198  -31.648  -15.477  33.743 0.0000000000
79467  -33.463  -14.769  34.537 0.0000000000
79457  -35.113  -14.036  35.573 0.0000000000
79443  -36.713  -13.919  36.923 0.0000000000
52076  -5.368  -33.725  59.779 0.0000000000
53272  -5.866  -33.858  58.685 0.0000000000
54571  -4.626  -34.436  57.927 0.0000000000
53307  -3.559  -35.337  56.551 0.0000000000
52111  -3.045  -35.809  55.820 0.0000000000
53238  -2.243  -34.829  60.094 0.0000000000
53223  -2.181  -34.579  60.700 0.0000000000
52039  -2.159  -34.317  62.039 0.0000000000
52056  0.338  -35.690  60.010 0.0000000000
53206  -0.773  -34.590  61.774 0.0000000000
52029  -1.038  -34.265  62.588 0.0000000000
54526  -0.801  -33.771  63.459 0.0000000000
54511  -0.225  -33.481  62.943 0.0000000000
50803  2.938  -36.539  61.362 0.0000000000
53202  2.404  -35.154  61.154 0.0000000000
52075  -4.578  -34.142  60.118 0.0000000000
53240  -3.931  -34.606  59.994 0.0000000000
57513  -27.772  -33.230  42.071 0.0000000000
57536  -28.500  -32.353  41.343 0.0000000000
62911  -21.914  -26.445  47.424 0.0000000000
56227  -28.071  -33.079  43.355 0.0000000000
56202  -26.838  -32.806  43.386 0.0000000000
56226  -27.457  -33.166  42.844 0.0000000000
62892  -21.433  -26.449  48.582 0.0000000000
66476  -25.150  -26.109  40.211 0.0000000000
65367  -24.844  -26.650  39.468 0.0000000000
76862  -24.176  -16.618  36.809 0.0000000000
75643  -23.798  -17.330  36.176 0.0000000000
75663  -24.207  -16.928  34.676 0.0000000000
54723  -8.476  -34.259  50.406 0.0000000000
54697  -9.097  -33.662  51.351 0.0000000000
54696  -8.370  -33.931  51.426 0.0000000000
58717  -30.058  -29.701  47.803 0.0000000000
60118  -30.567  -29.625  47.481 0.0000000000
61563  -31.528  -28.989  48.484 0.0000000000
64100  -26.203  -27.657  50.321 0.0000000000
62858  -25.996  -27.895  49.514 0.0000000000
62859  -26.938  -27.903  50.157 0.0000000000
58683  -30.037  -29.260  48.919 0.0000000000
58682  -29.603  -29.441  48.643 0.0000000000
58700  -30.009  -29.541  48.323 0.0000000000
57439  -29.552  -30.103  47.116 0.0000000000
64099  -25.639  -27.503  50.491 0.0000000000
80591  -36.409  -13.013  35.855 0.0000000000
81643  -36.250  -12.851  35.533 0.0000000000
81644  -36.836  -12.518  35.776 0.0000000000
84683  -39.148  -9.604  34.363 0.0000000000
84682  -38.644  -10.013  34.920 0.0000000000
83710  -38.729  -10.004  32.672 0.0000000000
84686  -39.297  -9.541  33.070 0.0000000000
85669  -40.525  -8.781  34.201 0.0000000000
73293  -26.842  -19.841  43.303 0.0000000000
73301  -26.559  -19.729  42.465 0.0000000000
79353  -27.788  -15.002  42.363 0.0000000000
78081  -27.123  -15.083  40.970 0.0000000000
78080  -26.314  -15.126  40.562 0.0000000000
80547  -27.671  -13.870  40.916 0.0000000000
79373  -28.289  -14.079  41.797 0.0000000000
57386  -13.785  -31.595  48.704 0.0000000000
85721  -46.311  -8.269  25.780 0.0000000000
84750  -45.283  -8.448  24.819 0.0000000000
53182  -3.338  -33.650  63.624 0.0000000000
54529  -3.207  -33.496  64.217 0.0000000000
54528  -2.492  -33.610  64.238 0.0000000000
53180  -2.126  -33.805  63.831 0.0000000000
63028  -27.557  -29.210  40.744 0.0000000000
63027  -27.404  -29.383  40.481 0.0000000000
63043  -27.457  -28.878  40.842 0.0000000000
64246  -27.248  -28.404  40.855 0.0000000000
64233  -27.515  -28.169  41.375 0.0000000000
65300  -29.553  -27.029  46.430 0.0000000000
66417  -29.416  -26.609  46.709 0.0000000000
68544  -27.038  -22.694  46.247 0.0000000000
68553  -26.512  -23.589  45.717 0.0000000000
68561  -26.322  -23.382  44.792 0.0000000000
68554  -26.792  -22.620  45.345 0.0000000000
69671  -27.044  -21.993  45.023 0.0000000000
70881  -27.602  -21.227  46.064 0.0000000000
61597  -15.787  -29.565  44.869 0.0000000000
62956  -16.206  -29.186  44.467 0.0000000000
60134  -25.848  -28.791  46.023 0.0000000000
60149  -25.580  -29.233  44.978 0.0000000000
61586  -15.695  -29.078  45.816 0.0000000000
60144  -15.413  -29.843  45.475 0.0000000000
80689  -40.938  -13.003  25.335 0.0000000000
83724  -42.169  -10.152  31.071 0.0000000000
83739  -42.581  -10.522  30.596 0.0000000000
83745  -44.791  -10.669  29.068 0.0000000000
82778  -44.305  -10.775  28.607 0.0000000000
82788  -44.423  -10.626  28.114 0.0000000000
83761  -44.592  -10.392  27.533 0.0000000000
69783  -23.380  -22.738  39.043 0.0000000000
70976  -23.313  -21.821  38.551 0.0000000000
74534  -28.159  -17.153  32.978 0.0000000000
74535  -28.779  -16.916  33.430 0.0000000000
74551  -29.304  -16.856  33.352 0.0000000000
74536  -29.407  -16.895  34.154 0.0000000000
78102  -30.625  -14.808  38.995 0.0000000000
78121  -30.384  -15.082  38.383 0.0000000000
78103  -31.046  -14.830  39.176 0.0000000000
76826  -34.847  -16.290  38.228 0.0000000000
76847  -34.236  -16.471  37.537 0.0000000000
76866  -34.133  -16.464  36.680 0.0000000000
76867  -34.630  -15.889  36.425 0.0000000000
54628  -6.157  -33.808  54.436 0.0000000000
53330  -6.872  -33.611  55.454 0.0000000000
54612  -6.283  -33.732  55.402 0.0000000000
54600  -6.185  -33.777  56.240 0.0000000000
53348  -4.952  -34.636  55.328 0.0000000000
52086  -0.395  -36.388  58.421 0.0000000000
52044  1.846  -36.080  61.179 0.0000000000
53218  1.333  -35.678  60.924 0.0000000000
53203  1.564  -35.503  61.317 0.0000000000
52036  1.419  -35.079  61.589 0.0000000000
52035  1.991  -35.712  61.360 0.0000000000
76777  -26.331  -16.945  43.942 0.0000000000
57406  -13.572  -32.418  47.098 0.0000000000
52048  -4.096  -34.275  61.362 0.0000000000
52042  -4.549  -34.039  61.831 0.0000000000
52041  -3.899  -34.162  62.004 0.0000000000
52040  -2.949  -34.265  61.854 0.0000000000
56255  -26.192  -33.154  40.670 0.0000000000
58817  -27.827  -32.203  40.540 0.0000000000
60210  -28.861  -30.791  40.726 0.0000000000
60224  -28.468  -30.045  40.531 0.0000000000
61661  -29.173  -29.394  41.017 0.0000000000
64136  -17.226  -26.849  46.258 0.0000000000
64157  -17.599  -26.938  45.052 0.0000000000
64139  -20.801  -26.644  46.018 0.0000000000
64159  -19.538  -26.554  44.980 0.0000000000
64160  -20.518  -26.742  44.995 0.0000000000
65314  -20.128  -26.727  44.271 0.0000000000
64183  -21.445  -27.196  44.468 0.0000000000
57457  -26.847  -31.145  44.671 0.0000000000
57456  -26.438  -31.023  44.433 0.0000000000
57477  -26.571  -31.443  44.132 0.0000000000
56201  -26.356  -32.453  42.738 0.0000000000
56184  -26.054  -31.800  42.904 0.0000000000
57512  -24.647  -32.064  42.029 0.0000000000
56245  -25.265  -33.463  41.042 0.0000000000
64123  -17.912  -26.445  46.990 0.0000000000
81677  -36.754  -11.944  29.408 0.0000000000
72243  -23.349  -20.506  37.710 0.0000000000
73376  -23.320  -19.857  37.018 0.0000000000
76896  -25.750  -16.232  34.435 0.0000000000
76897  -26.673  -16.303  34.028 0.0000000000
76912  -27.391  -16.572  33.567 0.0000000000
76883  -27.540  -15.940  35.070 0.0000000000
78061  -33.539  -14.634  40.997 0.0000000000
78083  -33.180  -14.755  40.224 0.0000000000
78108  -35.786  -15.647  39.405 0.0000000000
54700  -10.983  -33.105  51.723 0.0000000000
53376  -9.545  -33.343  52.599 0.0000000000
53363  -9.387  -33.235  53.613 0.0000000000
54672  -7.412  -34.006  52.395 0.0000000000
54648  -7.149  -33.842  53.273 0.0000000000
54629  -6.932  -33.725  54.153 0.0000000000
54670  -5.740  -34.526  52.757 0.0000000000
53374  -6.042  -34.880  52.218 0.0000000000
57478  -28.595  -31.141  44.337 0.0000000000
60167  -29.128  -30.676  44.195 0.0000000000
58768  -29.168  -30.624  44.511 0.0000000000
62928  -31.057  -28.439  46.855 0.0000000000
62942  -30.765  -28.695  45.772 0.0000000000
64141  -30.787  -27.593  47.101 0.0000000000
62873  -23.464  -26.836  49.145 0.0000000000
61540  -25.731  -27.816  48.278 0.0000000000
61559  -26.120  -28.295  47.449 0.0000000000
61577  -26.114  -28.456  46.950 0.0000000000
60099  -26.546  -28.782  47.273 0.0000000000
61525  -28.741  -28.481  49.568 0.0000000000
61524  -28.392  -28.526  49.305 0.0000000000
58697  -28.343  -29.853  47.615 0.0000000000
58678  -27.949  -29.418  47.753 0.0000000000
58716  -27.067  -30.014  46.969 0.0000000000
57393  -27.393  -30.115  46.925 0.0000000000
57412  -26.883  -30.538  45.925 0.0000000000
56127  -27.349  -30.528  46.155 0.0000000000
57437  -28.511  -30.559  45.797 0.0000000000
56147  -28.077  -30.807  45.438 0.0000000000
56189  -28.226  -31.313  44.639 0.0000000000
56205  -28.375  -31.921  44.241 0.0000000000
62856  -24.187  -27.110  49.978 0.0000000000
80610  -33.505  -13.891  33.892 0.0000000000
80620  -33.235  -13.661  33.252 0.0000000000
80611  -34.118  -13.610  34.119 0.0000000000
80622  -34.765  -12.763  33.306 0.0000000000
81655  -35.255  -12.376  32.815 0.0000000000
81658  -34.654  -12.495  31.755 0.0000000000
82716  -38.259  -11.534  36.448 0.0000000000
82723  -37.413  -11.733  35.499 0.0000000000
82724  -37.897  -11.011  35.061 0.0000000000
82732  -37.823  -10.709  33.404 0.0000000000
82731  -37.520  -11.077  33.182 0.0000000000
82735  -36.963  -11.504  32.357 0.0000000000
82739  -37.122  -11.425  31.369 0.0000000000
83720  -38.629  -10.519  31.209 0.0000000000
82741  -38.171  -10.956  30.904 0.0000000000
82752  -38.546  -10.820  30.278 0.0000000000
82761  -38.184  -11.317  29.685 0.0000000000
82753  -39.376  -10.762  29.950 0.0000000000
84707  -40.679  -9.796  31.683 0.0000000000
84708  -41.625  -9.737  31.660 0.0000000000
84689  -42.496  -9.006  33.057 0.0000000000
68594  -24.644  -23.501  41.536 0.0000000000
69742  -25.151  -22.408  41.764 0.0000000000
72164  -25.365  -20.447  41.658 0.0000000000
70937  -24.550  -21.346  41.216 0.0000000000
72194  -24.173  -20.776  40.567 0.0000000000
72163  -24.444  -20.090  40.890 0.0000000000
75592  -26.787  -17.456  42.376 0.0000000000
74442  -26.655  -18.252  42.160 0.0000000000
75598  -25.724  -17.378  41.124 0.0000000000
74451  -25.713  -18.293  41.256 0.0000000000
74450  -25.211  -18.334  40.647 0.0000000000
73334  -24.663  -19.018  40.297 0.0000000000
74460  -24.713  -18.394  39.964 0.0000000000
74472  -24.168  -18.590  39.369 0.0000000000
75604  -24.589  -17.211  39.593 0.0000000000
78100  -25.298  -15.524  39.366 0.0000000000
76820  -24.620  -16.234  39.001 0.0000000000
76839  -24.537  -16.266  37.625 0.0000000000
78117  -25.131  -15.431  38.378 0.0000000000
79416  -25.745  -14.797  37.954 0.0000000000
80557  -28.333  -13.619  40.006 0.0000000000
80558  -29.060  -13.707  39.871 0.0000000000
79407  -29.538  -14.134  39.413 0.0000000000
79357  -31.798  -14.422  42.874 0.0000000000
57352  -14.055  -31.015  50.689 0.0000000000
56071  -13.741  -31.397  50.637 0.0000000000
56048  -13.647  -31.108  51.439 0.0000000000
56070  -13.285  -31.770  50.295 0.0000000000
56122  -13.407  -33.062  47.267 0.0000000000
54791  -13.066  -33.107  48.182 0.0000000000
54771  -11.878  -33.372  48.428 0.0000000000
54751  -12.317  -32.747  49.549 0.0000000000
56092  -11.605  -33.287  49.608 0.0000000000
54727  -11.680  -33.067  50.398 0.0000000000
55870  -0.629  -32.877  64.398 0.0000000000
58871  -26.126  -31.442  39.085 0.0000000000
61700  -26.099  -29.454  39.244 0.0000000000
64260  -26.428  -28.176  40.075 0.0000000000
65368  -25.710  -26.890  40.087 0.0000000000
66478  -26.091  -26.506  41.174 0.0000000000
61628  -30.602  -29.610  43.383 0.0000000000
60196  -30.428  -30.448  42.999 0.0000000000
64202  -30.129  -27.936  43.364 0.0000000000
65341  -29.158  -27.817  42.832 0.0000000000
65350  -29.042  -28.147  42.262 0.0000000000
66428  -27.288  -25.945  44.456 0.0000000000
66414  -27.408  -25.922  45.297 0.0000000000
66441  -27.787  -26.548  43.948 0.0000000000
65339  -27.725  -26.838  43.260 0.0000000000
65338  -27.412  -26.599  42.955 0.0000000000
65347  -27.282  -26.715  42.647 0.0000000000
66451  -27.086  -26.190  43.056 0.0000000000
66450  -26.156  -25.431  42.875 0.0000000000
67520  -25.558  -24.461  42.649 0.0000000000
68583  -25.388  -23.248  42.386 0.0000000000
68577  -25.661  -23.331  43.211 0.0000000000
70884  -27.118  -21.495  44.571 0.0000000000
70899  -26.419  -21.652  43.870 0.0000000000
72107  -27.046  -20.838  43.941 0.0000000000
74420  -27.265  -19.205  47.251 0.0000000000
73274  -27.696  -19.837  46.850 0.0000000000
75582  -26.060  -18.295  45.151 0.0000000000
64179  -17.431  -27.733  44.102 0.0000000000
62957  -16.704  -28.716  44.035 0.0000000000
64196  -17.423  -28.417  43.499 0.0000000000
62927  -23.590  -27.079  46.185 0.0000000000
61610  -23.967  -27.930  44.588 0.0000000000
62940  -23.295  -27.317  45.144 0.0000000000
62958  -22.098  -27.745  43.986 0.0000000000
58766  -25.110  -30.179  43.629 0.0000000000
60166  -24.873  -29.396  44.192 0.0000000000
61537  -15.211  -28.238  50.160 0.0000000000
60098  -14.585  -29.662  48.024 0.0000000000
60113  -14.254  -30.521  47.100 0.0000000000
60129  -14.744  -30.570  46.296 0.0000000000
82764  -40.624  -11.198  29.191 0.0000000000
82774  -40.861  -11.484  28.515 0.0000000000
82743  -43.793  -10.777  30.808 0.0000000000
82757  -43.124  -10.816  30.336 0.0000000000
82785  -42.086  -11.630  27.349 0.0000000000
82800  -43.295  -10.935  26.396 0.0000000000
82799  -42.579  -11.153  25.671 0.0000000000
82804  -42.446  -11.507  24.348 0.0000000000
83770  -42.717  -10.830  25.105 0.0000000000
83775  -42.874  -10.741  24.710 0.0000000000
83762  -45.289  -9.727  27.171 0.0000000000
83767  -45.161  -9.568  26.674 0.0000000000
84741  -45.818  -9.040  26.546 0.0000000000
53306  -2.860  -35.605  57.086 0.0000000000
53286  -2.682  -35.466  57.843 0.0000000000
52101  -2.283  -36.053  57.205 0.0000000000
67533  -23.879  -24.564  40.233 0.0000000000
67532  -23.512  -24.537  39.516 0.0000000000
75724  -29.731  -16.676  32.575 0.0000000000
75723  -29.949  -16.529  32.185 0.0000000000
75708  -30.281  -16.239  32.981 0.0000000000
78136  -27.343  -14.871  37.107 0.0000000000
78155  -26.234  -15.149  36.366 0.0000000000
76841  -29.196  -15.566  36.903 0.0000000000
76840  -28.396  -15.437  36.781 0.0000000000
75625  -28.891  -15.854  36.242 0.0000000000
75626  -29.639  -16.214  36.545 0.0000000000
78123  -32.464  -15.467  38.788 0.0000000000
75629  -31.988  -16.944  36.950 0.0000000000
75648  -31.440  -17.162  36.366 0.0000000000
74505  -30.509  -17.002  35.971 0.0000000000
73363  -30.826  -17.004  35.636 0.0000000000
73394  -30.844  -16.598  34.948 0.0000000000
73395  -31.290  -16.818  35.239 0.0000000000
75687  -32.612  -16.526  35.116 0.0000000000
75686  -31.983  -16.350  34.694 0.0000000000
76900  -32.375  -16.110  34.615 0.0000000000
76914  -31.827  -15.877  34.278 0.0000000000
78199  -32.594  -15.360  34.296 0.0000000000
78183  -33.337  -15.444  34.698 0.0000000000
78157  -35.449  -15.397  36.816 0.0000000000
79441  -35.468  -14.502  36.294 0.0000000000
79442  -36.144  -13.978  36.447 0.0000000000
79430  -36.611  -14.456  37.214 0.0000000000
54585  -5.524  -34.205  57.073 0.0000000000
54572  -5.459  -34.119  57.978 0.0000000000
54560  -5.325  -33.977  58.637 0.0000000000
53288  -4.129  -34.824  57.408 0.0000000000
53308  -4.363  -34.746  56.730 0.0000000000
53346  -3.637  -35.626  54.681 0.0000000000
52124  -3.095  -35.962  55.161 0.0000000000
53256  -2.281  -35.288  59.402 0.0000000000
53237  -1.583  -35.101  60.212 0.0000000000
53222  -1.537  -34.734  60.825 0.0000000000
53208  -2.180  -34.434  61.361 0.0000000000
53207  -1.494  -34.527  61.538 0.0000000000
52070  0.774  -36.510  59.567 0.0000000000
53205  0.102  -34.753  61.749 0.0000000000
53220  0.035  -35.117  60.943 0.0000000000
52037  -1.071  -34.360  62.361 0.0000000000
53192  -0.761  -34.273  62.534 0.0000000000
54539  -1.053  -33.958  63.224 0.0000000000
54538  -0.263  -33.912  62.810 0.0000000000
53177  1.010  -34.311  62.440 0.0000000000
54524  0.487  -33.994  62.687 0.0000000000
54510  0.263  -33.558  62.719 0.0000000000
52043  2.833  -35.949  61.132 0.0000000000
52057  -3.553  -34.397  60.860 0.0000000000
57535  -27.810  -32.922  41.320 0.0000000000
62923  -19.506  -26.361  46.573 0.0000000000
64140  -21.466  -26.706  46.087 0.0000000000
56186  -27.067  -32.192  44.061 0.0000000000
56246  -26.580  -33.174  41.576 0.0000000000
81678  -37.555  -11.735  29.332 0.0000000000
81695  -39.516  -12.455  27.212 0.0000000000
74502  -23.569  -18.666  36.879 0.0000000000
74517  -23.333  -19.128  36.022 0.0000000000
75664  -25.125  -16.482  34.499 0.0000000000
54698  -9.713  -33.520  51.218 0.0000000000
53390  -9.485  -33.491  51.630 0.0000000000
53375  -9.270  -33.429  52.090 0.0000000000
54650  -8.492  -33.591  52.751 0.0000000000
54673  -8.130  -33.771  52.222 0.0000000000
54694  -7.001  -34.466  51.802 0.0000000000
53389  -7.028  -34.640  51.218 0.0000000000
57460  -29.165  -30.461  45.833 0.0000000000
58770  -30.047  -30.281  45.617 0.0000000000
60136  -30.493  -29.771  46.702 0.0000000000
61578  -31.037  -29.207  47.208 0.0000000000
62929  -31.335  -28.298  47.453 0.0000000000
62875  -25.437  -27.588  48.915 0.0000000000
62876  -25.882  -27.930  48.754 0.0000000000
61541  -26.507  -28.249  48.278 0.0000000000
58665  -28.835  -29.304  48.611 0.0000000000
58681  -28.939  -29.937  48.651 0.0000000000
57376  -28.821  -29.975  47.904 0.0000000000
57395  -28.453  -30.047  47.321 0.0000000000
57415  -28.070  -30.325  46.575 0.0000000000
57416  -28.500  -30.301  46.685 0.0000000000
57438  -29.017  -30.324  46.598 0.0000000000
80601  -35.000  -13.518  34.776 0.0000000000
80602  -35.541  -13.115  34.972 0.0000000000
83701  -38.539  -10.486  35.598 0.0000000000
83705  -38.376  -10.305  34.393 0.0000000000
83713  -37.849  -10.680  32.770 0.0000000000
83714  -38.271  -10.491  32.185 0.0000000000
83715  -38.920  -10.113  31.839 0.0000000000
84705  -39.364  -9.966  31.704 0.0000000000
83721  -39.435  -10.213  31.216 0.0000000000
84696  -40.023  -9.412  32.335 0.0000000000
84688  -41.479  -8.834  33.102 0.0000000000
72122  -25.994  -21.193  42.813 0.0000000000
70923  -25.520  -21.538  42.155 0.0000000000
72138  -25.803  -20.986  42.500 0.0000000000
72139  -26.152  -20.301  42.138 0.0000000000
72165  -26.099  -19.912  41.588 0.0000000000
76793  -26.781  -16.583  41.896 0.0000000000
76792  -26.421  -16.578  41.379 0.0000000000
76799  -25.393  -16.787  40.523 0.0000000000
76810  -25.842  -15.769  40.012 0.0000000000
78101  -25.935  -14.864  39.658 0.0000000000
79404  -26.581  -14.415  38.995 0.0000000000
80548  -28.161  -13.652  40.722 0.0000000000
79374  -29.425  -14.045  41.445 0.0000000000
58663  -14.417  -29.735  50.607 0.0000000000
57370  -14.042  -31.293  49.775 0.0000000000
56107  -11.501  -33.413  49.064 0.0000000000
84749  -44.591  -8.852  24.553 0.0000000000
84752  -43.735  -9.613  23.883 0.0000000000
85726  -45.272  -8.301  24.374 0.0000000000
85730  -44.930  -8.174  23.568 0.0000000000
54514  -1.569  -33.241  64.892 0.0000000000
60242  -27.612  -30.603  39.760 0.0000000000
58855  -26.818  -31.349  39.726 0.0000000000
60263  -27.076  -30.225  39.602 0.0000000000
61701  -26.756  -29.581  39.689 0.0000000000
63059  -26.455  -28.708  39.896 0.0000000000
62941  -30.417  -28.221  45.202 0.0000000000
62961  -30.385  -28.465  44.283 0.0000000000
65316  -29.210  -27.511  45.055 0.0000000000
65315  -28.954  -26.962  45.431 0.0000000000
67481  -27.062  -25.197  46.726 0.0000000000
67480  -26.648  -24.368  46.490 0.0000000000
67492  -26.497  -24.636  45.608 0.0000000000
66427  -26.679  -25.248  44.260 0.0000000000
67509  -26.176  -24.327  44.155 0.0000000000
68569  -25.953  -23.190  44.075 0.0000000000
68570  -26.254  -22.386  44.230 0.0000000000
72089  -27.616  -20.844  45.396 0.0000000000
74418  -25.826  -18.222  48.219 0.0000000000
61587  -24.525  -27.574  46.396 0.0000000000
61611  -24.185  -28.677  43.910 0.0000000000
57492  -24.615  -31.071  42.669 0.0000000000
64121  -16.584  -26.930  47.306 0.0000000000
60143  -15.221  -30.604  45.535 0.0000000000
82755  -41.169  -10.853  29.826 0.0000000000
82767  -43.355  -11.181  29.444 0.0000000000
82795  -43.546  -11.007  27.144 0.0000000000
83765  -43.916  -10.568  26.766 0.0000000000
52109  -2.035  -36.685  56.698 0.0000000000
69766  -23.585  -22.689  40.025 0.0000000000
68612  -23.507  -23.664  39.481 0.0000000000
69765  -23.450  -23.010  39.530 0.0000000000
68631  -23.107  -23.604  38.468 0.0000000000
74567  -28.948  -17.972  32.114 0.0000000000
74552  -29.903  -16.659  33.572 0.0000000000
78120  -28.984  -15.006  38.167 0.0000000000
78138  -29.558  -15.323  37.574 0.0000000000
78139  -30.191  -15.442  37.595 0.0000000000
76824  -32.936  -16.075  38.226 0.0000000000
76846  -33.379  -16.599  37.543 0.0000000000
75630  -32.860  -17.044  36.957 0.0000000000
75649  -32.326  -17.284  36.036 0.0000000000
74522  -31.696  -16.931  35.289 0.0000000000
75650  -33.356  -16.826  36.460 0.0000000000
75670  -33.494  -16.560  36.036 0.0000000000
76886  -33.719  -16.026  35.842 0.0000000000
78175  -34.101  -15.442  35.811 0.0000000000
76887  -34.247  -15.570  36.059 0.0000000000
78141  -36.272  -15.293  37.457 0.0000000000
53331  -7.286  -33.520  55.358 0.0000000000
53310  -7.648  -33.481  55.925 0.0000000000
54599  -5.603  -34.193  56.407 0.0000000000
54610  -5.161  -34.494  56.070 0.0000000000
53328  -4.525  -34.891  55.937 0.0000000000
53329  -5.050  -34.569  55.762 0.0000000000
53347  -4.290  -35.114  54.994 0.0000000000
52073  -1.448  -35.764  58.854 0.0000000000
52072  -0.840  -35.824  58.953 0.0000000000
53254  -0.913  -35.566  59.685 0.0000000000
52046  0.868  -35.672  60.598 0.0000000000
53190  1.003  -34.624  62.062 0.0000000000
52028  1.615  -34.940  61.643 0.0000000000
53189  1.323  -34.608  61.932 0.0000000000
60077  -29.928  -28.808  49.358 0.0000000000
81629  -38.191  -12.517  37.257 0.0000000000
81636  -37.871  -12.190  36.694 0.0000000000
82717  -38.845  -11.100  36.696 0.0000000000
84677  -39.479  -9.586  35.576 0.0000000000
84678  -40.611  -8.921  35.715 0.0000000000
75588  -26.550  -17.818  43.757 0.0000000000
76778  -26.770  -16.911  43.364 0.0000000000
78019  -26.752  -16.465  43.690 0.0000000000
78020  -27.191  -15.898  43.317 0.0000000000
79354  -28.777  -14.414  42.604 0.0000000000
58690  -14.094  -31.275  48.098 0.0000000000
57407  -13.765  -31.914  47.642 0.0000000000
56123  -13.535  -32.436  47.494 0.0000000000
53195  -3.428  -33.857  63.007 0.0000000000
52032  -2.788  -34.123  62.525 0.0000000000
57545  -26.631  -32.482  40.136 0.0000000000
58837  -27.394  -31.927  40.186 0.0000000000
60223  -28.256  -30.305  40.050 0.0000000000
61674  -27.844  -29.601  40.640 0.0000000000
63044  -27.807  -28.848  41.255 0.0000000000
70877  -27.796  -21.206  46.531 0.0000000000
64181  -19.177  -26.791  44.163 0.0000000000
65325  -19.681  -26.805  43.876 0.0000000000
65326  -20.107  -26.911  43.607 0.0000000000
64199  -20.603  -27.201  43.094 0.0000000000
60150  -25.911  -29.688  45.066 0.0000000000
58750  -25.986  -30.235  44.673 0.0000000000
58767  -25.519  -30.769  43.479 0.0000000000
57511  -24.313  -31.468  42.397 0.0000000000
62869  -18.273  -26.436  50.155 0.0000000000
62908  -17.617  -26.423  47.948 0.0000000000
64135  -16.572  -26.984  46.918 0.0000000000
83716  -43.651  -9.843  31.909 0.0000000000
83725  -43.285  -10.296  31.194 0.0000000000
83726  -44.361  -10.565  31.321 0.0000000000
83746  -45.519  -10.343  29.167 0.0000000000
72223  -23.615  -20.388  38.896 0.0000000000
71003  -23.474  -21.090  38.332 0.0000000000
76899  -28.420  -16.580  34.288 0.0000000000
79395  -32.220  -14.583  40.766 0.0000000000
78104  -31.971  -14.909  39.639 0.0000000000
78082  -32.582  -14.766  39.984 0.0000000000
78106  -33.836  -15.485  39.203 0.0000000000
76812  -34.463  -15.839  38.794 0.0000000000
76813  -35.175  -15.955  38.830 0.0000000000
76827  -35.810  -16.142  38.359 0.0000000000
53392  -10.142  -33.335  52.175 0.0000000000
53349  -8.322  -33.552  53.781 0.0000000000
54614  -7.350  -33.560  54.703 0.0000000000
54646  -5.250  -34.414  53.747 0.0000000000
54669  -5.020  -34.731  52.827 0.0000000000
57494  -28.484  -32.754  43.360 0.0000000000
57515  -29.203  -32.229  42.858 0.0000000000
58784  -29.091  -31.026  43.747 0.0000000000
58785  -29.461  -30.692  43.711 0.0000000000
60186  -30.413  -29.697  44.124 0.0000000000
60151  -30.403  -29.920  45.851 0.0000000000
61600  -30.676  -29.413  45.351 0.0000000000
62962  -30.708  -28.860  44.869 0.0000000000
64124  -31.578  -27.457  48.206 0.0000000000
62895  -24.575  -27.205  48.113 0.0000000000
61557  -24.570  -27.241  47.822 0.0000000000
61575  -24.614  -27.406  47.316 0.0000000000
61576  -25.564  -28.216  46.778 0.0000000000
60115  -26.003  -28.648  46.501 0.0000000000
62877  -27.333  -28.243  49.390 0.0000000000
61542  -27.270  -28.369  48.715 0.0000000000
60087  -27.153  -28.617  47.968 0.0000000000
58679  -28.408  -29.385  48.153 0.0000000000
60088  -27.727  -29.023  47.937 0.0000000000
60100  -26.949  -29.187  47.412 0.0000000000
60117  -26.726  -29.446  46.954 0.0000000000
58714  -26.583  -29.656  46.465 0.0000000000
58734  -26.427  -29.856  45.969 0.0000000000
58735  -26.635  -30.413  45.584 0.0000000000
57435  -26.910  -30.786  45.260 0.0000000000
57458  -27.023  -30.995  44.974 0.0000000000
56129  -28.218  -30.738  45.886 0.0000000000
56145  -27.586  -30.852  45.427 0.0000000000
56165  -27.230  -31.251  44.815 0.0000000000
56187  -27.599  -32.043  44.281 0.0000000000
56204  -28.172  -32.577  43.981 0.0000000000
79488  -31.419  -14.897  32.754 0.0000000000
79498  -31.534  -14.589  31.966 0.0000000000
79489  -32.175  -14.190  32.856 0.0000000000
80628  -32.635  -13.731  32.466 0.0000000000
80612  -34.665  -13.122  33.882 0.0000000000
80621  -34.070  -13.093  33.077 0.0000000000
80630  -33.864  -12.840  31.930 0.0000000000
81648  -36.803  -12.006  34.956 0.0000000000
82726  -36.503  -11.874  34.272 0.0000000000
81656  -36.101  -11.848  32.578 0.0000000000
81667  -35.717  -12.053  30.609 0.0000000000
81668  -36.600  -11.675  30.432 0.0000000000
81669  -37.184  -11.507  30.014 0.0000000000
82740  -37.718  -11.181  31.148 0.0000000000
81679  -38.262  -11.731  28.986 0.0000000000
81680  -38.876  -11.555  28.740 0.0000000000
83722  -40.321  -10.262  31.121 0.0000000000
83737  -40.773  -10.560  30.466 0.0000000000
85662  -40.801  -8.684  34.741 0.0000000000
85670  -41.078  -8.656  33.986 0.0000000000
84699  -43.069  -9.554  32.221 0.0000000000
67534  -24.641  -25.351  40.434 0.0000000000
67526  -24.534  -24.493  40.984 0.0000000000
68593  -23.951  -23.556  40.854 0.0000000000
69740  -23.945  -22.667  40.732 0.0000000000
70953  -23.676  -21.246  39.957 0.0000000000
74443  -26.697  -18.571  42.552 0.0000000000
74447  -26.547  -19.064  42.037 0.0000000000
73320  -24.464  -19.498  40.452 0.0000000000
72193  -24.019  -19.972  40.096 0.0000000000
73350  -23.861  -19.286  39.114 0.0000000000
74486  -23.969  -17.481  38.315 0.0000000000
76838  -24.215  -16.731  37.309 0.0000000000
76863  -24.713  -15.915  36.383 0.0000000000
78154  -25.318  -15.394  36.802 0.0000000000
79428  -26.383  -14.645  37.534 0.0000000000
79418  -27.331  -14.451  38.175 0.0000000000
79419  -28.303  -14.370  38.575 0.0000000000
79420  -29.301  -14.547  38.817 0.0000000000
79408  -30.394  -14.480  39.447 0.0000000000
79409  -31.210  -14.482  39.980 0.0000000000
79356  -30.962  -14.455  42.760 0.0000000000
79375  -30.646  -14.295  41.714 0.0000000000
79394  -31.345  -14.392  40.872 0.0000000000
79378  -33.222  -14.547  42.014 0.0000000000
57385  -13.507  -32.000  48.938 0.0000000000
56094  -13.248  -32.140  49.361 0.0000000000
54773  -12.919  -32.707  48.997 0.0000000000
56093  -13.363  -31.844  49.745 0.0000000000
54726  -10.907  -33.372  50.887 0.0000000000
56046  -10.420  -33.432  50.898 0.0000000000
54749  -10.639  -33.675  49.532 0.0000000000
56090  -10.542  -33.612  50.008 0.0000000000
54725  -9.886  -33.617  50.649 0.0000000000
85728  -46.809  -7.770  25.303 0.0000000000
85731  -45.627  -7.931  24.025 0.0000000000
63041  -25.941  -28.144  39.742 0.0000000000
63040  -25.588  -28.070  39.507 0.0000000000
58798  -29.329  -32.010  42.349 0.0000000000
58820  -29.817  -31.376  42.121 0.0000000000
61662  -30.018  -29.564  41.516 0.0000000000
63005  -30.427  -28.705  42.787 0.0000000000
63018  -30.144  -28.677  41.863 0.0000000000
63017  -29.335  -28.764  41.443 0.0000000000
64223  -28.585  -28.418  41.826 0.0000000000
65360  -27.872  -28.170  41.862 0.0000000000
66430  -28.425  -26.707  45.038 0.0000000000
66429  -27.887  -26.398  44.746 0.0000000000
65328  -28.400  -27.070  44.178 0.0000000000
65340  -28.423  -27.422  43.096 0.0000000000
65359  -27.427  -27.715  41.692 0.0000000000
65358  -26.974  -26.983  41.946 0.0000000000
66468  -26.253  -26.474  41.662 0.0000000000
66467  -25.636  -25.938  41.441 0.0000000000
69683  -25.989  -22.397  43.729 0.0000000000
70898  -26.037  -21.954  43.365 0.0000000000
72090  -27.700  -20.842  46.017 0.0000000000
73283  -27.715  -20.356  45.958 0.0000000000
73282  -27.584  -20.187  45.290 0.0000000000
74427  -26.548  -18.676  46.742 0.0000000000
74432  -27.171  -19.291  45.469 0.0000000000
74436  -26.951  -19.342  44.639 0.0000000000
74435  -26.499  -18.711  44.945 0.0000000000
74439  -26.554  -18.553  44.276 0.0000000000
64200  -21.553  -27.427  43.462 0.0000000000
64213  -21.395  -27.544  42.536 0.0000000000
61627  -23.977  -29.015  43.097 0.0000000000
62983  -23.402  -28.370  43.111 0.0000000000
63004  -22.929  -28.371  42.563 0.0000000000
63003  -22.324  -28.053  42.121 0.0000000000
60072  -14.906  -28.650  51.148 0.0000000000
61556  -16.095  -27.307  49.262 0.0000000000
58709  -13.986  -31.270  47.321 0.0000000000
81687  -39.339  -11.724  28.077 0.0000000000
81688  -40.198  -11.734  27.872 0.0000000000
81696  -40.371  -12.187  27.221 0.0000000000
83740  -43.017  -10.549  30.702 0.0000000000
81708  -41.376  -12.504  25.443 0.0000000000
81710  -41.632  -12.598  24.430 0.0000000000
82798  -41.869  -11.827  25.084 0.0000000000
83776  -43.250  -10.398  24.291 0.0000000000
83772  -44.134  -9.859  25.919 0.0000000000
85714  -46.660  -8.345  26.409 0.0000000000
53270  -3.397  -35.117  58.569 0.0000000000
53257  -3.245  -34.914  59.396 0.0000000000
52100  -1.683  -36.536  57.308 0.0000000000
52088  -1.390  -36.201  58.088 0.0000000000
66485  -23.814  -25.846  39.028 0.0000000000
69803  -23.012  -22.578  38.018 0.0000000000
78212  -30.857  -15.576  32.768 0.0000000000
78172  -25.473  -15.477  36.042 0.0000000000
78173  -26.184  -15.483  35.598 0.0000000000
78174  -26.797  -15.604  35.349 0.0000000000
76864  -28.000  -15.505  36.066 0.0000000000
75665  -28.306  -16.295  35.074 0.0000000000
75667  -29.065  -16.695  34.943 0.0000000000
78122  -31.527  -15.359  38.713 0.0000000000
76822  -31.211  -15.665  38.033 0.0000000000
76843  -30.738  -15.837  37.526 0.0000000000
75628  -31.156  -16.646  36.956 0.0000000000
75627  -30.377  -16.426  36.827 0.0000000000
75646  -30.103  -16.718  36.190 0.0000000000
74504  -29.966  -16.740  35.486 0.0000000000
74520  -29.571  -16.709  34.818 0.0000000000
73420  -30.129  -16.766  34.094 0.0000000000
73421  -30.493  -16.596  33.998 0.0000000000
74538  -31.613  -16.616  34.942 0.0000000000
74537  -31.060  -16.417  34.426 0.0000000000
76913  -31.047  -15.867  33.476 0.0000000000
78197  -31.229  -15.577  33.326 0.0000000000
79478  -31.403  -15.289  33.244 0.0000000000
79479  -31.944  -14.856  33.541 0.0000000000
79468  -34.219  -14.127  34.823 0.0000000000
78184  -33.887  -15.265  35.246 0.0000000000
78185  -34.508  -14.461  35.377 0.0000000000
79469  -34.698  -13.987  35.169 0.0000000000
80589  -35.308  -13.650  35.308 0.0000000000
80577  -36.231  -13.570  36.180 0.0000000000
80578  -36.711  -13.334  36.493 0.0000000000
76849  -36.157  -16.018  37.746 0.0000000000
53259  -5.218  -33.876  59.086 0.0000000000
54559  -4.799  -34.205  58.579 0.0000000000
53271  -4.135  -34.788  58.281 0.0000000000
53359  -4.118  -35.263  53.818 0.0000000000
53239  -3.171  -34.622  60.163 0.0000000000
53224  -2.877  -34.465  60.713 0.0000000000
53209  -2.727  -34.386  61.194 0.0000000000
52031  -2.034  -34.133  62.617 0.0000000000
53253  -0.411  -35.541  59.878 0.0000000000
53235  -0.413  -35.304  60.422 0.0000000000
53221  -0.864  -34.887  60.965 0.0000000000
52038  -1.476  -34.365  62.187 0.0000000000
52030  -1.349  -34.223  62.597 0.0000000000
53193  -1.772  -33.937  63.205 0.0000000000
54513  -0.938  -33.488  64.241 0.0000000000
54537  0.055  -33.980  62.725 0.0000000000
54525  0.196  -33.831  62.783 0.0000000000
55881  -0.318  -33.191  63.773 0.0000000000
55880  -0.206  -32.950  63.412 0.0000000000
49699  2.799  -37.147  61.556 0.0000000000
49698  3.050  -37.153  61.574 0.0000000000
50804  2.609  -36.563  61.358 0.0000000000
52034  2.284  -35.710  61.262 0.0000000000
52026  2.013  -35.329  61.425 0.0000000000
53188  2.018  -34.949  61.479 0.0000000000
53179  0.496  -34.166  62.604 0.0000000000
53181  -2.618  -33.761  63.693 0.0000000000
53210  -4.599  -33.871  62.302 0.0000000000
53361  -8.463  -33.571  53.180 0.0000000000
54504  -0.613  -33.279  64.191 0.0000000000
54512  -0.469  -33.486  63.558 0.0000000000
54515  -2.998  -33.340  64.754 0.0000000000
54523  1.120  -34.120  62.390 0.0000000000
54586  -6.056  -33.948  56.821 0.0000000000
54598  -4.992  -34.477  56.567 0.0000000000
54750  -12.019  -33.093  49.239 0.0000000000
54770  -10.904  -33.812  48.715 0.0000000000
56045  -10.079  -33.438  50.985 0.0000000000
56066  -10.259  -33.554  50.516 0.0000000000
56067  -10.738  -33.503  50.418 0.0000000000
56069  -13.284  -31.819  49.994 0.0000000000
56091  -11.053  -33.533  49.661 0.0000000000
56128  -27.747  -30.578  45.948 0.0000000000
56146  -27.975  -30.978  45.265 0.0000000000
56167  -28.009  -31.285  44.954 0.0000000000
56168  -28.123  -31.014  45.043 0.0000000000
56188  -27.996  -31.834  44.489 0.0000000000
57351  -13.738  -31.517  50.123 0.0000000000
57368  -13.550  -31.710  49.691 0.0000000000
57369  -13.572  -31.721  49.462 0.0000000000
57377  -29.002  -29.992  48.106 0.0000000000
57378  -29.260  -29.716  48.307 0.0000000000
57396  -28.852  -30.072  47.635 0.0000000000
57398  -29.717  -29.699  48.030 0.0000000000
57413  -27.039  -30.391  46.369 0.0000000000
57414  -27.542  -30.347  46.520 0.0000000000
57417  -29.120  -30.151  47.394 0.0000000000
57418  -29.583  -29.833  47.821 0.0000000000
57436  -26.939  -30.720  45.534 0.0000000000
57459  -28.758  -30.750  44.969 0.0000000000
57461  -29.369  -30.303  46.483 0.0000000000
58667  -29.517  -29.156  49.034 0.0000000000
58684  -30.338  -29.365  48.782 0.0000000000
58695  -27.089  -29.707  47.197 0.0000000000
58696  -27.561  -29.711  47.378 0.0000000000
58698  -28.643  -29.936  47.746 0.0000000000
58699  -29.807  -29.575  48.298 0.0000000000
58718  -30.656  -29.498  47.919 0.0000000000
58752  -29.488  -30.433  45.855 0.0000000000
58753  -29.824  -30.295  46.254 0.0000000000
58769  -29.553  -30.497  45.364 0.0000000000
58783  -24.986  -30.750  42.959 0.0000000000
58799  -29.846  -31.844  43.065 0.0000000000
58821  -30.269  -31.154  42.741 0.0000000000
58838  -28.190  -31.363  39.961 0.0000000000
60090  -30.472  -29.210  49.132 0.0000000000
60102  -31.051  -29.353  48.325 0.0000000000
60119  -31.065  -29.334  47.911 0.0000000000
60168  -29.489  -30.501  44.490 0.0000000000
60184  -29.314  -30.628  43.911 0.0000000000
60185  -29.844  -30.223  43.802 0.0000000000
60212  -30.253  -30.514  42.140 0.0000000000
60225  -28.898  -29.947  40.785 0.0000000000
61523  -26.942  -28.166  49.420 0.0000000000
61543  -27.888  -28.571  48.861 0.0000000000
61561  -27.601  -28.466  48.861 0.0000000000
61562  -27.879  -28.508  49.103 0.0000000000
61579  -31.382  -28.952  47.813 0.0000000000
61612  -30.664  -29.413  44.556 0.0000000000
61629  -30.623  -29.301  43.980 0.0000000000
61675  -28.308  -29.409  41.010 0.0000000000
61686  -27.262  -29.778  39.993 0.0000000000
61687  -27.762  -29.218  40.997 0.0000000000
61688  -28.016  -29.179  41.244 0.0000000000
62860  -27.871  -28.148  49.697 0.0000000000
62878  -27.660  -28.365  49.254 0.0000000000
62896  -27.463  -28.371  49.046 0.0000000000
62897  -27.723  -28.461  49.078 0.0000000000
62914  -31.330  -28.655  47.452 0.0000000000
62960  -23.738  -28.487  43.572 0.0000000000
62981  -22.037  -27.715  43.524 0.0000000000
62984  -30.545  -28.808  43.649 0.0000000000
63058  -25.775  -28.612  39.433 0.0000000000
64142  -31.302  -27.841  47.527 0.0000000000
64201  -22.020  -27.682  43.274 0.0000000000
64214  -21.996  -27.649  42.890 0.0000000000
64224  -29.395  -28.302  41.860 0.0000000000
64247  -27.554  -28.556  41.200 0.0000000000
64259  -26.192  -28.243  39.859 0.0000000000
65297  -19.685  -26.632  44.726 0.0000000000
65298  -19.929  -26.591  44.698 0.0000000000
66413  -26.769  -25.325  45.046 0.0000000000
66442  -28.148  -26.708  44.426 0.0000000000
66452  -27.473  -26.413  43.453 0.0000000000
66475  -24.325  -25.857  39.595 0.0000000000
67465  -26.780  -23.916  47.001 0.0000000000
68543  -26.816  -23.481  46.648 0.0000000000
69684  -26.294  -22.073  44.118 0.0000000000
70876  -27.544  -21.489  46.238 0.0000000000
70913  -25.909  -21.631  42.823 0.0000000000
70954  -24.132  -21.318  40.598 0.0000000000
73278  -27.688  -19.846  46.034 0.0000000000
73309  -26.209  -19.042  41.646 0.0000000000
73323  -26.151  -19.500  41.598 0.0000000000
73362  -30.641  -16.991  35.750 0.0000000000
73364  -31.041  -17.000  35.514 0.0000000000
73377  -30.133  -16.737  35.304 0.0000000000
73378  -30.452  -16.836  35.515 0.0000000000
73379  -30.783  -16.793  35.335 0.0000000000
73380  -31.056  -16.839  35.302 0.0000000000
73393  -30.396  -16.664  35.070 0.0000000000
73407  -29.919  -16.743  34.629 0.0000000000
73408  -30.331  -16.669  34.503 0.0000000000
74419  -26.535  -18.744  47.719 0.0000000000
74459  -24.467  -18.693  39.710 0.0000000000
74487  -30.724  -17.088  35.919 0.0000000000
74488  -30.807  -17.163  35.935 0.0000000000
74489  -31.011  -17.133  35.763 0.0000000000
74503  -29.689  -16.641  35.515 0.0000000000
74506  -31.022  -17.194  36.049 0.0000000000
74519  -29.562  -16.628  35.290 0.0000000000
74521  -31.111  -16.648  35.022 0.0000000000
74569  -29.773  -16.563  33.097 0.0000000000
74582  -29.536  -16.851  32.603 0.0000000000
75591  -26.666  -17.874  42.062 0.0000000000
75595  -26.648  -17.307  41.980 0.0000000000
75612  -24.331  -17.031  38.591 0.0000000000
75631  -33.370  -16.902  37.005 0.0000000000
75666  -28.944  -16.610  34.902 0.0000000000
75669  -33.046  -16.619  35.631 0.0000000000
75684  -29.228  -16.785  34.517 0.0000000000
75685  -31.393  -16.207  34.345 0.0000000000
75696  -26.192  -17.151  33.002 0.0000000000
75698  -31.077  -16.207  33.947 0.0000000000
75707  -30.121  -16.304  32.583 0.0000000000
76800  -25.884  -16.513  40.814 0.0000000000
76811  -34.085  -15.764  38.777 0.0000000000
76844  -31.606  -16.322  37.568 0.0000000000
76884  -28.208  -16.372  34.707 0.0000000000
76885  -33.306  -16.280  35.459 0.0000000000
76902  -33.594  -15.828  35.317 0.0000000000
76915  -32.509  -15.921  34.527 0.0000000000
78060  -27.279  -15.508  41.631 0.0000000000
78118  -27.573  -14.748  37.753 0.0000000000
78125  -33.699  -15.679  38.768 0.0000000000
78211  -30.543  -15.769  32.441 0.0000000000
79390  -26.632  -14.392  39.848 0.0000000000
79392  -29.705  -13.888  40.215 0.0000000000
79427  -25.855  -14.820  37.475 0.0000000000
79429  -26.890  -14.511  37.700 0.0000000000
79458  -35.631  -13.974  35.971 0.0000000000
79481  -33.646  -14.090  34.295 0.0000000000
79490  -32.736  -13.942  33.240 0.0000000000
80539  -27.715  -13.950  41.191 0.0000000000
80540  -27.940  -13.818  41.254 0.0000000000
80556  -27.727  -13.744  40.311 0.0000000000
80619  -32.680  -13.822  32.969 0.0000000000
81646  -35.425  -12.977  34.656 0.0000000000
82769  -45.005  -10.704  29.638 0.0000000000
83708  -37.819  -10.672  33.158 0.0000000000
83709  -38.139  -10.402  33.263 0.0000000000
84740  -45.036  -9.511  26.395 0.0000000000
