#!ascii label  , from subject abby vox2ras=TkReg
1157
112764  -48.656  18.879  22.133 0.0000000000
125226  -43.103  34.033  16.157 0.0000000000
116803  -42.900  23.683  16.596 0.0000000000
116870  -50.104  22.788  9.848 0.0000000000
126487  -49.129  36.520  17.027 0.0000000000
121762  -49.975  29.868  15.975 0.0000000000
121058  -49.453  28.932  10.762 0.0000000000
116066  -44.194  21.682  8.148 0.0000000000
111167  -44.830  16.783  23.243 0.0000000000
114241  -49.142  20.826  24.801 0.0000000000
126533  -36.156  36.666  12.453 0.0000000000
127236  -41.532  37.419  11.648 0.0000000000
129850  -47.253  41.314  11.743 0.0000000000
116775  -50.114  23.688  19.046 0.0000000000
121750  -43.239  29.568  16.222 0.0000000000
117674  -49.169  24.339  13.687 0.0000000000
115172  -49.010  21.534  15.793 0.0000000000
114380  -42.945  20.791  12.024 0.0000000000
110459  -40.008  15.903  8.849 0.0000000000
112016  -46.771  17.624  19.752 0.0000000000
126515  -50.808  36.278  14.567 0.0000000000
124623  -51.442  33.677  14.076 0.0000000000
123258  -48.870  31.381  12.437 0.0000000000
120242  -46.609  27.423  11.060 0.0000000000
112747  -47.120  18.436  24.559 0.0000000000
114217  -44.993  20.176  25.511 0.0000000000
127196  -33.844  37.662  14.045 0.0000000000
128558  -45.189  39.344  12.274 0.0000000000
115915  -46.485  22.242  20.375 0.0000000000
116787  -46.394  23.193  17.410 0.0000000000
124597  -39.369  33.105  15.659 0.0000000000
123919  -43.138  32.852  17.779 0.0000000000
119392  -52.231  26.705  11.992 0.0000000000
120219  -48.650  27.464  13.076 0.0000000000
117690  -51.652  24.202  12.119 0.0000000000
116003  -52.085  22.224  14.430 0.0000000000
116014  -50.281  22.336  12.414 0.0000000000
115182  -45.627  21.582  14.164 0.0000000000
116026  -46.514  22.205  10.634 0.0000000000
114412  -41.463  19.425  7.348 0.0000000000
125864  -46.144  35.674  17.072 0.0000000000
123922  -46.380  33.239  17.408 0.0000000000
124579  -49.528  33.547  16.549 0.0000000000
121787  -51.767  29.689  13.147 0.0000000000
118562  -50.017  25.566  9.854 0.0000000000
115264  -47.176  21.022  7.012 0.0000000000
117716  -46.784  24.448  9.384 0.0000000000
117706  -43.542  24.526  10.516 0.0000000000
111149  -48.396  16.221  24.286 0.0000000000
112734  -50.670  18.364  25.529 0.0000000000
114263  -50.629  20.673  23.829 0.0000000000
125252  -33.587  34.642  14.833 0.0000000000
125255  -36.441  34.263  13.958 0.0000000000
125282  -39.842  34.924  14.020 0.0000000000
126508  -42.315  36.206  14.193 0.0000000000
127200  -45.507  38.115  14.692 0.0000000000
128544  -47.896  40.208  14.851 0.0000000000
127897  -49.163  39.182  14.494 0.0000000000
129208  -48.557  40.907  11.689 0.0000000000
114300  -45.818  20.765  22.842 0.0000000000
115896  -49.488  22.409  22.708 0.0000000000
115112  -50.643  22.240  20.792 0.0000000000
120176  -43.256  26.942  17.031 0.0000000000
121753  -46.733  29.398  16.469 0.0000000000
120198  -45.867  27.199  15.156 0.0000000000
117654  -46.310  24.462  15.015 0.0000000000
116824  -49.546  23.678  15.745 0.0000000000
115159  -51.228  22.177  17.450 0.0000000000
114325  -48.718  20.724  18.558 0.0000000000
114330  -46.041  20.304  16.865 0.0000000000
112809  -43.432  18.828  14.657 0.0000000000
112087  -43.669  17.471  11.313 0.0000000000
114415  -44.019  19.721  7.268 0.0000000000
112116  -42.128  16.999  8.077 0.0000000000
110431  -43.138  15.759  11.110 0.0000000000
112010  -49.878  17.772  22.972 0.0000000000
111188  -48.853  16.714  21.760 0.0000000000
112767  -47.658  18.504  20.812 0.0000000000
125887  -49.519  35.837  14.575 0.0000000000
125285  -50.483  34.273  13.367 0.0000000000
124633  -48.587  33.187  13.794 0.0000000000
123235  -48.063  31.406  12.987 0.0000000000
116785  -44.655  23.289  16.701 0.0000000000
124599  -42.149  33.553  16.129 0.0000000000
117710  -51.220  24.111  10.318 0.0000000000
118538  -51.658  25.390  11.734 0.0000000000
116047  -51.516  22.914  11.240 0.0000000000
116030  -51.076  22.415  11.751 0.0000000000
116029  -49.908  22.429  11.291 0.0000000000
116012  -47.693  22.530  11.885 0.0000000000
116044  -48.210  22.279  9.840 0.0000000000
126485  -47.412  36.405  17.176 0.0000000000
125218  -47.210  34.816  17.522 0.0000000000
125220  -49.073  34.744  16.874 0.0000000000
123260  -50.790  31.437  11.817 0.0000000000
123220  -51.307  31.676  13.842 0.0000000000
121817  -51.062  29.637  10.961 0.0000000000
120252  -51.415  27.717  10.565 0.0000000000
119413  -49.464  26.935  9.964 0.0000000000
118560  -48.071  25.456  9.462 0.0000000000
119411  -47.820  26.515  9.982 0.0000000000
119408  -45.005  26.039  10.643 0.0000000000
113486  -47.363  19.616  25.289 0.0000000000
112749  -49.200  18.009  25.045 0.0000000000
113488  -49.464  19.491  25.510 0.0000000000
113495  -51.474  18.830  24.823 0.0000000000
115056  -50.434  21.081  24.603 0.0000000000
126531  -34.590  37.090  13.016 0.0000000000
125891  -34.799  35.790  13.544 0.0000000000
125893  -36.471  35.635  13.167 0.0000000000
125280  -38.013  34.967  13.684 0.0000000000
125894  -37.520  35.810  13.167 0.0000000000
127235  -40.226  37.032  11.781 0.0000000000
126538  -40.543  36.655  13.067 0.0000000000
127210  -42.340  37.017  13.662 0.0000000000
127198  -43.387  37.094  14.240 0.0000000000
127211  -43.525  37.662  13.360 0.0000000000
129191  -46.229  40.341  11.871 0.0000000000
128551  -46.092  39.384  13.808 0.0000000000
129180  -47.235  40.663  13.168 0.0000000000
129174  -48.827  40.664  14.727 0.0000000000
129182  -48.609  40.941  13.617 0.0000000000
128554  -48.632  40.095  13.453 0.0000000000
129839  -48.414  41.361  12.100 0.0000000000
114310  -41.336  20.701  21.031 0.0000000000
114276  -40.484  20.420  22.802 0.0000000000
114296  -42.476  20.728  21.670 0.0000000000
114279  -43.529  20.516  23.146 0.0000000000
115089  -44.518  21.109  21.312 0.0000000000
115949  -48.020  22.921  19.412 0.0000000000
115916  -47.555  22.400  20.907 0.0000000000
116751  -50.130  23.358  20.961 0.0000000000
115908  -50.388  22.590  21.943 0.0000000000
116763  -51.146  23.299  20.378 0.0000000000
121748  -41.044  29.920  16.392 0.0000000000
120183  -41.028  27.917  16.549 0.0000000000
120988  -42.620  28.648  16.383 0.0000000000
123208  -47.675  31.574  16.686 0.0000000000
123207  -46.620  31.506  16.631 0.0000000000
121737  -48.330  29.590  16.401 0.0000000000
118535  -48.929  25.438  12.742 0.0000000000
120210  -47.362  27.788  14.131 0.0000000000
118524  -47.235  25.685  13.781 0.0000000000
118513  -45.635  25.805  14.636 0.0000000000
117663  -47.116  24.695  14.414 0.0000000000
116823  -48.224  23.766  15.612 0.0000000000
116834  -49.124  23.919  14.706 0.0000000000
115990  -50.982  21.598  14.584 0.0000000000
115188  -51.876  21.936  15.849 0.0000000000
115174  -51.065  21.721  16.269 0.0000000000
115143  -50.056  21.463  17.802 0.0000000000
115156  -48.723  21.247  16.882 0.0000000000
114332  -47.278  20.154  17.777 0.0000000000
115155  -47.835  21.236  16.285 0.0000000000
115194  -44.257  21.453  12.950 0.0000000000
114365  -44.248  20.685  14.386 0.0000000000
113566  -43.034  19.771  13.660 0.0000000000
112077  -43.252  17.997  12.708 0.0000000000
112086  -42.703  17.982  11.815 0.0000000000
116077  -45.883  21.428  7.166 0.0000000000
114430  -45.864  20.540  6.916 0.0000000000
114428  -44.201  20.011  6.838 0.0000000000
112114  -40.392  17.037  8.009 0.0000000000
112862  -41.790  18.046  6.902 0.0000000000
111311  -40.945  16.114  7.576 0.0000000000
111303  -42.510  16.184  9.198 0.0000000000
110452  -41.360  15.699  9.094 0.0000000000
110429  -41.349  16.196  11.819 0.0000000000
111185  -52.264  15.789  23.296 0.0000000000
112023  -45.852  17.637  18.604 0.0000000000
127179  -50.247  37.246  16.467 0.0000000000
125865  -50.572  35.404  16.029 0.0000000000
125889  -51.329  35.233  14.142 0.0000000000
124648  -50.957  33.147  12.558 0.0000000000
122539  -49.015  30.306  11.769 0.0000000000
120243  -47.492  27.763  10.938 0.0000000000
121804  -48.139  29.629  12.000 0.0000000000
112757  -46.135  17.882  23.846 0.0000000000
112745  -44.912  18.561  24.756 0.0000000000
114218  -46.015  20.190  25.349 0.0000000000
127912  -34.731  38.318  12.069 0.0000000000
127238  -43.343  38.284  11.565 0.0000000000
129219  -45.867  40.971  10.529 0.0000000000
129873  -46.478  41.383  10.292 0.0000000000
115107  -44.527  21.747  20.305 0.0000000000
115947  -46.511  22.861  18.487 0.0000000000
116773  -47.710  23.170  18.200 0.0000000000
123204  -43.226  31.553  16.811 0.0000000000
121029  -51.133  28.424  13.402 0.0000000000
121015  -49.088  28.950  14.645 0.0000000000
119377  -50.378  27.004  12.242 0.0000000000
119389  -50.120  26.065  12.167 0.0000000000
117689  -50.607  24.415  12.496 0.0000000000
116844  -51.559  23.188  13.757 0.0000000000
116016  -51.961  22.383  13.242 0.0000000000
116001  -50.490  22.039  13.441 0.0000000000
115988  -49.271  22.243  14.125 0.0000000000
115184  -47.890  22.002  14.691 0.0000000000
115999  -47.818  22.468  13.066 0.0000000000
115997  -45.903  22.206  12.230 0.0000000000
115215  -44.277  21.425  10.804 0.0000000000
114414  -42.538  20.349  6.996 0.0000000000
118487  -41.654  25.482  16.909 0.0000000000
125228  -44.392  34.673  16.664 0.0000000000
124554  -44.810  33.781  17.704 0.0000000000
125217  -46.308  34.725  17.594 0.0000000000
123941  -48.110  32.796  16.937 0.0000000000
122482  -49.829  31.043  16.247 0.0000000000
124601  -50.808  33.250  15.483 0.0000000000
123213  -50.659  31.733  15.479 0.0000000000
121775  -50.806  29.756  14.965 0.0000000000
121031  -52.137  27.791  12.320 0.0000000000
118564  -51.529  26.325  10.472 0.0000000000
116889  -49.502  23.625  8.870 0.0000000000
115255  -48.110  21.660  7.909 0.0000000000
116887  -48.062  23.326  8.316 0.0000000000
116885  -46.450  22.860  8.433 0.0000000000
116057  -45.145  22.598  8.558 0.0000000000
119410  -46.739  26.494  10.387 0.0000000000
117708  -45.328  24.414  9.961 0.0000000000
111985  -47.996  17.171  24.146 0.0000000000
111135  -50.082  16.548  25.196 0.0000000000
110245  -51.677  15.910  25.058 0.0000000000
111988  -51.927  17.422  24.549 0.0000000000
112761  -51.018  18.561  23.709 0.0000000000
113507  -49.491  19.591  22.765 0.0000000000
124592  -34.459  33.561  15.211 0.0000000000
125253  -34.405  34.766  14.143 0.0000000000
124612  -35.877  33.700  14.518 0.0000000000
124614  -37.900  33.616  14.685 0.0000000000
125258  -39.443  34.290  14.388 0.0000000000
125260  -41.354  34.486  14.623 0.0000000000
126535  -38.045  36.600  12.376 0.0000000000
126522  -39.227  36.129  13.099 0.0000000000
125898  -41.258  35.836  13.951 0.0000000000
125880  -42.916  35.199  14.700 0.0000000000
125882  -44.391  36.030  15.159 0.0000000000
127184  -45.990  36.877  16.079 0.0000000000
127185  -46.820  37.616  16.234 0.0000000000
127905  -44.795  38.641  13.138 0.0000000000
127885  -46.583  38.722  15.230 0.0000000000
127877  -48.286  38.776  16.262 0.0000000000
128527  -49.713  39.406  15.752 0.0000000000
127898  -49.990  38.834  14.900 0.0000000000
127896  -48.324  38.698  14.166 0.0000000000
127908  -47.816  39.055  13.414 0.0000000000
129864  -47.872  41.512  10.549 0.0000000000
114259  -45.542  20.708  24.170 0.0000000000
114260  -46.779  20.835  23.879 0.0000000000
115109  -46.415  21.675  21.193 0.0000000000
115076  -47.893  21.504  22.786 0.0000000000
115065  -49.280  21.882  23.510 0.0000000000
115898  -50.334  22.149  23.176 0.0000000000
114284  -49.960  20.892  22.455 0.0000000000
114301  -49.052  20.506  21.218 0.0000000000
118495  -42.622  25.398  16.551 0.0000000000
123920  -44.270  32.845  17.588 0.0000000000
123205  -44.355  31.710  16.865 0.0000000000
121752  -45.559  29.372  16.445 0.0000000000
121001  -47.924  28.929  15.263 0.0000000000
120991  -46.002  28.412  16.446 0.0000000000
120990  -44.833  28.343  16.523 0.0000000000
119345  -44.402  26.846  16.382 0.0000000000
118505  -44.425  25.554  15.489 0.0000000000
116819  -44.220  24.138  15.949 0.0000000000
116806  -46.139  23.571  16.336 0.0000000000
116808  -48.555  23.582  16.590 0.0000000000
116790  -49.930  23.612  17.945 0.0000000000
116836  -51.653  22.962  15.101 0.0000000000
116826  -51.735  23.108  16.230 0.0000000000
116792  -51.432  23.134  18.572 0.0000000000
115961  -50.955  22.245  18.712 0.0000000000
114322  -49.181  20.872  19.670 0.0000000000
113513  -48.037  19.762  20.317 0.0000000000
113517  -47.367  19.390  19.314 0.0000000000
113522  -46.273  19.076  18.419 0.0000000000
112780  -45.220  18.740  17.423 0.0000000000
114357  -46.095  20.729  16.009 0.0000000000
113539  -44.561  19.698  16.046 0.0000000000
112048  -44.251  18.096  15.637 0.0000000000
112059  -44.287  17.690  14.465 0.0000000000
112079  -45.580  17.075  11.462 0.0000000000
115240  -46.487  21.189  8.596 0.0000000000
115238  -44.846  20.850  9.056 0.0000000000
114396  -43.208  20.459  9.945 0.0000000000
113612  -43.100  19.211  6.297 0.0000000000
113593  -42.294  18.623  7.789 0.0000000000
113577  -41.713  18.878  10.262 0.0000000000
112097  -42.463  17.556  10.451 0.0000000000
111294  -44.028  16.105  9.949 0.0000000000
112009  -48.927  17.751  22.441 0.0000000000
112014  -48.152  17.807  21.623 0.0000000000
112768  -48.147  18.681  21.460 0.0000000000
125265  -48.823  34.893  14.456 0.0000000000
124622  -49.137  34.036  14.079 0.0000000000
115972  -43.303  23.050  16.893 0.0000000000
116804  -44.037  23.619  16.319 0.0000000000
124600  -42.737  33.820  16.149 0.0000000000
124576  -42.887  33.733  16.880 0.0000000000
116871  -50.892  23.260  10.284 0.0000000000
116872  -51.680  23.780  10.939 0.0000000000
116046  -50.576  22.606  10.696 0.0000000000
116045  -49.396  22.474  10.018 0.0000000000
126486  -48.255  36.548  17.236 0.0000000000
125855  -48.622  35.663  17.197 0.0000000000
125856  -49.420  35.691  16.896 0.0000000000
121816  -50.111  29.619  10.879 0.0000000000
122541  -50.777  30.630  11.417 0.0000000000
121825  -50.245  29.047  10.623 0.0000000000
121068  -50.189  28.470  10.410 0.0000000000
121067  -49.274  28.132  10.522 0.0000000000
119412  -48.746  26.785  10.038 0.0000000000
121066  -48.699  27.892  10.597 0.0000000000
111168  -45.852  16.444  23.280 0.0000000000
114220  -48.199  20.255  25.148 0.0000000000
113487  -48.426  19.575  25.417 0.0000000000
114221  -49.249  20.227  25.284 0.0000000000
114222  -50.191  20.111  25.342 0.0000000000
114242  -50.044  20.764  24.978 0.0000000000
126532  -35.221  36.642  12.876 0.0000000000
125905  -36.011  36.132  12.836 0.0000000000
125907  -37.279  36.289  12.760 0.0000000000
127222  -41.251  37.022  12.861 0.0000000000
127223  -42.427  37.485  12.573 0.0000000000
129206  -46.676  40.818  11.719 0.0000000000
128560  -46.626  40.305  12.959 0.0000000000
129193  -47.568  41.146  12.824 0.0000000000
129181  -47.943  41.181  13.420 0.0000000000
129838  -47.993  41.528  12.553 0.0000000000
129827  -48.440  41.292  12.818 0.0000000000
114309  -40.377  20.724  20.649 0.0000000000
114295  -41.362  20.524  21.883 0.0000000000
114297  -43.526  20.631  22.024 0.0000000000
116760  -49.376  23.436  19.877 0.0000000000
115933  -48.352  22.979  19.963 0.0000000000
116761  -50.272  23.615  19.999 0.0000000000
116762  -50.900  23.545  20.270 0.0000000000
116776  -50.973  23.583  19.318 0.0000000000
122474  -41.735  30.678  16.544 0.0000000000
121749  -42.143  29.713  16.211 0.0000000000
120989  -43.699  28.466  16.467 0.0000000000
121756  -49.502  30.146  16.327 0.0000000000
122480  -48.298  30.577  16.559 0.0000000000
121755  -48.882  29.767  16.373 0.0000000000
117687  -48.701  24.935  13.197 0.0000000000
118525  -48.095  25.617  13.254 0.0000000000
117673  -47.970  24.910  13.751 0.0000000000
117672  -47.323  25.109  13.985 0.0000000000
117664  -48.368  24.344  14.263 0.0000000000
117665  -48.999  24.142  14.189 0.0000000000
115186  -50.219  21.607  15.094 0.0000000000
115173  -50.126  21.536  15.988 0.0000000000
115157  -50.054  21.474  16.949 0.0000000000
115193  -43.570  21.219  12.338 0.0000000000
114373  -43.208  20.593  13.089 0.0000000000
114372  -42.573  20.166  12.386 0.0000000000
113565  -42.577  19.503  12.993 0.0000000000
113571  -42.225  19.443  11.972 0.0000000000
115251  -44.619  21.152  7.312 0.0000000000
115261  -44.536  20.580  6.959 0.0000000000
115250  -43.951  21.039  7.478 0.0000000000
111310  -40.212  16.339  8.448 0.0000000000
112115  -40.925  16.992  7.219 0.0000000000
110460  -40.744  15.793  8.465 0.0000000000
110461  -41.600  15.833  8.277 0.0000000000
110451  -40.379  15.744  9.180 0.0000000000
110441  -40.918  15.838  9.788 0.0000000000
110440  -39.908  15.769  9.785 0.0000000000
111184  -52.057  16.361  22.990 0.0000000000
111196  -46.744  16.588  19.189 0.0000000000
112019  -46.517  17.380  19.384 0.0000000000
127193  -50.511  37.454  15.271 0.0000000000
126502  -50.791  36.599  15.383 0.0000000000
126529  -51.141  35.695  14.150 0.0000000000
123964  -49.866  32.884  12.773 0.0000000000
124635  -50.760  33.861  12.971 0.0000000000
123974  -50.209  32.340  12.398 0.0000000000
123259  -49.809  31.401  11.928 0.0000000000
122532  -49.179  30.854  11.917 0.0000000000
121805  -48.679  29.990  11.881 0.0000000000
122531  -48.563  30.487  12.202 0.0000000000
121803  -47.122  29.545  12.430 0.0000000000
112744  -43.825  18.587  24.803 0.0000000000
113485  -46.300  19.649  25.415 0.0000000000
127903  -34.369  38.336  12.825 0.0000000000
128582  -45.375  40.432  10.785 0.0000000000
129232  -45.665  41.198  9.819 0.0000000000
129231  -44.851  40.838  9.383 0.0000000000
115959  -45.260  22.873  17.784 0.0000000000
115946  -45.351  22.739  18.600 0.0000000000
115960  -45.888  22.925  18.076 0.0000000000
116772  -47.074  23.110  17.851 0.0000000000
123197  -42.668  32.172  17.528 0.0000000000
120222  -51.625  27.751  12.569 0.0000000000
120221  -50.728  27.787  12.759 0.0000000000
119378  -51.358  27.038  12.245 0.0000000000
118537  -50.854  25.202  12.076 0.0000000000
118536  -49.867  25.254  12.403 0.0000000000
117676  -51.305  23.626  12.729 0.0000000000
116852  -51.970  23.169  12.616 0.0000000000
116015  -51.455  22.044  12.770 0.0000000000
116000  -49.216  22.421  13.184 0.0000000000
115987  -48.312  22.340  13.834 0.0000000000
116027  -47.486  22.388  10.793 0.0000000000
116011  -46.656  22.340  11.623 0.0000000000
116010  -45.787  22.121  11.406 0.0000000000
115207  -45.115  21.824  12.163 0.0000000000
115216  -45.051  21.703  11.147 0.0000000000
125862  -44.846  35.152  16.624 0.0000000000
125216  -45.372  34.656  17.484 0.0000000000
125852  -45.979  35.278  17.367 0.0000000000
124558  -48.377  33.885  17.062 0.0000000000
124557  -47.622  34.057  17.424 0.0000000000
124578  -48.814  33.358  16.764 0.0000000000
123942  -49.072  32.599  16.587 0.0000000000
125244  -51.274  34.503  15.126 0.0000000000
125232  -50.748  34.536  15.823 0.0000000000
124602  -51.248  33.602  14.826 0.0000000000
122513  -51.467  30.696  13.475 0.0000000000
123214  -51.101  31.752  14.761 0.0000000000
122499  -51.239  30.715  14.592 0.0000000000
122498  -50.806  30.461  15.279 0.0000000000
121776  -51.623  29.801  14.090 0.0000000000
121030  -51.923  28.500  12.840 0.0000000000
121046  -51.924  28.580  11.929 0.0000000000
119422  -50.194  26.625  9.908 0.0000000000
119424  -51.481  26.861  10.470 0.0000000000
118563  -50.876  25.982  10.090 0.0000000000
117720  -50.903  24.899  9.950 0.0000000000
117719  -49.739  24.371  9.325 0.0000000000
117718  -48.749  24.646  9.006 0.0000000000
118559  -47.268  25.137  9.500 0.0000000000
116880  -47.282  23.758  8.771 0.0000000000
116879  -46.553  23.583  8.934 0.0000000000
121056  -47.083  28.259  11.476 0.0000000000
120247  -47.343  27.156  10.531 0.0000000000
118551  -44.740  25.297  10.399 0.0000000000
112758  -46.742  17.930  23.920 0.0000000000
112759  -47.464  17.800  24.167 0.0000000000
112750  -49.951  17.944  25.339 0.0000000000
111987  -49.677  17.208  24.985 0.0000000000
111964  -50.398  17.343  25.388 0.0000000000
111136  -50.759  16.495  25.408 0.0000000000
111965  -51.158  17.415  25.506 0.0000000000
111966  -51.725  17.387  25.162 0.0000000000
113494  -51.078  19.635  24.547 0.0000000000
113502  -51.353  18.870  24.226 0.0000000000
113501  -50.807  19.492  23.884 0.0000000000
112760  -50.165  18.881  23.344 0.0000000000
113500  -50.170  20.094  23.361 0.0000000000
125868  -32.714  35.168  15.878 0.0000000000
125237  -32.557  34.570  16.123 0.0000000000
125238  -33.039  34.587  15.507 0.0000000000
124591  -33.584  33.873  15.372 0.0000000000
124610  -34.106  34.026  14.697 0.0000000000
127189  -34.151  37.602  15.130 0.0000000000
126506  -33.905  36.576  14.503 0.0000000000
125278  -35.984  34.963  13.488 0.0000000000
125276  -34.610  35.324  13.768 0.0000000000
125254  -35.432  34.379  13.960 0.0000000000
124613  -36.887  33.662  14.594 0.0000000000
125256  -37.456  34.256  14.068 0.0000000000
125281  -39.008  34.901  13.810 0.0000000000
125259  -40.491  34.388  14.483 0.0000000000
125878  -41.041  34.943  14.309 0.0000000000
126536  -38.881  36.471  12.476 0.0000000000
126525  -41.819  36.462  13.744 0.0000000000
126524  -41.103  36.351  13.586 0.0000000000
126507  -41.635  36.056  13.945 0.0000000000
125879  -41.656  35.373  14.299 0.0000000000
125881  -43.917  35.728  14.936 0.0000000000
126509  -43.222  36.321  14.529 0.0000000000
127199  -44.697  37.709  14.327 0.0000000000
127190  -44.931  36.977  15.075 0.0000000000
127191  -45.785  37.697  15.345 0.0000000000
127913  -43.949  38.521  11.949 0.0000000000
127904  -44.105  38.340  12.803 0.0000000000
127914  -44.796  38.978  12.376 0.0000000000
128543  -47.059  39.681  14.529 0.0000000000
128542  -46.227  39.172  14.332 0.0000000000
128533  -47.220  39.295  15.209 0.0000000000
127886  -47.290  38.948  15.522 0.0000000000
128525  -48.232  39.142  15.984 0.0000000000
128517  -49.567  38.977  16.232 0.0000000000
128545  -49.287  40.174  14.531 0.0000000000
128546  -49.655  39.515  14.759 0.0000000000
127204  -49.642  37.975  14.828 0.0000000000
127203  -48.578  37.936  14.695 0.0000000000
127909  -48.550  39.365  13.916 0.0000000000
128562  -48.429  40.456  12.380 0.0000000000
128553  -48.255  39.698  13.207 0.0000000000
128561  -48.117  39.767  12.778 0.0000000000
127917  -47.472  39.100  12.361 0.0000000000
128570  -47.909  39.863  11.818 0.0000000000
114256  -42.598  20.509  24.095 0.0000000000
114280  -44.459  20.600  23.315 0.0000000000
114281  -45.307  20.689  23.409 0.0000000000
114282  -46.161  20.838  23.235 0.0000000000
115914  -45.599  22.221  20.013 0.0000000000
115108  -45.508  21.652  20.767 0.0000000000
115906  -48.888  22.502  21.947 0.0000000000
115092  -47.722  21.773  21.936 0.0000000000
115093  -48.314  21.911  22.348 0.0000000000
115077  -48.668  21.928  22.819 0.0000000000
115889  -49.770  22.331  23.143 0.0000000000
115066  -49.982  21.872  23.988 0.0000000000
115897  -50.075  22.513  22.764 0.0000000000
115095  -50.506  22.185  21.683 0.0000000000
115094  -50.269  21.667  21.531 0.0000000000
114283  -49.447  20.657  21.762 0.0000000000
114302  -49.661  21.149  21.382 0.0000000000
120184  -42.038  27.849  16.689 0.0000000000
119336  -41.979  26.370  16.983 0.0000000000
123921  -45.362  33.124  17.504 0.0000000000
122478  -46.146  30.461  16.410 0.0000000000
123206  -45.522  31.546  16.574 0.0000000000
122477  -44.986  30.552  16.246 0.0000000000
121027  -48.883  28.191  13.604 0.0000000000
121014  -47.879  28.272  14.230 0.0000000000
120209  -46.790  27.398  14.356 0.0000000000
120189  -46.748  28.131  15.704 0.0000000000
120188  -46.267  27.875  15.955 0.0000000000
120187  -45.150  27.402  16.150 0.0000000000
120197  -45.219  26.880  15.533 0.0000000000
117662  -46.009  25.110  14.676 0.0000000000
118506  -45.011  25.748  15.033 0.0000000000
117653  -45.162  24.812  15.133 0.0000000000
117652  -44.151  24.728  15.765 0.0000000000
116820  -44.733  24.105  15.790 0.0000000000
116821  -45.737  24.062  15.644 0.0000000000
116807  -47.320  23.528  16.431 0.0000000000
116789  -48.737  23.507  17.634 0.0000000000
116809  -49.805  23.615  16.817 0.0000000000
116835  -50.559  23.533  14.865 0.0000000000
115175  -51.493  22.117  16.751 0.0000000000
115981  -51.773  22.557  16.472 0.0000000000
116811  -51.497  23.079  17.330 0.0000000000
115973  -51.465  22.621  17.512 0.0000000000
115962  -51.279  22.572  18.472 0.0000000000
115145  -51.235  22.358  17.855 0.0000000000
115136  -49.435  21.186  18.193 0.0000000000
115137  -49.730  21.300  18.771 0.0000000000
114326  -48.995  20.780  19.118 0.0000000000
114312  -48.673  20.368  20.413 0.0000000000
114321  -48.322  20.246  19.525 0.0000000000
113518  -47.796  19.682  19.842 0.0000000000
114320  -48.047  20.123  18.957 0.0000000000
114331  -46.539  20.272  17.227 0.0000000000
113528  -46.736  19.597  18.119 0.0000000000
113527  -46.361  19.638  17.771 0.0000000000
113521  -45.745  19.128  17.837 0.0000000000
113526  -45.641  19.639  17.182 0.0000000000
115183  -46.630  21.669  14.492 0.0000000000
115170  -46.688  21.256  15.497 0.0000000000
115169  -45.611  21.190  15.025 0.0000000000
114354  -43.824  20.143  14.709 0.0000000000
114355  -44.545  20.418  15.319 0.0000000000
113538  -44.029  19.344  15.708 0.0000000000
112788  -44.453  18.830  16.436 0.0000000000
112047  -43.953  18.383  15.405 0.0000000000
112058  -43.803  18.273  14.999 0.0000000000
112078  -44.622  17.512  11.968 0.0000000000
112088  -44.996  16.849  10.938 0.0000000000
112089  -45.558  16.803  11.076 0.0000000000
112099  -44.654  16.586  10.595 0.0000000000
115265  -47.772  21.459  7.521 0.0000000000
115242  -47.931  21.518  8.227 0.0000000000
115253  -46.899  20.748  7.523 0.0000000000
114416  -44.629  19.974  7.426 0.0000000000
114406  -45.155  20.583  8.413 0.0000000000
114405  -44.687  20.401  8.322 0.0000000000
115225  -43.806  20.681  9.614 0.0000000000
114404  -43.693  20.125  8.520 0.0000000000
114413  -41.775  20.104  7.276 0.0000000000
114425  -42.017  19.400  6.580 0.0000000000
112125  -42.069  17.573  7.083 0.0000000000
113601  -42.606  18.430  7.085 0.0000000000
113586  -41.802  18.849  9.102 0.0000000000
112848  -41.941  18.023  8.556 0.0000000000
112840  -41.808  18.148  10.017 0.0000000000
112107  -42.115  17.451  9.390 0.0000000000
110453  -42.332  15.915  9.211 0.0000000000
110454  -43.147  16.032  9.613 0.0000000000
110443  -43.478  15.824  10.121 0.0000000000
111182  -50.358  16.917  22.598 0.0000000000
111181  -49.539  17.064  22.398 0.0000000000
111194  -48.622  16.097  20.677 0.0000000000
125888  -50.460  35.746  14.248 0.0000000000
125902  -50.951  35.583  13.907 0.0000000000
125266  -50.048  34.800  13.914 0.0000000000
124634  -49.830  33.581  13.282 0.0000000000
123963  -49.065  32.268  12.973 0.0000000000
123236  -48.655  31.687  12.791 0.0000000000
115958  -44.146  22.792  17.312 0.0000000000
116786  -45.287  23.233  16.966 0.0000000000
124598  -40.749  33.178  16.025 0.0000000000
124575  -41.805  33.280  17.177 0.0000000000
118546  -51.977  25.435  11.327 0.0000000000
118539  -51.990  26.041  11.710 0.0000000000
117700  -51.829  24.480  11.461 0.0000000000
116861  -51.936  23.462  11.777 0.0000000000
116031  -51.918  22.612  12.203 0.0000000000
116013  -48.954  22.536  12.136 0.0000000000
116028  -48.637  22.493  10.978 0.0000000000
116043  -47.228  22.136  9.773 0.0000000000
125853  -46.746  35.645  17.304 0.0000000000
125854  -47.718  35.659  17.394 0.0000000000
125219  -48.104  34.801  17.290 0.0000000000
125230  -49.417  34.206  16.685 0.0000000000
123976  -51.250  32.241  12.641 0.0000000000
123965  -51.367  32.514  13.192 0.0000000000
123261  -51.201  31.723  12.311 0.0000000000
122534  -51.368  30.728  12.218 0.0000000000
121818  -51.537  29.166  11.459 0.0000000000
121060  -51.705  28.504  11.285 0.0000000000
121069  -51.041  28.346  10.458 0.0000000000
120258  -50.563  27.160  10.024 0.0000000000
119421  -49.354  26.233  9.847 0.0000000000
118561  -49.092  25.412  9.497 0.0000000000
119420  -48.608  26.100  9.729 0.0000000000
118554  -47.239  25.855  9.784 0.0000000000
119402  -45.999  26.835  10.890 0.0000000000
111148  -47.679  16.423  23.884 0.0000000000
112731  -47.711  18.896  25.195 0.0000000000
112748  -48.166  18.081  24.687 0.0000000000
112732  -48.751  18.771  25.372 0.0000000000
112733  -49.747  18.680  25.481 0.0000000000
113489  -50.386  19.355  25.469 0.0000000000
113491  -51.468  18.649  25.137 0.0000000000
114223  -50.725  19.872  25.294 0.0000000000
114243  -50.759  20.473  24.829 0.0000000000
125869  -33.213  35.440  15.339 0.0000000000
126518  -34.391  36.634  13.500 0.0000000000
126519  -34.981  36.210  13.300 0.0000000000
125892  -35.519  35.783  13.272 0.0000000000
125279  -36.990  34.943  13.520 0.0000000000
125895  -38.614  35.610  13.385 0.0000000000
126537  -39.828  36.582  12.652 0.0000000000
127221  -40.477  36.795  12.604 0.0000000000
127209  -41.631  36.727  13.460 0.0000000000
127197  -42.771  36.727  14.224 0.0000000000
128568  -45.013  39.435  11.797 0.0000000000
128559  -45.784  39.668  12.624 0.0000000000
128552  -46.691  40.056  13.507 0.0000000000
129173  -48.097  40.648  14.318 0.0000000000
129166  -48.687  40.427  15.169 0.0000000000
129194  -48.690  40.993  12.681 0.0000000000
114319  -39.815  20.810  20.270 0.0000000000
114293  -39.409  20.520  21.689 0.0000000000
114294  -40.411  20.512  21.780 0.0000000000
114278  -42.537  20.469  22.955 0.0000000000
114298  -44.483  20.645  22.295 0.0000000000
115932  -47.408  22.654  19.852 0.0000000000
115917  -48.979  23.036  20.889 0.0000000000
115918  -49.536  23.031  21.448 0.0000000000
115907  -49.987  23.016  21.934 0.0000000000
116742  -50.372  23.193  21.381 0.0000000000
116753  -51.092  23.142  20.699 0.0000000000
115934  -51.137  22.626  20.084 0.0000000000
120987  -41.560  28.792  16.326 0.0000000000
120185  -43.029  27.686  16.785 0.0000000000
123940  -47.019  32.499  16.970 0.0000000000
123939  -45.982  32.409  17.012 0.0000000000
122479  -47.266  30.470  16.559 0.0000000000
121754  -47.958  29.528  16.444 0.0000000000
119375  -48.417  26.465  12.868 0.0000000000
121026  -48.260  27.840  13.630 0.0000000000
120218  -47.711  27.371  13.640 0.0000000000
120217  -47.194  26.975  13.781 0.0000000000
120208  -46.229  26.927  14.556 0.0000000000
119364  -45.929  26.473  14.565 0.0000000000
118514  -46.484  25.688  14.237 0.0000000000
117655  -46.889  24.304  14.913 0.0000000000
116822  -46.955  23.956  15.434 0.0000000000
116833  -47.826  24.111  14.865 0.0000000000
115198  -52.024  21.725  14.588 0.0000000000
115199  -52.152  21.866  15.062 0.0000000000
115187  -51.385  21.630  15.119 0.0000000000
115158  -50.854  21.801  17.194 0.0000000000
115142  -49.206  21.185  17.696 0.0000000000
114324  -47.798  20.097  18.469 0.0000000000
114333  -48.254  20.739  17.805 0.0000000000
114345  -47.476  20.781  17.020 0.0000000000
114344  -46.662  20.784  16.423 0.0000000000
115181  -44.702  21.339  13.879 0.0000000000
115168  -44.881  21.134  14.624 0.0000000000
114364  -43.562  20.298  14.022 0.0000000000
113559  -43.364  19.571  14.336 0.0000000000
112068  -43.589  18.132  13.984 0.0000000000
112817  -42.928  18.831  13.515 0.0000000000
112076  -42.783  18.164  12.415 0.0000000000
116078  -46.659  21.554  7.146 0.0000000000
114431  -46.545  20.605  6.922 0.0000000000
115262  -45.335  20.887  6.832 0.0000000000
114429  -45.020  20.383  7.006 0.0000000000
113599  -40.829  18.359  7.632 0.0000000000
113610  -41.858  18.808  6.580 0.0000000000
112854  -41.218  17.840  7.369 0.0000000000
111319  -41.427  16.652  7.324 0.0000000000
111312  -41.825  16.287  7.768 0.0000000000
111313  -42.214  16.348  8.510 0.0000000000
110462  -42.157  16.012  8.466 0.0000000000
110442  -42.033  15.801  10.176 0.0000000000
110430  -41.989  15.895  11.339 0.0000000000
111292  -41.337  15.981  10.383 0.0000000000
111280  -41.108  16.266  11.035 0.0000000000
110276  -52.039  15.157  23.673 0.0000000000
127178  -49.650  37.282  16.752 0.0000000000
126488  -49.899  36.470  16.733 0.0000000000
126495  -50.527  36.409  16.152 0.0000000000
125866  -51.104  35.283  15.396 0.0000000000
125268  -51.424  34.432  14.223 0.0000000000
125286  -50.940  34.769  13.497 0.0000000000
125287  -51.264  34.753  13.760 0.0000000000
124636  -51.312  33.717  13.331 0.0000000000
123975  -51.032  32.351  12.302 0.0000000000
122540  -49.735  30.533  11.501 0.0000000000
121815  -48.964  29.601  11.419 0.0000000000
121057  -48.298  28.531  11.112 0.0000000000
121814  -48.355  29.207  11.541 0.0000000000
121045  -48.068  29.079  11.621 0.0000000000
122530  -47.698  30.432  12.615 0.0000000000
112002  -45.451  17.670  23.774 0.0000000000
111984  -45.284  18.225  24.297 0.0000000000
112746  -45.969  18.410  24.440 0.0000000000
112728  -44.552  19.102  25.453 0.0000000000
112729  -45.591  19.041  25.312 0.0000000000
112730  -46.646  19.018  25.120 0.0000000000
114219  -47.091  20.160  25.076 0.0000000000
127195  -33.860  38.147  13.803 0.0000000000
127208  -34.214  37.647  13.269 0.0000000000
127217  -34.730  37.525  12.524 0.0000000000
127218  -35.537  37.251  12.218 0.0000000000
127237  -42.608  37.888  11.466 0.0000000000
128569  -45.504  40.021  11.469 0.0000000000
129205  -46.157  40.680  11.226 0.0000000000
129849  -46.706  41.042  11.404 0.0000000000
129862  -46.623  41.223  11.003 0.0000000000
115930  -45.576  22.564  19.317 0.0000000000
115931  -46.513  22.573  19.506 0.0000000000
115948  -47.498  22.881  19.036 0.0000000000
116774  -48.727  23.344  18.888 0.0000000000
123203  -42.211  31.458  16.957 0.0000000000
122475  -42.720  30.651  16.342 0.0000000000
121016  -50.452  28.983  14.367 0.0000000000
121774  -49.842  29.343  15.285 0.0000000000
121028  -50.005  28.395  13.587 0.0000000000
120220  -49.642  27.696  12.858 0.0000000000
119390  -51.091  26.179  11.986 0.0000000000
119376  -49.366  26.826  12.484 0.0000000000
119388  -49.306  25.996  12.473 0.0000000000
117688  -49.568  24.658  12.879 0.0000000000
116843  -50.066  23.837  14.041 0.0000000000
117675  -50.383  23.934  13.200 0.0000000000
116002  -51.602  21.698  13.978 0.0000000000
115989  -50.368  21.769  14.328 0.0000000000
115185  -49.138  21.865  14.960 0.0000000000
115171  -47.958  21.570  15.547 0.0000000000
115197  -47.421  22.141  13.965 0.0000000000
115196  -46.582  22.080  13.619 0.0000000000
115998  -46.667  22.327  12.629 0.0000000000
115195  -45.504  21.924  13.142 0.0000000000
115206  -44.269  21.533  11.858 0.0000000000
115205  -43.535  21.229  11.458 0.0000000000
115249  -43.016  20.913  7.646 0.0000000000
115248  -41.997  20.805  7.827 0.0000000000
113592  -40.859  19.372  7.729 0.0000000000
113591  -40.455  18.940  8.093 0.0000000000
112847  -40.107  18.034  8.537 0.0000000000
112106  -39.680  17.115  8.872 0.0000000000
111302  -39.490  16.279  9.046 0.0000000000
125243  -44.082  34.623  15.933 0.0000000000
125214  -43.898  34.230  17.152 0.0000000000
125215  -44.485  34.328  17.371 0.0000000000
124555  -45.825  33.933  17.701 0.0000000000
124556  -46.784  34.014  17.640 0.0000000000
123923  -47.307  33.355  17.317 0.0000000000
123209  -48.648  31.641  16.596 0.0000000000
122487  -49.810  30.463  16.236 0.0000000000
125221  -49.664  35.152  16.758 0.0000000000
125231  -50.008  34.581  16.543 0.0000000000
124580  -50.403  33.557  16.089 0.0000000000
123953  -50.973  32.614  15.104 0.0000000000
123952  -50.479  32.572  15.774 0.0000000000
123943  -49.882  32.601  16.292 0.0000000000
123211  -50.163  31.715  16.078 0.0000000000
122488  -50.356  30.780  15.805 0.0000000000
121017  -51.417  29.085  13.952 0.0000000000
120223  -52.082  27.495  12.317 0.0000000000
121061  -51.989  28.080  11.514 0.0000000000
119403  -52.161  26.868  11.459 0.0000000000
118555  -51.941  25.785  10.830 0.0000000000
117721  -51.451  25.557  10.389 0.0000000000
116882  -50.535  23.967  9.881 0.0000000000
116881  -49.996  23.300  9.360 0.0000000000
116061  -49.401  22.581  9.054 0.0000000000
116072  -49.393  22.963  8.643 0.0000000000
116071  -48.511  22.318  8.160 0.0000000000
116070  -47.762  22.401  7.815 0.0000000000
116069  -46.930  22.326  7.706 0.0000000000
116068  -45.951  22.313  7.867 0.0000000000
116067  -45.085  21.747  7.800 0.0000000000
116056  -44.422  22.476  8.699 0.0000000000
120248  -48.190  27.458  10.472 0.0000000000
118553  -46.475  25.462  9.958 0.0000000000
119409  -45.828  26.150  10.541 0.0000000000
118552  -45.555  25.353  10.246 0.0000000000
117709  -46.032  24.746  9.843 0.0000000000
112003  -46.400  17.260  23.565 0.0000000000
112004  -47.241  17.175  23.733 0.0000000000
111986  -48.846  17.165  24.549 0.0000000000
111150  -49.373  16.115  24.761 0.0000000000
110244  -51.099  15.557  25.255 0.0000000000
110258  -51.688  15.289  24.548 0.0000000000
111172  -52.299  15.881  24.047 0.0000000000
111171  -52.162  16.664  23.850 0.0000000000
111170  -51.783  17.023  23.439 0.0000000000
112751  -51.679  18.209  24.437 0.0000000000
112762  -51.495  18.215  23.943 0.0000000000
112006  -51.265  17.663  23.518 0.0000000000
112005  -50.592  18.054  23.384 0.0000000000
112765  -49.362  18.569  22.802 0.0000000000
125876  -33.755  35.524  14.575 0.0000000000
125877  -34.254  35.742  13.949 0.0000000000
124611  -34.898  33.854  14.532 0.0000000000
124593  -35.333  33.336  15.260 0.0000000000
124594  -36.308  33.193  15.232 0.0000000000
124595  -37.304  33.179  15.351 0.0000000000
124596  -38.311  33.183  15.505 0.0000000000
124615  -38.919  33.585  14.815 0.0000000000
125257  -38.459  34.268  14.229 0.0000000000
124616  -39.941  33.617  14.990 0.0000000000
124617  -40.567  33.677  15.055 0.0000000000
125240  -41.697  33.935  15.302 0.0000000000
125241  -42.682  34.248  15.499 0.0000000000
126534  -37.130  36.781  12.336 0.0000000000
126520  -37.665  36.331  12.717 0.0000000000
126521  -38.325  36.179  12.906 0.0000000000
125896  -39.592  35.534  13.571 0.0000000000
126523  -40.144  36.177  13.372 0.0000000000
125897  -40.644  35.464  13.944 0.0000000000
125261  -42.087  34.611  14.802 0.0000000000
125870  -43.229  34.654  15.249 0.0000000000
125871  -43.785  34.931  15.287 0.0000000000
125872  -44.682  35.486  15.798 0.0000000000
125873  -45.354  35.878  16.095 0.0000000000
126510  -44.184  36.608  14.760 0.0000000000
126501  -45.341  36.472  15.678 0.0000000000
126493  -45.718  36.205  16.272 0.0000000000
126494  -46.377  36.302  16.694 0.0000000000
127175  -47.061  36.811  16.825 0.0000000000
127176  -47.809  37.452  16.800 0.0000000000
127224  -43.333  37.990  12.296 0.0000000000
127212  -44.405  38.153  13.491 0.0000000000
127893  -44.980  38.405  13.730 0.0000000000
127906  -45.387  38.965  13.429 0.0000000000
127894  -45.615  38.645  14.247 0.0000000000
127884  -45.922  38.439  14.860 0.0000000000
127875  -46.955  38.411  15.747 0.0000000000
127186  -47.546  38.003  16.417 0.0000000000
127177  -48.855  37.412  16.874 0.0000000000
127867  -49.589  38.206  16.518 0.0000000000
127878  -50.145  38.770  16.111 0.0000000000
127899  -50.315  38.293  15.229 0.0000000000
128536  -49.763  39.596  15.109 0.0000000000
127887  -50.150  38.935  15.465 0.0000000000
127205  -50.254  37.663  14.914 0.0000000000
126514  -50.090  36.796  14.643 0.0000000000
126513  -49.016  36.904  15.074 0.0000000000
129851  -47.937  41.605  11.516 0.0000000000
129852  -48.316  41.313  11.109 0.0000000000
114236  -43.724  20.437  25.038 0.0000000000
114257  -43.587  20.491  24.189 0.0000000000
114258  -44.552  20.558  24.231 0.0000000000
114237  -44.749  20.456  25.000 0.0000000000
114238  -45.798  20.530  24.889 0.0000000000
114239  -46.833  20.499  24.671 0.0000000000
114240  -48.079  20.772  24.449 0.0000000000
115090  -45.463  21.066  21.661 0.0000000000
115091  -46.407  21.122  22.181 0.0000000000
115110  -47.027  21.734  21.525 0.0000000000
115063  -47.441  21.188  23.289 0.0000000000
115064  -48.032  21.277  23.613 0.0000000000
115054  -49.211  21.414  24.252 0.0000000000
115055  -49.977  21.345  24.511 0.0000000000
115067  -50.532  21.543  24.028 0.0000000000
115079  -50.404  21.681  22.858 0.0000000000
114262  -50.315  20.741  23.244 0.0000000000
113506  -49.105  20.036  21.956 0.0000000000
119335  -41.067  26.354  17.155 0.0000000000
117642  -43.365  24.562  16.206 0.0000000000
124553  -43.670  33.656  17.541 0.0000000000
123199  -44.177  32.291  17.356 0.0000000000
123937  -44.448  32.306  17.300 0.0000000000
123198  -43.644  32.259  17.423 0.0000000000
122476  -43.826  30.594  16.366 0.0000000000
121751  -44.380  29.453  16.278 0.0000000000
121002  -48.708  29.215  15.621 0.0000000000
120993  -48.188  29.061  16.117 0.0000000000
120992  -47.190  28.565  16.147 0.0000000000
121000  -47.086  28.281  15.028 0.0000000000
120186  -44.004  27.318  16.742 0.0000000000
120177  -43.583  26.806  16.829 0.0000000000
119356  -45.314  26.463  15.049 0.0000000000
119355  -44.602  26.449  15.694 0.0000000000
119344  -43.698  26.340  16.398 0.0000000000
118496  -43.354  25.477  16.232 0.0000000000
117651  -43.646  25.073  15.976 0.0000000000
117643  -43.939  24.225  16.018 0.0000000000
116805  -45.105  23.615  16.267 0.0000000000
116788  -47.640  23.329  17.343 0.0000000000
116825  -50.831  23.445  15.954 0.0000000000
115991  -52.056  22.415  15.492 0.0000000000
116810  -50.931  23.446  17.080 0.0000000000
116791  -50.936  23.447  18.225 0.0000000000
116777  -51.297  23.292  19.702 0.0000000000
115951  -51.447  22.894  19.388 0.0000000000
115127  -50.624  22.083  19.927 0.0000000000
115144  -50.791  21.970  18.139 0.0000000000
115138  -50.596  21.877  19.080 0.0000000000
115111  -50.108  21.657  20.650 0.0000000000
114313  -49.402  21.056  20.515 0.0000000000
113510  -48.328  19.532  21.159 0.0000000000
113509  -47.857  19.274  20.642 0.0000000000
113512  -47.595  19.219  20.177 0.0000000000
112774  -46.906  18.608  19.587 0.0000000000
113516  -46.756  19.148  18.874 0.0000000000
112773  -46.463  18.479  19.143 0.0000000000
112777  -45.984  18.398  18.608 0.0000000000
112022  -45.461  17.549  17.877 0.0000000000
115154  -47.265  21.251  15.956 0.0000000000
114356  -45.549  20.699  15.715 0.0000000000
114343  -45.521  20.254  16.400 0.0000000000
112789  -44.998  19.031  16.957 0.0000000000
112779  -44.791  18.410  16.964 0.0000000000
112035  -44.829  17.375  16.103 0.0000000000
112049  -44.944  17.283  14.961 0.0000000000
112060  -45.163  17.266  13.768 0.0000000000
112069  -44.373  17.620  13.252 0.0000000000
112070  -45.406  17.261  12.545 0.0000000000
116060  -48.523  22.043  8.805 0.0000000000
116059  -47.805  21.709  8.960 0.0000000000
116042  -46.385  21.723  9.712 0.0000000000
115252  -46.172  20.620  7.865 0.0000000000
115239  -45.585  20.917  8.672 0.0000000000
116041  -45.790  21.599  9.921 0.0000000000
115226  -44.277  21.114  9.826 0.0000000000
115214  -43.608  21.053  10.463 0.0000000000
114387  -42.936  20.761  11.007 0.0000000000
115260  -43.856  20.455  6.953 0.0000000000
112863  -42.384  18.438  6.603 0.0000000000
113602  -43.097  18.855  6.902 0.0000000000
113603  -43.361  19.585  7.584 0.0000000000
113594  -42.559  19.443  8.384 0.0000000000
113587  -42.100  19.511  9.765 0.0000000000
113578  -41.933  19.531  10.897 0.0000000000
112832  -41.978  18.490  11.080 0.0000000000
112108  -42.582  16.597  9.368 0.0000000000
112109  -43.266  16.475  9.738 0.0000000000
112098  -43.829  16.652  10.242 0.0000000000
110259  -52.093  15.524  24.187 0.0000000000
111137  -51.483  16.526  25.272 0.0000000000
111151  -52.044  16.364  24.698 0.0000000000
111152  -52.118  15.761  24.402 0.0000000000
111201  -45.657  16.946  17.955 0.0000000000
111281  -41.660  15.952  10.656 0.0000000000
111282  -45.361  16.546  10.788 0.0000000000
111291  -40.457  16.035  10.362 0.0000000000
111293  -41.703  15.862  10.392 0.0000000000
111295  -45.001  16.346  10.582 0.0000000000
111304  -43.258  16.244  9.659 0.0000000000
111320  -41.796  16.905  7.394 0.0000000000
112007  -51.797  17.566  23.949 0.0000000000
112011  -50.678  17.432  23.095 0.0000000000
112020  -46.851  16.899  19.620 0.0000000000
112025  -44.731  18.068  16.959 0.0000000000
112034  -44.586  18.066  16.599 0.0000000000
112096  -41.996  17.654  10.000 0.0000000000
112117  -42.251  16.587  8.621 0.0000000000
112124  -41.590  17.263  7.194 0.0000000000
112735  -51.407  18.251  25.349 0.0000000000
112736  -51.753  18.178  24.998 0.0000000000
112770  -46.719  18.020  19.750 0.0000000000
112771  -47.191  18.533  19.986 0.0000000000
112776  -45.553  18.345  18.070 0.0000000000
112787  -44.091  19.053  16.006 0.0000000000
112799  -43.815  18.754  15.519 0.0000000000
112800  -44.128  18.674  15.928 0.0000000000
112816  -42.580  18.967  13.100 0.0000000000
112823  -42.554  18.601  12.576 0.0000000000
112824  -42.836  18.413  12.998 0.0000000000
112831  -41.780  18.511  10.496 0.0000000000
112841  -41.986  18.032  10.562 0.0000000000
112853  -40.613  17.869  7.767 0.0000000000
112855  -42.299  18.065  7.248 0.0000000000
112856  -42.713  18.504  6.680 0.0000000000
112864  -42.883  18.713  6.269 0.0000000000
113490  -51.130  19.259  25.229 0.0000000000
113523  -47.047  19.550  18.486 0.0000000000
113540  -45.011  19.499  16.632 0.0000000000
113551  -43.751  19.574  15.209 0.0000000000
113552  -44.203  19.745  15.587 0.0000000000
113595  -43.128  19.780  8.275 0.0000000000
113600  -41.269  18.684  7.433 0.0000000000
113611  -42.515  19.055  6.161 0.0000000000
114261  -47.418  20.803  24.154 0.0000000000
114285  -50.372  21.061  23.153 0.0000000000
114299  -45.337  20.710  22.587 0.0000000000
114311  -41.897  20.774  21.282 0.0000000000
114342  -44.993  20.311  15.925 0.0000000000
114346  -47.916  20.768  17.389 0.0000000000
114374  -43.960  20.908  13.709 0.0000000000
114379  -42.424  20.202  11.508 0.0000000000
114386  -42.473  20.137  10.446 0.0000000000
114395  -42.793  19.954  9.317 0.0000000000
114403  -43.003  19.858  8.643 0.0000000000
114417  -45.443  20.408  7.616 0.0000000000
114418  -46.223  20.481  7.251 0.0000000000
115053  -48.647  21.393  23.995 0.0000000000
115075  -47.069  21.188  22.874 0.0000000000
115078  -50.364  21.658  22.142 0.0000000000
115126  -49.931  21.517  19.755 0.0000000000
115227  -45.150  21.438  9.917 0.0000000000
115228  -45.872  21.389  9.385 0.0000000000
115237  -44.284  20.586  9.118 0.0000000000
115241  -47.383  21.263  8.239 0.0000000000
115254  -47.651  21.154  7.609 0.0000000000
115263  -46.292  20.910  6.733 0.0000000000
115266  -48.176  21.701  7.713 0.0000000000
115890  -50.039  22.233  23.442 0.0000000000
115891  -50.303  22.005  23.691 0.0000000000
115905  -48.282  22.470  21.414 0.0000000000
115919  -51.003  22.832  20.886 0.0000000000
115920  -51.224  23.094  20.499 0.0000000000
115935  -51.355  23.060  20.184 0.0000000000
115950  -51.060  22.424  19.263 0.0000000000
116025  -45.760  21.836  10.490 0.0000000000
116058  -47.072  21.629  9.021 0.0000000000
116079  -47.452  21.702  7.361 0.0000000000
116080  -48.053  21.867  7.637 0.0000000000
116081  -48.303  21.924  7.761 0.0000000000
116743  -50.419  23.047  21.572 0.0000000000
116750  -49.716  23.429  20.441 0.0000000000
116752  -50.756  23.170  21.018 0.0000000000
116832  -47.194  24.237  14.886 0.0000000000
116842  -49.339  24.039  14.143 0.0000000000
116886  -47.195  22.978  8.384 0.0000000000
116888  -48.958  23.336  8.450 0.0000000000
117661  -45.432  25.355  14.830 0.0000000000
117711  -51.709  24.834  10.711 0.0000000000
117717  -47.814  24.428  8.926 0.0000000000
117725  -48.566  23.946  8.652 0.0000000000
117726  -49.183  23.982  8.832 0.0000000000
117727  -49.483  23.984  8.979 0.0000000000
118488  -42.282  25.903  16.839 0.0000000000
118504  -43.827  25.548  15.871 0.0000000000
118515  -47.024  25.265  14.081 0.0000000000
118523  -46.740  26.104  13.971 0.0000000000
118547  -52.115  26.203  11.390 0.0000000000
118556  -51.987  26.483  10.902 0.0000000000
118565  -51.707  26.706  10.663 0.0000000000
119338  -43.349  26.611  16.831 0.0000000000
119354  -44.052  26.022  15.770 0.0000000000
119365  -46.471  26.543  14.214 0.0000000000
119373  -46.944  26.545  13.870 0.0000000000
119374  -47.563  26.451  13.491 0.0000000000
119379  -51.941  26.991  12.279 0.0000000000
119391  -51.850  26.378  12.029 0.0000000000
119414  -50.952  27.176  10.144 0.0000000000
119415  -51.254  27.217  10.334 0.0000000000
119416  -51.800  27.115  10.808 0.0000000000
119423  -50.983  26.910  10.095 0.0000000000
119425  -51.655  26.931  10.635 0.0000000000
120199  -46.507  27.807  15.265 0.0000000000
120232  -52.305  27.365  11.997 0.0000000000
120244  -52.117  27.519  11.501 0.0000000000
120249  -49.066  27.431  10.310 0.0000000000
120250  -49.942  27.508  10.052 0.0000000000
120251  -50.811  27.532  10.180 0.0000000000
120253  -51.850  27.821  11.105 0.0000000000
120259  -50.799  27.197  10.105 0.0000000000
120977  -48.404  29.411  16.237 0.0000000000
120978  -48.671  29.489  16.223 0.0000000000
120994  -48.682  29.325  16.098 0.0000000000
121013  -47.232  27.979  14.409 0.0000000000
121018  -51.748  29.223  13.576 0.0000000000
121043  -46.579  28.800  12.147 0.0000000000
121044  -47.533  28.969  11.807 0.0000000000
121047  -52.208  27.995  12.047 0.0000000000
121059  -49.995  29.041  10.619 0.0000000000
121070  -51.545  28.239  10.854 0.0000000000
121071  -51.794  28.149  11.169 0.0000000000
121738  -48.562  29.631  16.353 0.0000000000
121761  -49.241  29.437  15.875 0.0000000000
121763  -50.509  30.169  15.550 0.0000000000
121773  -49.212  29.285  15.388 0.0000000000
121806  -51.696  29.419  12.223 0.0000000000
121826  -50.676  29.017  10.654 0.0000000000
121827  -51.284  28.843  10.879 0.0000000000
122481  -49.228  30.714  16.452 0.0000000000
122489  -50.870  31.064  15.221 0.0000000000
122533  -51.059  31.007  11.701 0.0000000000
122542  -51.352  29.956  11.593 0.0000000000
123210  -49.481  31.697  16.407 0.0000000000
123237  -51.365  31.615  12.902 0.0000000000
123257  -48.293  30.923  12.569 0.0000000000
123278  -50.372  31.048  11.596 0.0000000000
123279  -50.668  31.051  11.595 0.0000000000
123924  -47.862  33.521  17.217 0.0000000000
123938  -44.992  32.337  17.175 0.0000000000
123956  -51.338  32.804  14.141 0.0000000000
123973  -49.486  31.865  12.402 0.0000000000
124559  -49.033  33.951  16.770 0.0000000000
124577  -43.495  34.008  17.109 0.0000000000
124581  -50.963  33.886  15.534 0.0000000000
124647  -50.378  33.192  12.740 0.0000000000
124649  -51.233  32.833  12.727 0.0000000000
125227  -43.619  34.238  16.553 0.0000000000
125229  -44.896  34.880  17.057 0.0000000000
125239  -41.015  33.827  14.992 0.0000000000
125242  -43.450  34.396  15.738 0.0000000000
125267  -50.685  35.252  13.837 0.0000000000
125277  -35.103  35.125  13.627 0.0000000000
125857  -50.062  35.616  16.584 0.0000000000
125863  -45.484  35.500  16.757 0.0000000000
125874  -51.376  35.224  14.704 0.0000000000
125903  -51.130  35.344  13.864 0.0000000000
125906  -36.767  36.218  12.787 0.0000000000
126484  -46.903  36.284  17.041 0.0000000000
126496  -50.912  35.956  15.589 0.0000000000
126500  -44.724  36.310  15.265 0.0000000000
126503  -51.268  35.949  14.986 0.0000000000
126516  -51.223  35.699  14.465 0.0000000000
126528  -50.972  35.807  14.002 0.0000000000
127187  -50.607  37.384  15.914 0.0000000000
127192  -46.520  38.116  15.648 0.0000000000
127207  -33.938  37.967  13.642 0.0000000000
127865  -47.970  38.274  16.472 0.0000000000
127866  -48.665  38.355  16.537 0.0000000000
127868  -50.006  37.720  16.574 0.0000000000
127876  -47.638  38.622  16.027 0.0000000000
127879  -50.295  37.997  16.293 0.0000000000
127888  -50.456  38.225  15.724 0.0000000000
127891  -33.859  38.470  13.998 0.0000000000
127895  -46.267  38.928  14.650 0.0000000000
127915  -45.175  39.054  12.909 0.0000000000
128516  -49.202  38.773  16.397 0.0000000000
128526  -48.908  39.320  16.126 0.0000000000
128534  -48.058  39.702  15.419 0.0000000000
128535  -49.197  40.165  15.349 0.0000000000
128571  -48.321  40.457  11.781 0.0000000000
129165  -48.359  40.437  14.935 0.0000000000
129172  -47.437  40.503  13.816 0.0000000000
129192  -46.879  40.711  12.424 0.0000000000
129826  -48.287  41.311  13.088 0.0000000000
129837  -47.489  41.245  12.406 0.0000000000
129863  -47.258  41.546  10.848 0.0000000000
