#!ascii label  , from subject abby vox2ras=TkReg
965
53550  -29.895  -35.497  43.622 0.0000000000
52256  -14.958  -36.389  45.431 0.0000000000
56182  -21.035  -33.445  44.505 0.0000000000
81686  -38.401  -12.242  28.078 0.0000000000
81715  -42.887  -12.112  23.130 0.0000000000
54722  -7.951  -34.280  50.885 0.0000000000
81675  -35.109  -12.356  29.831 0.0000000000
57547  -30.901  -32.244  40.684 0.0000000000
52276  -25.064  -36.682  44.258 0.0000000000
53468  -11.401  -35.346  47.188 0.0000000000
48681  -9.997  -39.753  50.434 0.0000000000
53605  -25.288  -35.195  39.604 0.0000000000
57599  -26.221  -32.629  37.238 0.0000000000
58764  -18.670  -32.253  44.688 0.0000000000
57532  -23.713  -32.199  41.608 0.0000000000
71121  -30.260  -21.314  30.800 0.0000000000
74599  -34.080  -18.795  29.872 0.0000000000
75761  -37.705  -17.906  29.369 0.0000000000
50907  -1.736  -38.143  54.636 0.0000000000
50849  0.252  -37.333  58.108 0.0000000000
63101  -24.585  -28.753  35.124 0.0000000000
68687  -24.237  -23.459  34.657 0.0000000000
72299  -26.056  -21.083  32.746 0.0000000000
48660  -5.502  -38.813  51.997 0.0000000000
51038  -15.159  -38.166  48.746 0.0000000000
51053  -16.803  -37.587  47.431 0.0000000000
52294  -27.517  -36.010  43.692 0.0000000000
57451  -14.092  -33.185  45.857 0.0000000000
52242  -13.139  -36.535  46.515 0.0000000000
51036  -12.889  -38.234  48.036 0.0000000000
56255  -26.192  -33.154  40.670 0.0000000000
54883  -24.225  -34.498  40.561 0.0000000000
74596  -30.280  -18.268  30.647 0.0000000000
72332  -32.692  -20.296  30.527 0.0000000000
75743  -32.009  -17.223  29.937 0.0000000000
78254  -35.589  -15.254  28.321 0.0000000000
78266  -37.832  -15.196  27.502 0.0000000000
75794  -39.604  -17.420  27.808 0.0000000000
78280  -39.592  -15.418  26.498 0.0000000000
78292  -40.753  -15.515  25.274 0.0000000000
63057  -24.955  -28.344  38.627 0.0000000000
60302  -26.155  -30.701  36.234 0.0000000000
65394  -23.951  -27.092  37.717 0.0000000000
69847  -23.342  -22.416  35.744 0.0000000000
73405  -23.372  -19.940  35.168 0.0000000000
71060  -25.036  -21.837  33.857 0.0000000000
74546  -24.633  -18.830  33.247 0.0000000000
74564  -26.315  -18.674  32.226 0.0000000000
60148  -20.247  -31.924  44.390 0.0000000000
52171  -4.681  -36.423  52.161 0.0000000000
50998  -5.989  -37.079  50.710 0.0000000000
48554  1.016  -39.639  60.256 0.0000000000
49710  2.321  -38.314  61.223 0.0000000000
80637  -32.967  -13.304  31.055 0.0000000000
60244  -31.062  -30.562  39.532 0.0000000000
53533  -22.371  -35.471  44.301 0.0000000000
53446  -9.223  -35.509  48.560 0.0000000000
51019  -8.500  -37.472  49.372 0.0000000000
51021  -10.252  -37.980  48.863 0.0000000000
82813  -44.478  -11.363  21.876 0.0000000000
52342  -27.620  -36.022  40.944 0.0000000000
54904  -28.655  -34.780  39.691 0.0000000000
54917  -25.948  -34.253  38.440 0.0000000000
57471  -15.295  -32.496  44.491 0.0000000000
54840  -17.492  -34.570  44.501 0.0000000000
60177  -16.759  -30.815  43.682 0.0000000000
61624  -18.321  -29.917  42.702 0.0000000000
58813  -20.594  -30.944  41.851 0.0000000000
60207  -22.318  -30.311  41.343 0.0000000000
56241  -21.449  -33.339  41.966 0.0000000000
53582  -22.918  -35.568  41.757 0.0000000000
52328  -25.735  -36.498  41.598 0.0000000000
68766  -29.773  -23.359  32.155 0.0000000000
76972  -33.846  -16.330  29.041 0.0000000000
75759  -36.057  -17.648  29.225 0.0000000000
78303  -42.452  -15.476  24.012 0.0000000000
50877  -0.741  -38.181  56.496 0.0000000000
47360  -0.137  -40.789  57.686 0.0000000000
57578  -28.717  -33.003  38.114 0.0000000000
60305  -28.781  -30.949  36.737 0.0000000000
63105  -29.099  -28.809  35.388 0.0000000000
66494  -23.101  -25.313  37.464 0.0000000000
65434  -24.996  -26.330  33.971 0.0000000000
64320  -28.999  -26.932  34.339 0.0000000000
66543  -27.862  -24.773  34.756 0.0000000000
69850  -27.740  -22.771  35.221 0.0000000000
69896  -28.462  -22.826  33.503 0.0000000000
71107  -28.215  -21.564  31.389 0.0000000000
73435  -28.266  -18.737  31.562 0.0000000000
54792  -19.151  -34.761  46.850 0.0000000000
52140  -3.114  -36.129  54.410 0.0000000000
48647  -3.575  -38.725  53.037 0.0000000000
48663  -8.270  -39.531  51.259 0.0000000000
48538  3.186  -38.979  61.306 0.0000000000
51068  -14.898  -37.372  46.312 0.0000000000
51039  -16.388  -37.753  48.559 0.0000000000
51081  -16.403  -37.166  45.780 0.0000000000
52314  -28.074  -35.941  42.754 0.0000000000
54824  -14.621  -34.405  45.305 0.0000000000
54807  -13.800  -34.413  45.811 0.0000000000
52243  -14.149  -36.412  45.918 0.0000000000
51067  -13.869  -37.246  46.566 0.0000000000
76947  -30.304  -16.156  31.654 0.0000000000
75742  -30.963  -17.170  30.392 0.0000000000
78228  -31.381  -15.209  31.105 0.0000000000
81685  -37.730  -12.371  28.427 0.0000000000
80659  -37.289  -13.347  27.883 0.0000000000
80668  -37.802  -13.731  27.569 0.0000000000
79545  -38.599  -14.500  27.110 0.0000000000
80670  -38.868  -13.437  26.996 0.0000000000
80680  -39.421  -13.452  26.594 0.0000000000
63056  -24.658  -28.122  38.177 0.0000000000
74501  -23.383  -19.492  36.480 0.0000000000
73406  -23.686  -19.461  34.524 0.0000000000
75663  -24.207  -16.928  34.676 0.0000000000
75680  -25.401  -16.928  33.665 0.0000000000
58765  -20.536  -32.164  44.248 0.0000000000
58733  -20.390  -32.677  45.421 0.0000000000
56162  -21.195  -33.536  45.260 0.0000000000
53388  -6.380  -35.241  51.487 0.0000000000
53405  -6.651  -35.641  50.709 0.0000000000
80712  -43.318  -13.395  22.762 0.0000000000
48553  1.498  -39.213  60.692 0.0000000000
56229  -31.929  -33.034  42.463 0.0000000000
58858  -30.726  -31.429  39.869 0.0000000000
52274  -23.540  -36.279  44.014 0.0000000000
52261  -25.387  -36.563  45.242 0.0000000000
53469  -12.235  -35.072  46.769 0.0000000000
54789  -11.663  -34.267  47.640 0.0000000000
54770  -10.904  -33.812  48.715 0.0000000000
53467  -10.631  -35.533  47.494 0.0000000000
52212  -9.783  -36.445  48.126 0.0000000000
51047  -10.881  -36.832  47.593 0.0000000000
49843  -13.900  -38.658  49.932 0.0000000000
49842  -13.043  -39.022  49.616 0.0000000000
53595  -26.706  -35.871  40.055 0.0000000000
53606  -26.197  -35.252  39.185 0.0000000000
54901  -25.479  -34.459  38.988 0.0000000000
60159  -15.604  -30.855  44.777 0.0000000000
60160  -16.091  -30.826  44.141 0.0000000000
61608  -16.228  -29.846  43.921 0.0000000000
62980  -18.603  -28.670  42.577 0.0000000000
63000  -19.378  -28.535  42.118 0.0000000000
61626  -19.880  -30.153  42.111 0.0000000000
63014  -20.678  -29.242  41.495 0.0000000000
57511  -24.313  -31.468  42.397 0.0000000000
58816  -22.931  -31.214  41.454 0.0000000000
58815  -21.925  -31.381  41.117 0.0000000000
56242  -22.165  -33.323  41.579 0.0000000000
54867  -21.939  -34.718  42.266 0.0000000000
54881  -22.494  -34.395  41.644 0.0000000000
54892  -24.666  -34.721  39.955 0.0000000000
52327  -24.677  -36.343  41.422 0.0000000000
52339  -25.418  -36.223  40.800 0.0000000000
52329  -26.705  -36.428  41.668 0.0000000000
69925  -29.511  -22.563  31.336 0.0000000000
68768  -31.333  -23.224  31.583 0.0000000000
69940  -31.095  -22.141  30.947 0.0000000000
73459  -33.360  -19.539  30.238 0.0000000000
72321  -33.450  -21.124  30.756 0.0000000000
80638  -33.928  -12.802  30.793 0.0000000000
79524  -32.924  -14.510  29.636 0.0000000000
80649  -34.241  -13.008  29.466 0.0000000000
76989  -36.805  -16.363  28.303 0.0000000000
76988  -35.826  -16.281  28.552 0.0000000000
75760  -36.854  -17.685  29.360 0.0000000000
74603  -37.416  -18.334  30.809 0.0000000000
77055  -41.530  -15.908  24.917 0.0000000000
79573  -40.952  -14.492  24.459 0.0000000000
79580  -42.156  -14.433  23.642 0.0000000000
50892  -2.199  -37.027  55.666 0.0000000000
52109  -2.035  -36.685  56.698 0.0000000000
49752  -1.250  -38.649  55.419 0.0000000000
47361  -0.916  -41.150  56.957 0.0000000000
46100  -0.678  -41.383  59.929 0.0000000000
54932  -27.550  -34.007  38.042 0.0000000000
54920  -28.765  -33.948  38.973 0.0000000000
57600  -27.041  -33.027  37.024 0.0000000000
61755  -25.150  -29.578  35.281 0.0000000000
60303  -27.084  -30.949  36.006 0.0000000000
61757  -27.521  -29.825  35.373 0.0000000000
61733  -29.149  -30.039  36.005 0.0000000000
63103  -26.897  -28.929  34.678 0.0000000000
69803  -23.012  -22.578  38.018 0.0000000000
68686  -23.530  -23.472  35.308 0.0000000000
67604  -23.732  -25.019  34.769 0.0000000000
66541  -25.406  -25.248  33.921 0.0000000000
64318  -26.815  -27.092  33.786 0.0000000000
65436  -27.353  -25.944  33.790 0.0000000000
65437  -28.443  -26.003  34.203 0.0000000000
67606  -25.914  -24.197  34.152 0.0000000000
71079  -25.374  -21.230  33.497 0.0000000000
69877  -26.945  -22.615  34.658 0.0000000000
71062  -26.848  -21.771  34.158 0.0000000000
69878  -27.759  -22.460  34.401 0.0000000000
71081  -27.095  -21.655  33.506 0.0000000000
69910  -27.717  -22.088  32.478 0.0000000000
71105  -26.775  -21.233  32.119 0.0000000000
75697  -27.359  -17.028  32.946 0.0000000000
73434  -27.623  -18.980  31.616 0.0000000000
74550  -28.521  -17.437  32.679 0.0000000000
57474  -18.583  -33.143  44.720 0.0000000000
53511  -18.418  -35.140  45.777 0.0000000000
56161  -18.868  -33.869  45.402 0.0000000000
50952  -4.815  -37.536  51.950 0.0000000000
50951  -4.188  -37.430  52.461 0.0000000000
49784  -4.597  -38.306  52.463 0.0000000000
49819  -9.460  -39.006  49.945 0.0000000000
49817  -7.664  -38.212  50.232 0.0000000000
48680  -9.046  -39.352  50.659 0.0000000000
49844  -14.645  -38.463  50.062 0.0000000000
51024  -16.130  -37.887  49.699 0.0000000000
51025  -17.146  -37.640  49.517 0.0000000000
51026  -18.182  -37.470  49.345 0.0000000000
52293  -26.552  -36.376  43.529 0.0000000000
52262  -26.298  -36.324  45.391 0.0000000000
56139  -13.425  -33.771  46.493 0.0000000000
53470  -12.845  -34.765  46.599 0.0000000000
52241  -12.552  -35.898  46.552 0.0000000000
51049  -12.318  -37.521  47.323 0.0000000000
51050  -13.325  -37.593  47.114 0.0000000000
51037  -13.943  -38.189  48.242 0.0000000000
56254  -25.438  -33.559  40.164 0.0000000000
56264  -26.006  -33.070  39.944 0.0000000000
57533  -24.361  -32.533  41.565 0.0000000000
56244  -24.100  -33.285  41.102 0.0000000000
56245  -25.265  -33.463  41.042 0.0000000000
73456  -30.120  -19.484  30.558 0.0000000000
72330  -30.712  -20.406  30.631 0.0000000000
73457  -31.084  -19.369  30.371 0.0000000000
74597  -31.539  -18.285  30.133 0.0000000000
74598  -32.879  -18.257  29.776 0.0000000000
80656  -34.872  -13.452  28.745 0.0000000000
80658  -36.503  -13.339  28.202 0.0000000000
79535  -36.796  -14.407  27.844 0.0000000000
76990  -37.666  -16.496  28.160 0.0000000000
75780  -39.249  -17.866  28.768 0.0000000000
76991  -38.351  -16.536  27.874 0.0000000000
77002  -38.961  -16.542  27.415 0.0000000000
77003  -39.862  -16.589  26.807 0.0000000000
78281  -40.128  -15.361  25.997 0.0000000000
80681  -39.959  -13.465  26.099 0.0000000000
48623  -2.212  -39.855  54.495 0.0000000000
48612  -1.259  -39.850  55.372 0.0000000000
47401  -2.800  -40.916  55.666 0.0000000000
60281  -25.226  -30.253  37.762 0.0000000000
58904  -25.830  -31.075  36.642 0.0000000000
60280  -24.707  -29.681  37.162 0.0000000000
61753  -24.187  -28.965  36.263 0.0000000000
64285  -23.781  -27.861  36.311 0.0000000000
71002  -23.216  -21.527  37.589 0.0000000000
72260  -23.235  -20.431  37.053 0.0000000000
71039  -23.423  -21.330  35.655 0.0000000000
69874  -23.607  -21.911  34.850 0.0000000000
68708  -25.221  -23.420  34.229 0.0000000000
71059  -24.142  -21.328  34.319 0.0000000000
72297  -24.840  -20.379  33.465 0.0000000000
73418  -25.003  -19.486  33.072 0.0000000000
73432  -26.071  -19.570  32.075 0.0000000000
74547  -25.350  -18.153  32.818 0.0000000000
60146  -19.490  -31.946  44.949 0.0000000000
58746  -19.415  -32.697  45.501 0.0000000000
60132  -20.032  -32.236  45.215 0.0000000000
52182  -5.411  -36.569  51.411 0.0000000000
50977  -5.636  -37.556  51.115 0.0000000000
49732  0.860  -38.336  58.777 0.0000000000
50838  0.792  -37.271  59.094 0.0000000000
49726  1.150  -38.241  59.576 0.0000000000
50825  1.837  -37.464  60.629 0.0000000000
50814  2.298  -37.119  61.191 0.0000000000
61703  -31.233  -29.691  38.799 0.0000000000
54843  -21.868  -34.772  44.659 0.0000000000
54827  -22.091  -34.609  45.731 0.0000000000
54748  -10.061  -33.875  49.754 0.0000000000
54746  -8.498  -34.611  49.702 0.0000000000
53424  -7.833  -35.690  49.721 0.0000000000
52210  -8.563  -36.471  48.967 0.0000000000
51020  -9.386  -37.844  49.029 0.0000000000
49820  -10.406  -39.217  49.835 0.0000000000
51035  -11.796  -37.994  48.256 0.0000000000
49821  -11.391  -39.341  49.881 0.0000000000
48666  -11.556  -40.124  50.883 0.0000000000
82812  -43.758  -11.392  22.512 0.0000000000
53585  -28.580  -35.608  41.464 0.0000000000
53598  -29.021  -35.207  40.913 0.0000000000
53608  -28.017  -35.316  39.802 0.0000000000
54918  -26.577  -34.413  38.312 0.0000000000
56299  -25.847  -32.975  37.719 0.0000000000
57559  -25.943  -32.332  39.273 0.0000000000
57577  -25.909  -31.866  38.719 0.0000000000
58870  -25.708  -31.222  38.402 0.0000000000
63058  -25.775  -28.612  39.433 0.0000000000
54838  -15.556  -34.454  44.584 0.0000000000
53530  -16.216  -35.150  44.503 0.0000000000
56179  -15.936  -33.531  44.283 0.0000000000
57488  -17.157  -32.051  43.757 0.0000000000
60178  -17.784  -30.948  43.889 0.0000000000
64196  -17.423  -28.417  43.499 0.0000000000
61623  -17.579  -29.906  43.196 0.0000000000
60179  -18.465  -30.797  43.591 0.0000000000
60180  -19.127  -30.814  43.239 0.0000000000
60182  -20.272  -31.655  43.189 0.0000000000
58796  -20.657  -31.870  42.569 0.0000000000
63016  -21.874  -28.707  41.553 0.0000000000
60206  -21.409  -30.494  41.272 0.0000000000
57510  -20.971  -32.583  42.187 0.0000000000
56222  -21.050  -33.350  42.692 0.0000000000
54853  -21.769  -34.844  43.387 0.0000000000
53548  -22.718  -35.851  43.177 0.0000000000
52290  -23.858  -36.534  43.259 0.0000000000
54882  -23.378  -34.493  41.131 0.0000000000
52326  -23.749  -36.197  41.743 0.0000000000
52311  -25.190  -36.679  42.434 0.0000000000
52312  -26.170  -36.576  42.538 0.0000000000
52330  -27.723  -36.112  41.656 0.0000000000
57452  -14.379  -32.375  45.586 0.0000000000
71110  -32.310  -21.726  30.854 0.0000000000
78229  -32.069  -15.327  30.316 0.0000000000
76971  -33.160  -16.291  29.549 0.0000000000
75756  -33.546  -17.091  29.363 0.0000000000
78253  -34.895  -15.257  28.497 0.0000000000
75758  -35.248  -17.367  29.118 0.0000000000
74618  -34.695  -18.087  29.544 0.0000000000
73462  -36.283  -19.029  30.925 0.0000000000
78313  -43.299  -15.281  23.496 0.0000000000
79581  -42.984  -14.484  23.198 0.0000000000
81714  -42.483  -12.457  23.440 0.0000000000
50865  -1.099  -36.910  57.477 0.0000000000
50864  -0.471  -37.787  57.187 0.0000000000
48602  -0.583  -39.770  56.156 0.0000000000
48601  -0.027  -39.766  56.817 0.0000000000
49737  0.621  -38.711  57.882 0.0000000000
47321  0.515  -40.116  59.548 0.0000000000
54895  -29.559  -34.632  40.684 0.0000000000
54906  -29.980  -33.492  39.949 0.0000000000
56266  -29.913  -33.080  39.514 0.0000000000
57622  -27.906  -32.165  36.637 0.0000000000
57602  -28.946  -32.068  37.610 0.0000000000
58873  -29.741  -31.550  38.329 0.0000000000
60264  -30.264  -30.609  38.378 0.0000000000
61717  -30.263  -30.047  37.204 0.0000000000
63085  -30.392  -29.015  36.468 0.0000000000
65393  -23.550  -26.256  37.503 0.0000000000
64298  -23.616  -27.017  35.661 0.0000000000
68670  -23.223  -23.487  36.323 0.0000000000
66520  -23.462  -25.715  35.391 0.0000000000
64300  -25.091  -27.973  34.500 0.0000000000
64302  -27.452  -27.999  34.323 0.0000000000
64303  -28.599  -27.914  34.556 0.0000000000
68709  -26.317  -23.304  34.477 0.0000000000
67587  -27.771  -23.888  35.319 0.0000000000
69912  -29.089  -23.169  32.584 0.0000000000
69924  -28.670  -22.194  31.428 0.0000000000
71119  -28.811  -21.301  30.897 0.0000000000
73444  -27.270  -19.866  31.472 0.0000000000
73445  -28.011  -19.635  31.244 0.0000000000
72319  -29.074  -19.900  30.797 0.0000000000
74580  -29.371  -18.497  31.074 0.0000000000
74581  -29.669  -17.411  31.917 0.0000000000
52245  -17.825  -36.518  46.323 0.0000000000
52228  -18.204  -36.547  46.903 0.0000000000
56124  -19.474  -34.265  47.117 0.0000000000
52155  -2.679  -36.711  54.129 0.0000000000
52157  -4.036  -35.980  52.933 0.0000000000
50928  -2.772  -37.380  53.561 0.0000000000
49771  -2.554  -38.363  53.732 0.0000000000
48634  -3.177  -39.300  53.465 0.0000000000
51000  -7.305  -37.202  50.050 0.0000000000
49816  -6.858  -37.971  50.371 0.0000000000
48662  -7.024  -39.425  51.548 0.0000000000
47286  2.173  -39.965  61.674 0.0000000000
48539  2.570  -39.150  61.368 0.0000000000
49709  2.834  -37.839  61.589 0.0000000000
53569  -30.078  -35.265  42.559 0.0000000000
51079  -14.986  -37.031  45.705 0.0000000000
51069  -16.085  -37.511  46.489 0.0000000000
52257  -15.999  -36.552  45.231 0.0000000000
53568  -29.032  -35.607  42.571 0.0000000000
53507  -14.621  -35.420  45.324 0.0000000000
52244  -14.697  -36.852  45.784 0.0000000000
78219  -30.510  -15.674  32.097 0.0000000000
76960  -30.689  -16.153  30.868 0.0000000000
78220  -30.965  -15.180  31.988 0.0000000000
80660  -37.869  -12.968  27.801 0.0000000000
80669  -38.295  -13.393  27.412 0.0000000000
81694  -38.813  -12.564  27.479 0.0000000000
74518  -23.624  -18.406  35.350 0.0000000000
57475  -20.634  -32.740  43.937 0.0000000000
57454  -20.682  -32.970  45.001 0.0000000000
53389  -7.028  -34.640  51.218 0.0000000000
53406  -7.402  -34.982  50.342 0.0000000000
79599  -44.158  -14.131  22.737 0.0000000000
81718  -43.503  -12.345  22.637 0.0000000000
57537  -31.516  -32.279  41.612 0.0000000000
58822  -31.389  -31.659  40.956 0.0000000000
52275  -24.250  -36.523  44.090 0.0000000000
52260  -24.447  -36.459  45.048 0.0000000000
54788  -10.771  -34.694  47.795 0.0000000000
52224  -10.444  -36.375  47.655 0.0000000000
52225  -11.139  -36.303  47.323 0.0000000000
53594  -25.760  -35.801  40.095 0.0000000000
61607  -15.797  -30.264  44.524 0.0000000000
64199  -20.603  -27.201  43.094 0.0000000000
64211  -19.865  -27.955  42.251 0.0000000000
63001  -20.330  -28.618  41.756 0.0000000000
58797  -23.834  -30.950  42.030 0.0000000000
57531  -22.559  -32.334  41.266 0.0000000000
56243  -23.042  -33.359  41.244 0.0000000000
53604  -24.863  -35.090  39.806 0.0000000000
53593  -24.807  -35.508  40.380 0.0000000000
69938  -29.878  -21.912  30.791 0.0000000000
69939  -30.466  -22.066  30.844 0.0000000000
72334  -34.369  -20.544  30.633 0.0000000000
73460  -34.614  -19.867  30.537 0.0000000000
81666  -34.837  -12.392  30.683 0.0000000000
75778  -37.287  -17.214  28.712 0.0000000000
75777  -36.428  -17.119  28.739 0.0000000000
74621  -37.179  -18.219  30.001 0.0000000000
80695  -41.060  -13.421  24.673 0.0000000000
50891  -1.546  -37.841  55.187 0.0000000000
56301  -27.484  -33.570  37.651 0.0000000000
61756  -26.261  -29.661  35.167 0.0000000000
63102  -25.675  -28.866  34.728 0.0000000000
67585  -23.797  -24.174  34.859 0.0000000000
67605  -24.636  -24.444  34.352 0.0000000000
66542  -26.641  -24.995  34.094 0.0000000000
71080  -26.192  -21.428  33.331 0.0000000000
71094  -26.568  -21.333  32.749 0.0000000000
71095  -27.242  -21.706  32.550 0.0000000000
57453  -18.989  -33.114  45.189 0.0000000000
49785  -5.183  -38.362  52.055 0.0000000000
48649  -5.285  -39.261  52.580 0.0000000000
52086  -0.395  -36.388  58.421 0.0000000000
52071  0.051  -36.076  59.071 0.0000000000
54869  -31.346  -33.883  42.166 0.0000000000
49864  -14.860  -38.340  49.503 0.0000000000
51023  -15.324  -38.225  49.943 0.0000000000
51040  -17.473  -37.493  48.420 0.0000000000
52278  -26.908  -36.213  44.566 0.0000000000
57430  -13.792  -32.765  46.410 0.0000000000
56140  -13.809  -33.561  46.036 0.0000000000
53490  -13.350  -35.317  46.068 0.0000000000
54806  -13.199  -34.284  46.549 0.0000000000
53489  -12.813  -35.511  46.425 0.0000000000
52227  -12.698  -37.066  46.858 0.0000000000
51051  -14.472  -37.800  47.397 0.0000000000
49863  -14.317  -38.421  49.251 0.0000000000
56223  -24.971  -32.674  41.670 0.0000000000
56246  -26.580  -33.174  41.576 0.0000000000
54884  -24.795  -34.032  40.251 0.0000000000
74595  -29.736  -18.919  30.628 0.0000000000
76961  -31.555  -16.208  30.352 0.0000000000
75755  -32.861  -17.132  29.580 0.0000000000
81683  -36.341  -12.549  28.769 0.0000000000
79543  -37.497  -14.458  27.568 0.0000000000
78256  -37.251  -15.496  27.779 0.0000000000
78257  -37.920  -15.870  27.718 0.0000000000
78268  -39.018  -15.555  26.936 0.0000000000
77019  -40.037  -15.938  26.315 0.0000000000
79558  -39.680  -14.432  26.245 0.0000000000
61699  -25.386  -29.339  38.639 0.0000000000
61715  -24.860  -29.237  37.958 0.0000000000
64257  -24.503  -27.634  38.231 0.0000000000
63071  -24.510  -28.408  37.642 0.0000000000
64271  -24.083  -27.779  37.244 0.0000000000
63083  -24.122  -28.479  36.668 0.0000000000
73390  -23.349  -19.847  35.924 0.0000000000
72259  -23.328  -20.538  36.405 0.0000000000
72273  -23.448  -20.541  35.468 0.0000000000
71058  -23.612  -21.112  34.973 0.0000000000
72287  -23.642  -20.470  34.697 0.0000000000
73417  -24.334  -19.480  33.627 0.0000000000
72288  -24.121  -20.386  33.982 0.0000000000
73431  -25.528  -19.463  32.560 0.0000000000
75681  -26.264  -16.701  33.473 0.0000000000
60147  -19.891  -31.810  44.637 0.0000000000
60133  -20.181  -32.141  44.939 0.0000000000
57433  -20.855  -33.253  45.977 0.0000000000
58713  -20.584  -33.140  46.290 0.0000000000
52192  -6.121  -36.295  50.854 0.0000000000
52183  -5.841  -35.959  51.299 0.0000000000
52191  -5.723  -36.859  50.966 0.0000000000
48567  1.043  -39.159  59.461 0.0000000000
48566  1.277  -38.936  60.049 0.0000000000
49717  1.865  -38.591  60.908 0.0000000000
49725  1.517  -38.312  60.287 0.0000000000
60226  -31.384  -30.656  40.120 0.0000000000
60245  -31.555  -30.258  39.993 0.0000000000
61690  -31.802  -29.949  40.137 0.0000000000
53512  -22.474  -35.315  45.359 0.0000000000
54769  -9.891  -34.653  48.524 0.0000000000
54768  -9.253  -34.867  48.822 0.0000000000
54747  -9.088  -34.491  49.462 0.0000000000
53426  -8.942  -34.997  48.983 0.0000000000
53425  -8.449  -35.345  49.373 0.0000000000
53445  -8.779  -35.936  48.785 0.0000000000
51033  -9.690  -37.243  48.531 0.0000000000
49839  -9.897  -38.541  49.387 0.0000000000
49840  -10.809  -38.639  49.369 0.0000000000
49822  -12.600  -39.473  50.377 0.0000000000
49841  -11.841  -38.940  49.165 0.0000000000
53584  -28.006  -35.837  40.958 0.0000000000
53596  -27.598  -35.734  40.344 0.0000000000
53616  -26.417  -34.852  38.708 0.0000000000
53617  -26.845  -34.947  38.753 0.0000000000
56300  -26.465  -33.571  37.735 0.0000000000
56281  -26.121  -33.982  38.145 0.0000000000
57545  -26.631  -32.482  40.136 0.0000000000
56263  -25.498  -33.438  39.275 0.0000000000
60262  -26.429  -30.501  39.225 0.0000000000
60261  -25.680  -30.170  38.688 0.0000000000
56178  -14.914  -33.490  44.841 0.0000000000
58778  -16.583  -31.556  43.852 0.0000000000
57489  -17.564  -31.974  43.913 0.0000000000
58779  -17.317  -31.500  43.783 0.0000000000
62979  -17.786  -28.927  42.917 0.0000000000
60194  -20.278  -30.604  42.026 0.0000000000
60181  -19.908  -31.100  42.777 0.0000000000
58795  -20.483  -31.250  42.276 0.0000000000
58780  -20.381  -31.599  42.856 0.0000000000
60208  -23.166  -30.047  41.881 0.0000000000
60195  -23.867  -29.977  42.640 0.0000000000
61660  -23.027  -29.476  41.998 0.0000000000
61643  -22.810  -28.687  42.173 0.0000000000
61659  -22.606  -29.227  41.779 0.0000000000
61658  -21.734  -29.556  41.348 0.0000000000
57530  -21.600  -32.438  41.446 0.0000000000
54866  -21.505  -34.075  42.537 0.0000000000
53581  -22.365  -35.087  41.993 0.0000000000
53566  -22.380  -35.416  42.652 0.0000000000
53567  -22.853  -35.953  42.627 0.0000000000
52289  -23.178  -36.212  43.241 0.0000000000
52309  -23.403  -36.289  42.468 0.0000000000
53583  -23.893  -35.539  41.076 0.0000000000
52310  -24.239  -36.565  42.417 0.0000000000
52341  -27.121  -36.192  40.877 0.0000000000
52331  -28.343  -35.824  42.106 0.0000000000
58761  -15.069  -31.480  44.985 0.0000000000
58745  -14.797  -31.270  45.790 0.0000000000
68728  -30.092  -23.748  33.358 0.0000000000
68769  -32.288  -23.219  31.593 0.0000000000
68749  -31.782  -23.706  32.163 0.0000000000
72331  -31.722  -20.314  30.565 0.0000000000
71122  -31.397  -21.502  30.784 0.0000000000
71123  -32.202  -20.969  30.763 0.0000000000
80636  -32.548  -13.653  31.663 0.0000000000
79509  -32.128  -14.238  30.902 0.0000000000
78241  -33.364  -15.402  29.267 0.0000000000
78240  -32.702  -15.423  29.763 0.0000000000
79533  -35.211  -14.303  28.393 0.0000000000
75776  -35.782  -17.102  28.798 0.0000000000
76974  -35.417  -16.801  28.766 0.0000000000
74619  -35.578  -18.210  29.641 0.0000000000
74601  -35.936  -18.704  30.331 0.0000000000
74583  -36.861  -18.766  31.328 0.0000000000
77038  -41.439  -16.191  25.350 0.0000000000
78302  -41.383  -15.448  24.594 0.0000000000
77057  -43.046  -16.248  24.611 0.0000000000
80700  -41.667  -13.467  23.841 0.0000000000
81713  -41.975  -12.835  23.714 0.0000000000
80701  -42.508  -13.507  23.264 0.0000000000
50878  -1.419  -37.525  56.384 0.0000000000
52100  -1.683  -36.536  57.308 0.0000000000
47400  -1.750  -40.833  55.597 0.0000000000
47380  -1.092  -40.788  56.119 0.0000000000
47379  -0.481  -40.523  56.676 0.0000000000
48590  0.396  -39.681  57.497 0.0000000000
47359  0.447  -40.182  57.897 0.0000000000
48589  0.632  -39.670  58.073 0.0000000000
47339  0.400  -40.249  58.504 0.0000000000
47322  -0.081  -40.818  60.145 0.0000000000
54894  -28.928  -35.028  40.425 0.0000000000
56284  -29.048  -33.274  38.666 0.0000000000
54921  -29.179  -33.605  39.135 0.0000000000
56265  -29.434  -33.346  39.186 0.0000000000
56285  -29.526  -32.913  38.903 0.0000000000
58905  -26.529  -31.670  36.482 0.0000000000
60304  -28.054  -30.750  35.964 0.0000000000
58907  -28.289  -31.682  36.708 0.0000000000
58889  -29.145  -31.375  37.403 0.0000000000
58872  -29.337  -31.799  37.872 0.0000000000
58890  -29.494  -31.416  37.841 0.0000000000
58857  -30.335  -31.321  39.184 0.0000000000
60283  -29.710  -30.904  37.720 0.0000000000
61758  -28.443  -29.513  35.438 0.0000000000
61716  -29.775  -30.142  36.585 0.0000000000
61734  -29.928  -29.713  36.391 0.0000000000
63084  -29.726  -29.229  35.970 0.0000000000
67548  -22.801  -24.569  37.959 0.0000000000
66484  -23.412  -25.588  38.396 0.0000000000
65405  -23.445  -26.528  36.164 0.0000000000
66506  -23.254  -25.494  36.507 0.0000000000
69826  -23.148  -22.492  36.932 0.0000000000
66539  -23.772  -25.619  34.798 0.0000000000
67584  -23.347  -24.550  35.685 0.0000000000
66521  -23.815  -26.056  34.843 0.0000000000
65418  -23.684  -26.604  35.290 0.0000000000
64316  -24.725  -27.168  34.356 0.0000000000
64301  -26.275  -28.018  34.312 0.0000000000
64317  -25.622  -27.190  33.869 0.0000000000
64319  -28.017  -27.035  33.816 0.0000000000
64304  -29.826  -27.627  34.995 0.0000000000
69876  -25.694  -22.599  34.189 0.0000000000
69849  -27.396  -22.807  35.095 0.0000000000
68688  -27.422  -23.214  35.186 0.0000000000
69851  -28.722  -22.787  35.843 0.0000000000
69879  -28.989  -22.824  34.730 0.0000000000
69897  -29.440  -23.365  33.741 0.0000000000
71096  -27.700  -21.918  32.022 0.0000000000
69911  -28.289  -22.444  32.173 0.0000000000
71108  -28.871  -21.904  31.073 0.0000000000
73443  -26.588  -20.007  31.715 0.0000000000
73433  -26.815  -19.217  31.735 0.0000000000
72318  -28.613  -20.459  30.901 0.0000000000
73446  -28.725  -19.188  31.071 0.0000000000
73455  -29.403  -19.424  30.726 0.0000000000
74567  -28.948  -17.972  32.114 0.0000000000
74582  -29.536  -16.851  32.603 0.0000000000
53531  -17.076  -35.193  44.606 0.0000000000
53509  -16.634  -35.895  44.838 0.0000000000
53532  -17.596  -35.126  44.784 0.0000000000
54809  -18.780  -34.668  46.037 0.0000000000
53492  -18.150  -35.970  46.201 0.0000000000
52229  -18.744  -36.336  47.341 0.0000000000
52230  -19.313  -35.975  47.741 0.0000000000
58731  -19.871  -32.809  46.020 0.0000000000
58730  -19.727  -33.165  46.365 0.0000000000
58710  -19.809  -33.379  46.856 0.0000000000
52139  -2.494  -36.502  54.905 0.0000000000
53372  -4.512  -35.331  52.734 0.0000000000
54645  -4.629  -34.814  53.238 0.0000000000
49783  -3.860  -38.199  52.804 0.0000000000
50929  -3.464  -37.370  52.948 0.0000000000
49772  -3.229  -38.236  53.239 0.0000000000
52202  -8.082  -36.365  49.452 0.0000000000
52201  -7.513  -36.223  49.862 0.0000000000
51018  -7.864  -37.001  49.707 0.0000000000
49801  -8.061  -38.855  50.592 0.0000000000
49800  -7.372  -38.785  50.794 0.0000000000
49799  -6.292  -38.553  50.940 0.0000000000
51052  -15.644  -37.793  47.481 0.0000000000
51070  -17.122  -37.306  46.382 0.0000000000
56141  -14.255  -33.823  45.618 0.0000000000
54808  -14.154  -34.036  45.670 0.0000000000
54823  -14.273  -34.884  45.473 0.0000000000
53491  -14.093  -35.383  45.645 0.0000000000
75741  -30.300  -16.997  31.249 0.0000000000
81684  -37.006  -12.425  28.558 0.0000000000
79544  -38.076  -14.485  27.382 0.0000000000
79557  -39.153  -14.470  26.739 0.0000000000
64258  -24.840  -27.685  38.834 0.0000000000
65382  -24.713  -27.208  38.943 0.0000000000
65381  -24.164  -26.468  38.624 0.0000000000
73391  -23.398  -19.348  35.393 0.0000000000
74532  -24.273  -18.249  33.881 0.0000000000
74533  -24.855  -17.640  33.512 0.0000000000
75679  -24.658  -17.414  33.922 0.0000000000
58748  -20.389  -32.335  44.787 0.0000000000
57455  -21.114  -33.469  45.783 0.0000000000
52193  -6.863  -36.196  50.291 0.0000000000
79598  -43.460  -14.176  22.877 0.0000000000
48541  0.983  -39.880  61.225 0.0000000000
48540  1.734  -39.665  61.526 0.0000000000
58840  -31.525  -31.189  40.807 0.0000000000
58839  -31.199  -31.267  40.346 0.0000000000
53513  -23.240  -35.943  44.945 0.0000000000
52259  -23.879  -36.291  44.644 0.0000000000
52248  -25.691  -36.422  46.198 0.0000000000
54790  -12.737  -33.879  47.469 0.0000000000
54771  -11.878  -33.372  48.428 0.0000000000
54787  -10.252  -35.041  47.800 0.0000000000
53447  -9.920  -35.563  47.865 0.0000000000
51034  -10.652  -37.306  48.155 0.0000000000
49862  -13.462  -38.598  48.964 0.0000000000
49861  -12.583  -38.713  48.722 0.0000000000
49823  -13.609  -38.870  50.692 0.0000000000
54902  -26.088  -34.698  38.668 0.0000000000
58762  -15.840  -31.622  44.330 0.0000000000
64197  -18.107  -27.936  43.279 0.0000000000
64198  -19.373  -27.378  43.018 0.0000000000
61625  -19.127  -29.894  42.235 0.0000000000
61641  -19.726  -29.386  41.828 0.0000000000
61642  -20.334  -29.742  41.650 0.0000000000
54880  -21.851  -34.008  41.917 0.0000000000
52340  -26.240  -36.277  40.809 0.0000000000
68767  -30.433  -23.313  31.736 0.0000000000
69926  -30.770  -22.622  31.226 0.0000000000
69927  -31.738  -22.345  31.062 0.0000000000
72333  -33.688  -20.591  30.567 0.0000000000
79510  -32.641  -13.945  30.253 0.0000000000
80648  -33.302  -13.523  29.977 0.0000000000
79525  -33.650  -14.317  29.171 0.0000000000
78255  -36.373  -15.381  28.123 0.0000000000
74620  -36.393  -18.224  29.817 0.0000000000
78301  -40.818  -15.033  24.770 0.0000000000
79574  -41.606  -14.845  24.047 0.0000000000
79579  -41.382  -14.134  24.011 0.0000000000
50879  -2.165  -36.961  56.327 0.0000000000
49745  -0.853  -38.766  56.005 0.0000000000
47340  -0.178  -40.994  59.084 0.0000000000
54919  -27.731  -34.465  38.594 0.0000000000
56282  -27.834  -33.820  38.041 0.0000000000
56302  -27.996  -33.429  37.794 0.0000000000
57601  -28.238  -32.720  37.350 0.0000000000
60326  -25.661  -30.094  35.781 0.0000000000
60327  -26.688  -30.278  35.717 0.0000000000
60328  -27.355  -30.451  35.756 0.0000000000
60282  -29.476  -30.574  36.962 0.0000000000
61732  -28.320  -30.037  35.652 0.0000000000
63104  -28.058  -28.911  34.812 0.0000000000
68648  -22.962  -23.530  37.426 0.0000000000
66540  -24.321  -25.619  34.390 0.0000000000
65435  -26.123  -26.114  33.715 0.0000000000
71061  -26.028  -21.916  33.935 0.0000000000
69895  -27.695  -22.238  33.128 0.0000000000
71106  -27.347  -21.380  31.742 0.0000000000
74548  -26.708  -17.824  32.512 0.0000000000
74565  -27.232  -18.417  32.064 0.0000000000
74549  -27.722  -17.739  32.572 0.0000000000
74566  -28.092  -18.236  32.113 0.0000000000
56181  -18.123  -33.918  44.533 0.0000000000
54841  -18.014  -34.562  44.722 0.0000000000
48648  -4.111  -39.047  52.842 0.0000000000
49838  -9.123  -38.328  49.524 0.0000000000
51001  -7.949  -37.708  49.857 0.0000000000
49818  -8.503  -38.546  50.070 0.0000000000
48679  -8.460  -39.092  50.633 0.0000000000
56228  -31.477  -33.182  41.999 0.0000000000
56249  -30.904  -33.115  41.320 0.0000000000
49824  -14.381  -38.522  50.803 0.0000000000
51002  -15.132  -38.312  50.832 0.0000000000
51003  -15.926  -37.948  50.781 0.0000000000
52277  -25.978  -36.487  44.395 0.0000000000
56122  -13.407  -33.062  47.267 0.0000000000
56121  -13.205  -33.748  46.971 0.0000000000
52226  -12.065  -36.410  46.852 0.0000000000
51048  -11.409  -37.168  47.450 0.0000000000
54893  -25.011  -34.149  39.626 0.0000000000
72329  -29.604  -20.439  30.739 0.0000000000
73458  -32.218  -19.341  30.292 0.0000000000
80650  -35.111  -12.755  29.135 0.0000000000
80657  -35.654  -13.200  28.540 0.0000000000
79534  -35.998  -14.326  28.137 0.0000000000
75779  -38.241  -17.433  28.574 0.0000000000
75793  -38.850  -17.231  28.031 0.0000000000
78267  -38.397  -15.548  27.394 0.0000000000
77020  -40.714  -16.271  25.981 0.0000000000
79567  -40.204  -14.457  25.660 0.0000000000
49762  -2.006  -38.625  54.250 0.0000000000
49761  -1.572  -38.742  54.749 0.0000000000
48613  -1.937  -40.444  55.166 0.0000000000
58886  -25.776  -31.609  37.253 0.0000000000
58887  -26.215  -32.134  36.887 0.0000000000
60301  -24.976  -30.391  36.471 0.0000000000
63072  -24.700  -28.749  37.950 0.0000000000
61730  -24.429  -29.212  36.750 0.0000000000
61731  -24.595  -29.747  36.398 0.0000000000
61754  -24.462  -29.487  35.919 0.0000000000
63100  -24.058  -28.573  35.868 0.0000000000
72242  -23.247  -20.884  37.059 0.0000000000
71022  -23.248  -21.514  36.550 0.0000000000
73375  -23.326  -19.937  36.473 0.0000000000
69848  -23.742  -22.761  34.888 0.0000000000
69875  -24.490  -22.493  34.325 0.0000000000
71078  -24.679  -21.058  33.771 0.0000000000
72298  -25.546  -20.533  32.860 0.0000000000
72309  -26.215  -20.620  32.228 0.0000000000
72308  -25.763  -20.071  32.367 0.0000000000
74563  -25.786  -18.954  32.384 0.0000000000
75695  -25.617  -17.369  33.113 0.0000000000
75682  -28.167  -16.717  33.578 0.0000000000
60145  -19.148  -32.057  45.094 0.0000000000
60131  -19.897  -32.396  45.446 0.0000000000
58732  -20.181  -32.729  45.810 0.0000000000
53373  -5.411  -35.364  52.175 0.0000000000
53374  -6.042  -34.880  52.218 0.0000000000
53387  -5.645  -35.834  51.621 0.0000000000
52172  -5.273  -36.046  51.823 0.0000000000
52181  -4.932  -36.953  51.666 0.0000000000
50953  -5.288  -37.835  51.660 0.0000000000
49798  -5.598  -38.414  51.556 0.0000000000
48665  -10.729  -40.229  50.965 0.0000000000
50837  1.298  -37.353  59.824 0.0000000000
80629  -33.225  -13.342  32.235 0.0000000000
81658  -34.654  -12.495  31.755 0.0000000000
63060  -31.324  -29.203  38.100 0.0000000000
54842  -21.408  -34.069  44.063 0.0000000000
56183  -21.561  -34.069  44.993 0.0000000000
54724  -9.403  -33.888  50.503 0.0000000000
53407  -8.133  -34.699  49.861 0.0000000000
52211  -9.098  -36.482  48.491 0.0000000000
51032  -8.938  -37.198  48.706 0.0000000000
51022  -11.065  -38.130  48.805 0.0000000000
48682  -10.973  -39.729  50.381 0.0000000000
53586  -29.533  -35.208  41.604 0.0000000000
53597  -28.420  -35.399  40.489 0.0000000000
54903  -27.957  -35.031  39.318 0.0000000000
53607  -27.307  -35.315  39.375 0.0000000000
54931  -27.154  -34.090  37.967 0.0000000000
57598  -25.923  -32.437  37.604 0.0000000000
57558  -25.598  -32.931  38.741 0.0000000000
56280  -25.722  -33.536  38.341 0.0000000000
57576  -25.769  -32.408  38.194 0.0000000000
63059  -26.455  -28.708  39.896 0.0000000000
53508  -15.423  -35.539  44.823 0.0000000000
54839  -16.547  -34.456  44.317 0.0000000000
56180  -17.087  -33.679  43.960 0.0000000000
57472  -16.475  -32.529  43.912 0.0000000000
57473  -17.768  -32.659  44.083 0.0000000000
58763  -17.945  -31.773  44.111 0.0000000000
60161  -18.363  -31.595  44.233 0.0000000000
62957  -16.704  -28.716  44.035 0.0000000000
61609  -16.895  -29.507  43.508 0.0000000000
62978  -17.223  -29.047  43.326 0.0000000000
61622  -16.957  -30.208  43.435 0.0000000000
60162  -18.768  -31.561  44.378 0.0000000000
60163  -19.253  -31.461  44.115 0.0000000000
60164  -19.793  -31.548  43.820 0.0000000000
60165  -20.263  -31.768  43.663 0.0000000000
58781  -20.571  -31.958  43.417 0.0000000000
57491  -20.691  -32.629  43.019 0.0000000000
63002  -21.269  -28.104  41.781 0.0000000000
63015  -21.140  -28.956  41.449 0.0000000000
61657  -20.973  -29.741  41.342 0.0000000000
60205  -20.733  -30.494  41.592 0.0000000000
58814  -20.971  -31.453  41.643 0.0000000000
57490  -20.784  -32.910  42.835 0.0000000000
56199  -20.929  -33.353  43.516 0.0000000000
54852  -21.304  -33.961  43.231 0.0000000000
53547  -22.405  -35.534  43.480 0.0000000000
53534  -22.886  -35.932  43.871 0.0000000000
52291  -24.700  -36.694  43.311 0.0000000000
52292  -25.621  -36.665  43.410 0.0000000000
52313  -27.134  -36.296  42.628 0.0000000000
56160  -14.398  -33.522  45.502 0.0000000000
67628  -31.387  -23.961  32.624 0.0000000000
71109  -31.834  -21.880  30.834 0.0000000000
69928  -32.810  -22.466  31.181 0.0000000000
71111  -33.362  -21.664  30.887 0.0000000000
79523  -32.437  -14.662  30.123 0.0000000000
76962  -32.412  -16.277  29.924 0.0000000000
74616  -33.280  -17.601  29.529 0.0000000000
74617  -33.811  -17.870  29.512 0.0000000000
79532  -34.422  -14.270  28.683 0.0000000000
78242  -34.115  -15.360  28.769 0.0000000000
76987  -35.298  -15.801  28.536 0.0000000000
76973  -34.858  -16.337  28.752 0.0000000000
75757  -34.339  -17.209  29.202 0.0000000000
74600  -35.076  -18.820  30.180 0.0000000000
73461  -35.613  -19.395  30.769 0.0000000000
74602  -36.672  -18.535  30.551 0.0000000000
78312  -42.703  -14.973  23.524 0.0000000000
80702  -43.032  -13.920  22.934 0.0000000000
80711  -42.758  -13.011  23.003 0.0000000000
81717  -42.952  -12.660  22.921 0.0000000000
82808  -42.662  -11.837  23.539 0.0000000000
50851  -0.994  -36.528  57.942 0.0000000000
50850  -0.570  -36.796  57.844 0.0000000000
49744  -0.438  -38.826  56.636 0.0000000000
49738  0.060  -38.790  57.209 0.0000000000
50863  0.134  -38.129  57.561 0.0000000000
48578  0.798  -39.411  58.700 0.0000000000
47305  0.408  -40.237  60.630 0.0000000000
54905  -29.484  -33.868  39.672 0.0000000000
56256  -30.325  -33.129  40.211 0.0000000000
57546  -30.543  -32.649  40.363 0.0000000000
57620  -26.644  -32.407  36.781 0.0000000000
57621  -27.338  -32.343  36.643 0.0000000000
58906  -27.565  -31.649  36.302 0.0000000000
58888  -28.670  -31.867  37.237 0.0000000000
57579  -29.220  -32.482  38.206 0.0000000000
57580  -29.889  -32.299  38.988 0.0000000000
57560  -30.420  -32.261  39.886 0.0000000000
60243  -30.573  -30.657  39.012 0.0000000000
60265  -30.791  -30.260  38.776 0.0000000000
61702  -30.821  -29.828  38.104 0.0000000000
63073  -31.038  -29.194  37.334 0.0000000000
66485  -23.814  -25.846  39.028 0.0000000000
67539  -23.235  -24.567  38.886 0.0000000000
65380  -23.697  -26.135  38.182 0.0000000000
65406  -23.686  -27.155  36.842 0.0000000000
64284  -23.586  -27.273  36.034 0.0000000000
64299  -24.060  -27.568  35.261 0.0000000000
67566  -23.054  -24.495  36.888 0.0000000000
64286  -29.949  -28.569  35.722 0.0000000000
64272  -31.108  -28.299  36.811 0.0000000000
65438  -29.206  -26.190  34.593 0.0000000000
67607  -27.115  -23.919  34.748 0.0000000000
68710  -26.954  -23.218  34.842 0.0000000000
68746  -29.684  -23.591  32.876 0.0000000000
72328  -29.108  -20.934  30.754 0.0000000000
72316  -26.906  -20.684  31.644 0.0000000000
72317  -27.704  -20.625  31.314 0.0000000000
75723  -29.949  -16.529  32.185 0.0000000000
76930  -30.328  -16.026  32.471 0.0000000000
52258  -17.066  -36.659  45.525 0.0000000000
53510  -17.855  -35.656  45.362 0.0000000000
51054  -17.943  -37.099  47.323 0.0000000000
51041  -18.378  -37.175  48.354 0.0000000000
57432  -19.409  -33.415  45.918 0.0000000000
56142  -19.275  -34.111  46.350 0.0000000000
56111  -19.709  -34.260  47.789 0.0000000000
54774  -19.456  -34.704  47.572 0.0000000000
53471  -19.268  -35.403  47.507 0.0000000000
52214  -19.472  -36.020  48.232 0.0000000000
56163  -21.517  -33.985  45.840 0.0000000000
52123  -2.680  -36.338  55.609 0.0000000000
50908  -2.108  -37.502  54.458 0.0000000000
53358  -3.529  -35.833  54.105 0.0000000000
52170  -3.884  -36.699  52.735 0.0000000000
52156  -3.346  -36.359  53.505 0.0000000000
48633  -2.426  -39.080  53.910 0.0000000000
48635  -4.569  -40.034  53.611 0.0000000000
50999  -6.535  -37.057  50.418 0.0000000000
50978  -6.227  -37.667  50.638 0.0000000000
48661  -5.956  -39.218  51.744 0.0000000000
48664  -9.662  -40.336  51.476 0.0000000000
48652  -8.745  -40.365  52.147 0.0000000000
48650  -6.568  -40.040  52.616 0.0000000000
80713  -44.387  -13.278  22.503 0.0000000000
48552  3.628  -38.954  60.678 0.0000000000
49708  3.400  -37.851  61.207 0.0000000000
48622  -1.486  -39.294  54.946 0.0000000000
50976  -5.199  -37.294  51.535 0.0000000000
51042  -18.910  -36.739  48.162 0.0000000000
51055  -18.519  -36.890  47.776 0.0000000000
51066  -13.410  -37.156  46.692 0.0000000000
51080  -15.547  -37.116  45.725 0.0000000000
52213  -19.217  -36.360  47.955 0.0000000000
52246  -18.303  -36.179  46.645 0.0000000000
52255  -14.454  -35.903  45.560 0.0000000000
53472  -19.436  -35.680  47.962 0.0000000000
53493  -18.569  -35.490  46.483 0.0000000000
54825  -17.904  -34.961  44.858 0.0000000000
54826  -18.354  -34.711  45.208 0.0000000000
54900  -25.014  -34.755  39.558 0.0000000000
56159  -14.125  -33.566  45.732 0.0000000000
56198  -20.793  -33.128  42.990 0.0000000000
56221  -20.889  -33.122  42.740 0.0000000000
56257  -30.575  -32.905  40.698 0.0000000000
56283  -28.354  -33.544  38.198 0.0000000000
57388  -19.718  -33.895  47.347 0.0000000000
57408  -19.619  -33.658  46.750 0.0000000000
57409  -19.834  -33.580  47.182 0.0000000000
57509  -20.853  -32.911  42.596 0.0000000000
57561  -30.773  -31.793  40.230 0.0000000000
58747  -19.552  -32.398  45.368 0.0000000000
58908  -28.692  -31.445  37.075 0.0000000000
60227  -31.734  -30.548  40.565 0.0000000000
60300  -24.639  -29.780  36.644 0.0000000000
60325  -24.916  -30.003  35.764 0.0000000000
61596  -15.500  -30.234  45.028 0.0000000000
61714  -24.616  -29.046  37.491 0.0000000000
64321  -29.618  -26.684  34.677 0.0000000000
65419  -24.209  -26.584  34.627 0.0000000000
65439  -29.664  -26.273  34.784 0.0000000000
67586  -27.441  -23.654  35.118 0.0000000000
68748  -31.017  -23.757  32.156 0.0000000000
71120  -29.420  -21.508  30.825 0.0000000000
71124  -33.811  -21.191  30.737 0.0000000000
72320  -32.940  -21.035  30.844 0.0000000000
77037  -40.932  -16.044  25.495 0.0000000000
78227  -30.703  -15.649  31.470 0.0000000000
78293  -41.249  -15.813  25.009 0.0000000000
79508  -31.769  -14.520  31.415 0.0000000000
