#!ascii label  , from subject abby vox2ras=TkReg
375
87310  -24.062  -7.278  -26.097 0.0000000000
83396  -20.903  -11.428  -25.073 0.0000000000
83402  -27.498  -12.012  -26.395 0.0000000000
79026  -23.305  -16.212  -24.872 0.0000000000
102332  -23.934  6.498  -26.509 0.0000000000
98037  -25.171  2.423  -24.286 0.0000000000
91870  -21.445  -3.424  -28.056 0.0000000000
74176  -21.779  -19.561  -22.885 0.0000000000
81317  -22.526  -13.609  -25.277 0.0000000000
79011  -21.404  -15.559  -23.770 0.0000000000
100200  -24.313  4.586  -25.675 0.0000000000
98081  -22.229  2.441  -27.347 0.0000000000
86285  -21.485  -8.099  -26.553 0.0000000000
89632  -19.630  -5.364  -26.024 0.0000000000
89658  -23.130  -5.083  -27.417 0.0000000000
92884  -23.994  -2.635  -25.907 0.0000000000
89634  -25.336  -5.351  -24.749 0.0000000000
87286  -28.262  -7.307  -24.900 0.0000000000
85334  -19.729  -9.555  -24.656 0.0000000000
84382  -22.745  -10.249  -26.341 0.0000000000
85348  -26.338  -9.810  -25.290 0.0000000000
82348  -24.263  -12.481  -26.049 0.0000000000
80269  -26.064  -14.916  -26.072 0.0000000000
79027  -26.209  -15.670  -25.170 0.0000000000
94946  -20.459  -0.407  -28.126 0.0000000000
94898  -23.589  -0.086  -26.524 0.0000000000
95922  -26.367  0.484  -23.403 0.0000000000
77714  -20.388  -16.577  -22.868 0.0000000000
75368  -22.997  -17.947  -23.944 0.0000000000
80248  -20.332  -14.129  -23.737 0.0000000000
79009  -19.412  -15.032  -23.046 0.0000000000
99141  -21.789  3.258  -27.317 0.0000000000
97026  -20.635  1.654  -27.657 0.0000000000
86300  -22.852  -7.739  -27.104 0.0000000000
87320  -22.465  -6.979  -27.336 0.0000000000
88423  -23.708  -6.802  -26.680 0.0000000000
89645  -24.089  -5.185  -26.195 0.0000000000
88410  -25.262  -6.291  -24.870 0.0000000000
89623  -26.188  -5.767  -24.461 0.0000000000
87295  -25.179  -7.399  -24.828 0.0000000000
84365  -20.853  -10.598  -25.341 0.0000000000
85346  -21.467  -9.319  -26.043 0.0000000000
84367  -22.286  -10.641  -26.116 0.0000000000
83410  -23.355  -11.020  -26.397 0.0000000000
82357  -22.800  -11.935  -26.202 0.0000000000
79037  -22.984  -15.064  -24.998 0.0000000000
80260  -24.054  -14.569  -25.584 0.0000000000
79039  -24.895  -15.411  -25.345 0.0000000000
79040  -26.120  -15.357  -25.711 0.0000000000
77754  -25.494  -16.050  -25.118 0.0000000000
101286  -22.161  5.776  -25.974 0.0000000000
102324  -21.938  6.334  -25.439 0.0000000000
103266  -23.458  7.442  -26.292 0.0000000000
104220  -23.908  8.397  -26.543 0.0000000000
103261  -25.233  7.387  -26.057 0.0000000000
100188  -24.366  3.930  -25.079 0.0000000000
90750  -20.402  -4.468  -26.955 0.0000000000
91854  -19.952  -2.808  -27.109 0.0000000000
93913  -20.655  -1.664  -27.770 0.0000000000
95998  -22.125  -0.367  -28.332 0.0000000000
93915  -23.015  -1.545  -27.729 0.0000000000
92870  -25.827  -2.580  -24.074 0.0000000000
93863  -25.324  -1.650  -24.342 0.0000000000
94872  -26.335  -0.650  -23.565 0.0000000000
84370  -26.991  -10.918  -25.658 0.0000000000
85350  -28.188  -9.826  -25.806 0.0000000000
75331  -20.476  -18.640  -22.184 0.0000000000
75342  -21.206  -18.453  -22.872 0.0000000000
76504  -21.517  -17.343  -23.451 0.0000000000
74188  -22.328  -19.014  -23.230 0.0000000000
82336  -20.608  -12.587  -24.424 0.0000000000
82338  -22.081  -12.879  -24.912 0.0000000000
81309  -21.177  -13.597  -24.499 0.0000000000
80250  -21.854  -14.447  -24.435 0.0000000000
79025  -22.505  -15.614  -24.548 0.0000000000
101295  -22.694  5.519  -26.425 0.0000000000
101288  -24.433  5.572  -26.015 0.0000000000
100217  -23.005  4.544  -26.706 0.0000000000
99110  -23.532  3.364  -26.102 0.0000000000
98069  -23.895  2.096  -25.940 0.0000000000
87292  -19.568  -7.452  -25.199 0.0000000000
88408  -20.312  -6.597  -26.046 0.0000000000
88431  -21.148  -5.858  -27.298 0.0000000000
90765  -22.304  -4.365  -27.915 0.0000000000
92921  -23.176  -2.519  -27.512 0.0000000000
90751  -23.674  -4.234  -26.508 0.0000000000
91824  -24.743  -3.526  -25.088 0.0000000000
91803  -26.448  -3.560  -23.851 0.0000000000
90720  -27.888  -4.684  -24.259 0.0000000000
73009  -22.463  -20.454  -22.003 0.0000000000
74177  -22.652  -19.867  -22.756 0.0000000000
86272  -20.882  -8.633  -25.893 0.0000000000
86286  -22.526  -8.457  -26.831 0.0000000000
86287  -23.348  -8.409  -26.763 0.0000000000
86273  -24.742  -8.833  -25.482 0.0000000000
85362  -24.440  -9.559  -25.739 0.0000000000
84368  -24.981  -10.611  -25.564 0.0000000000
82350  -26.417  -12.802  -25.791 0.0000000000
82347  -23.383  -12.656  -26.054 0.0000000000
81320  -25.215  -13.563  -25.757 0.0000000000
81322  -27.049  -13.679  -26.013 0.0000000000
80271  -27.361  -15.083  -26.526 0.0000000000
79042  -27.816  -15.856  -25.947 0.0000000000
102327  -25.314  6.441  -25.205 0.0000000000
95978  -21.296  0.686  -28.080 0.0000000000
95964  -22.647  0.998  -27.281 0.0000000000
97000  -23.762  1.097  -25.734 0.0000000000
93897  -23.669  -1.163  -26.542 0.0000000000
94887  -24.478  -0.052  -25.391 0.0000000000
96987  -25.467  1.572  -23.905 0.0000000000
86275  -26.702  -8.984  -24.939 0.0000000000
87296  -28.206  -8.054  -25.120 0.0000000000
78997  -19.063  -15.512  -22.365 0.0000000000
77726  -20.961  -16.538  -23.483 0.0000000000
77727  -21.867  -16.565  -23.604 0.0000000000
77741  -23.071  -16.788  -24.652 0.0000000000
74190  -23.426  -19.033  -23.237 0.0000000000
75370  -23.878  -18.159  -24.090 0.0000000000
76522  -24.637  -17.674  -24.296 0.0000000000
97010  -19.760  1.562  -26.996 0.0000000000
87309  -23.590  -7.611  -26.647 0.0000000000
87321  -23.238  -6.998  -27.144 0.0000000000
88424  -24.150  -6.162  -26.332 0.0000000000
88409  -24.562  -6.760  -25.432 0.0000000000
84356  -20.371  -10.618  -24.825 0.0000000000
83397  -21.587  -11.405  -25.474 0.0000000000
83398  -22.285  -11.320  -25.879 0.0000000000
79038  -23.698  -15.662  -25.218 0.0000000000
77753  -24.584  -16.228  -25.171 0.0000000000
102331  -23.216  6.393  -26.248 0.0000000000
103267  -24.527  7.334  -26.718 0.0000000000
103260  -24.765  6.886  -26.338 0.0000000000
99098  -24.888  3.430  -24.621 0.0000000000
100180  -25.530  4.178  -24.141 0.0000000000
99085  -25.410  3.167  -24.016 0.0000000000
99086  -25.843  3.376  -23.433 0.0000000000
91869  -20.975  -3.913  -27.840 0.0000000000
91843  -20.102  -3.922  -26.743 0.0000000000
91856  -21.083  -2.896  -27.849 0.0000000000
92918  -20.287  -2.261  -27.444 0.0000000000
92934  -21.455  -2.414  -28.120 0.0000000000
93934  -21.945  -1.700  -28.416 0.0000000000
92935  -22.086  -2.585  -28.332 0.0000000000
92849  -26.664  -2.428  -23.675 0.0000000000
93843  -26.068  -1.596  -23.734 0.0000000000
84371  -27.901  -10.943  -26.230 0.0000000000
83412  -28.329  -12.104  -26.908 0.0000000000
73021  -21.440  -20.381  -22.527 0.0000000000
74175  -20.987  -19.586  -22.506 0.0000000000
75343  -21.815  -18.816  -23.086 0.0000000000
81308  -20.490  -13.474  -24.049 0.0000000000
82337  -21.383  -12.831  -24.758 0.0000000000
80240  -20.519  -14.840  -23.660 0.0000000000
80249  -21.043  -14.457  -24.105 0.0000000000
79024  -21.752  -14.991  -24.133 0.0000000000
100216  -22.174  4.632  -26.871 0.0000000000
99125  -21.741  3.999  -27.215 0.0000000000
99127  -23.129  3.540  -26.563 0.0000000000
98067  -22.752  2.783  -26.806 0.0000000000
98051  -23.755  2.831  -25.890 0.0000000000
98068  -23.380  2.548  -26.392 0.0000000000
87293  -20.152  -7.329  -25.808 0.0000000000
87307  -20.745  -7.205  -26.310 0.0000000000
88433  -22.867  -6.057  -27.586 0.0000000000
88432  -21.873  -6.086  -27.432 0.0000000000
89657  -22.249  -4.992  -27.791 0.0000000000
89672  -21.738  -4.765  -27.944 0.0000000000
90766  -22.701  -4.084  -27.645 0.0000000000
89659  -23.670  -5.037  -26.913 0.0000000000
89633  -24.641  -5.530  -25.421 0.0000000000
90738  -24.320  -4.404  -25.595 0.0000000000
90739  -24.981  -4.508  -24.866 0.0000000000
91802  -25.484  -3.567  -24.472 0.0000000000
90718  -25.828  -4.599  -24.314 0.0000000000
91804  -27.532  -3.791  -23.797 0.0000000000
90719  -26.864  -4.714  -24.088 0.0000000000
88398  -26.899  -6.716  -24.500 0.0000000000
89624  -27.313  -5.685  -24.437 0.0000000000
71800  -22.113  -21.190  -21.609 0.0000000000
73010  -22.755  -20.363  -21.458 0.0000000000
85344  -19.988  -8.980  -25.192 0.0000000000
86270  -19.665  -8.438  -24.941 0.0000000000
84381  -22.049  -9.987  -26.164 0.0000000000
85359  -22.213  -9.262  -26.459 0.0000000000
85360  -23.046  -9.368  -26.635 0.0000000000
85361  -23.759  -9.400  -26.294 0.0000000000
84383  -23.468  -10.230  -26.267 0.0000000000
82359  -23.875  -11.566  -26.278 0.0000000000
83411  -23.883  -10.946  -26.243 0.0000000000
83399  -24.529  -11.501  -25.816 0.0000000000
83400  -25.655  -11.730  -25.535 0.0000000000
82349  -25.369  -12.662  -25.752 0.0000000000
82346  -22.519  -12.396  -25.459 0.0000000000
81318  -23.243  -13.593  -25.754 0.0000000000
80261  -25.260  -14.528  -25.596 0.0000000000
81319  -24.223  -13.562  -25.811 0.0000000000
80262  -25.917  -14.372  -25.855 0.0000000000
81321  -26.265  -13.802  -25.875 0.0000000000
81327  -27.045  -14.402  -26.272 0.0000000000
80270  -26.542  -14.833  -26.345 0.0000000000
79041  -26.985  -15.794  -25.888 0.0000000000
79028  -26.964  -15.561  -25.182 0.0000000000
80252  -27.460  -15.110  -25.070 0.0000000000
100201  -24.799  5.057  -25.653 0.0000000000
101289  -25.077  5.575  -25.463 0.0000000000
88407  -19.642  -6.355  -25.578 0.0000000000
93911  -19.468  -1.286  -26.733 0.0000000000
94930  -19.518  -0.343  -27.195 0.0000000000
95977  -20.349  0.537  -28.042 0.0000000000
95996  -20.945  0.038  -28.359 0.0000000000
95980  -23.039  -0.081  -27.445 0.0000000000
95979  -22.417  0.346  -27.885 0.0000000000
95965  -23.131  0.516  -26.933 0.0000000000
95950  -23.639  0.462  -26.128 0.0000000000
92883  -23.702  -2.715  -26.491 0.0000000000
93877  -23.579  -2.269  -26.684 0.0000000000
93879  -24.237  -1.782  -25.641 0.0000000000
94889  -25.585  -0.700  -23.954 0.0000000000
94888  -24.795  -0.625  -24.847 0.0000000000
95937  -25.388  0.462  -24.068 0.0000000000
95936  -24.651  0.551  -24.952 0.0000000000
95921  -25.753  1.018  -23.609 0.0000000000
96970  -26.853  1.543  -22.994 0.0000000000
85347  -25.345  -9.679  -25.449 0.0000000000
86274  -25.612  -8.560  -25.037 0.0000000000
86277  -28.499  -8.778  -25.736 0.0000000000
76492  -20.369  -17.521  -22.488 0.0000000000
77713  -19.796  -16.538  -22.370 0.0000000000
78998  -19.870  -16.029  -22.689 0.0000000000
76505  -22.260  -17.430  -23.693 0.0000000000
77728  -22.449  -16.689  -24.137 0.0000000000
76520  -22.895  -17.573  -24.167 0.0000000000
74178  -23.351  -19.395  -22.821 0.0000000000
80239  -19.716  -14.435  -23.361 0.0000000000
99140  -21.131  3.562  -27.246 0.0000000000
98079  -20.694  2.681  -27.175 0.0000000000
98080  -21.381  2.543  -27.465 0.0000000000
97027  -21.751  1.540  -27.732 0.0000000000
86299  -22.187  -7.724  -27.115 0.0000000000
87319  -21.734  -7.094  -27.110 0.0000000000
88434  -23.703  -5.980  -27.189 0.0000000000
88435  -23.938  -5.525  -26.720 0.0000000000
88397  -25.965  -6.941  -24.602 0.0000000000
87284  -26.570  -7.620  -24.614 0.0000000000
85335  -20.366  -10.079  -25.089 0.0000000000
85345  -20.604  -9.500  -25.455 0.0000000000
84366  -21.583  -10.403  -25.781 0.0000000000
83409  -22.780  -11.196  -26.339 0.0000000000
82358  -23.389  -11.832  -26.360 0.0000000000
80259  -23.097  -14.547  -25.440 0.0000000000
79048  -26.410  -15.205  -26.254 0.0000000000
101285  -21.528  5.449  -25.711 0.0000000000
103265  -22.827  7.057  -25.924 0.0000000000
104209  -25.747  8.428  -26.030 0.0000000000
100189  -24.998  4.591  -25.075 0.0000000000
101280  -25.583  5.457  -24.471 0.0000000000
91842  -19.514  -3.342  -26.375 0.0000000000
92917  -19.722  -2.181  -26.959 0.0000000000
93932  -20.700  -1.078  -28.014 0.0000000000
94947  -21.117  -0.652  -28.325 0.0000000000
94948  -21.786  -0.868  -28.451 0.0000000000
94932  -22.454  -0.919  -28.213 0.0000000000
94915  -23.429  -0.684  -26.962 0.0000000000
92869  -25.131  -2.613  -24.746 0.0000000000
93862  -24.727  -1.747  -25.024 0.0000000000
95938  -25.870  -0.104  -23.650 0.0000000000
85349  -27.350  -9.928  -25.382 0.0000000000
84372  -28.475  -10.485  -26.595 0.0000000000
76503  -20.907  -17.410  -23.178 0.0000000000
75354  -21.336  -17.869  -23.290 0.0000000000
75355  -21.871  -18.197  -23.393 0.0000000000
75356  -22.774  -18.262  -23.695 0.0000000000
83385  -20.151  -11.873  -24.025 0.0000000000
82344  -20.942  -12.116  -24.816 0.0000000000
82345  -21.628  -12.136  -24.979 0.0000000000
81310  -21.952  -13.628  -24.743 0.0000000000
80258  -22.505  -14.482  -24.898 0.0000000000
100198  -21.000  4.669  -25.612 0.0000000000
101294  -21.934  5.248  -26.433 0.0000000000
101296  -23.648  5.479  -26.325 0.0000000000
101297  -24.109  6.022  -26.296 0.0000000000
101287  -24.076  4.969  -26.164 0.0000000000
100199  -23.625  4.310  -26.141 0.0000000000
99126  -22.416  3.619  -27.029 0.0000000000
99111  -23.900  3.571  -25.548 0.0000000000
99097  -24.312  3.207  -25.061 0.0000000000
98036  -24.558  2.451  -24.846 0.0000000000
88420  -20.145  -5.941  -26.115 0.0000000000
88422  -21.341  -6.457  -27.031 0.0000000000
88421  -20.739  -6.201  -26.643 0.0000000000
89642  -20.221  -5.293  -26.565 0.0000000000
89643  -20.687  -5.271  -27.250 0.0000000000
90774  -21.296  -4.319  -27.977 0.0000000000
91871  -22.331  -3.471  -28.111 0.0000000000
92920  -22.698  -2.529  -27.994 0.0000000000
91857  -22.862  -3.190  -27.757 0.0000000000
91844  -23.565  -3.433  -26.808 0.0000000000
91822  -23.804  -3.412  -26.210 0.0000000000
90752  -23.942  -4.557  -26.144 0.0000000000
90737  -23.905  -4.022  -25.970 0.0000000000
91823  -24.198  -3.438  -25.671 0.0000000000
91785  -27.230  -3.022  -23.642 0.0000000000
82360  -28.086  -13.182  -27.007 0.0000000000
73022  -22.047  -20.362  -22.630 0.0000000000
86271  -20.159  -8.348  -25.555 0.0000000000
86284  -20.620  -7.955  -26.095 0.0000000000
86288  -24.094  -8.436  -26.141 0.0000000000
87294  -24.616  -7.888  -25.432 0.0000000000
84384  -24.128  -10.381  -25.938 0.0000000000
84369  -26.012  -10.794  -25.368 0.0000000000
83401  -26.673  -11.883  -25.762 0.0000000000
82351  -27.335  -12.989  -26.158 0.0000000000
81328  -27.762  -14.182  -26.563 0.0000000000
79049  -26.870  -15.443  -26.315 0.0000000000
79051  -27.879  -15.819  -26.317 0.0000000000
102326  -24.825  6.414  -25.889 0.0000000000
103250  -25.553  7.204  -24.950 0.0000000000
102319  -25.841  6.489  -24.475 0.0000000000
97025  -19.977  1.157  -27.724 0.0000000000
95997  -21.642  -0.107  -28.370 0.0000000000
97028  -22.373  1.420  -27.458 0.0000000000
97013  -23.483  1.441  -26.259 0.0000000000
97014  -23.830  1.560  -25.806 0.0000000000
97001  -24.241  1.546  -25.357 0.0000000000
93896  -23.442  -1.814  -26.967 0.0000000000
94916  -23.688  -0.831  -26.488 0.0000000000
94900  -24.481  -1.197  -25.392 0.0000000000
94899  -23.984  -0.664  -25.965 0.0000000000
95951  -24.128  0.489  -25.573 0.0000000000
96986  -24.885  1.499  -24.540 0.0000000000
98020  -25.657  2.437  -23.639 0.0000000000
86263  -25.882  -8.227  -24.820 0.0000000000
86264  -26.249  -8.261  -24.776 0.0000000000
87285  -27.514  -7.647  -24.696 0.0000000000
86276  -27.675  -8.823  -25.087 0.0000000000
79010  -20.162  -15.563  -23.176 0.0000000000
79012  -22.155  -16.061  -23.892 0.0000000000
74189  -23.019  -19.130  -23.343 0.0000000000
75357  -23.492  -18.575  -23.591 0.0000000000
75369  -23.291  -18.022  -23.996 0.0000000000
76521  -23.632  -17.550  -24.423 0.0000000000
77742  -24.041  -16.675  -24.834 0.0000000000
77743  -25.125  -16.955  -25.025 0.0000000000
77752  -24.101  -16.226  -25.144 0.0000000000
79029  -27.587  -15.540  -25.566 0.0000000000
79043  -28.036  -15.660  -26.229 0.0000000000
79050  -27.622  -15.642  -26.263 0.0000000000
80263  -27.876  -15.468  -25.671 0.0000000000
86265  -26.954  -8.291  -24.716 0.0000000000
86301  -23.248  -7.698  -26.933 0.0000000000
87283  -25.876  -7.837  -24.737 0.0000000000
87308  -21.246  -7.000  -26.675 0.0000000000
89644  -23.844  -4.855  -26.491 0.0000000000
89656  -21.341  -5.106  -27.819 0.0000000000
89660  -23.885  -5.172  -26.610 0.0000000000
89671  -21.536  -4.621  -27.975 0.0000000000
90764  -20.812  -4.439  -27.621 0.0000000000
90767  -23.315  -4.214  -27.094 0.0000000000
90775  -21.901  -4.277  -28.079 0.0000000000
90776  -22.314  -4.057  -27.978 0.0000000000
91855  -20.519  -3.394  -27.413 0.0000000000
91858  -23.248  -3.352  -27.352 0.0000000000
92885  -24.519  -2.620  -25.354 0.0000000000
92903  -23.513  -2.684  -27.015 0.0000000000
92919  -20.882  -2.355  -27.789 0.0000000000
93878  -23.766  -1.858  -26.290 0.0000000000
93912  -20.113  -1.154  -27.499 0.0000000000
93914  -22.481  -1.853  -28.208 0.0000000000
93933  -21.227  -1.529  -28.146 0.0000000000
94931  -19.866  -0.167  -27.871 0.0000000000
94933  -22.930  -0.563  -27.719 0.0000000000
95976  -19.691  0.567  -27.515 0.0000000000
97012  -22.846  1.741  -26.931 0.0000000000
98052  -24.117  2.614  -25.456 0.0000000000
102333  -24.447  6.453  -26.352 0.0000000000
