#!ascii label  , from subject abby vox2ras=TkReg
1006
77726  -20.961  -16.538  -23.483 0.5555555820
79011  -21.404  -15.559  -23.770 0.6666666865
79024  -21.752  -14.991  -24.133 0.7777777910
79025  -22.505  -15.614  -24.548 0.7777777910
81317  -22.526  -13.609  -25.277 0.8888888955
80261  -25.260  -14.528  -25.596 0.8888888955
78998  -19.870  -16.029  -22.689 0.5555555820
79010  -20.162  -15.563  -23.176 0.5555555820
80240  -20.519  -14.840  -23.660 0.6666666865
80249  -21.043  -14.457  -24.105 0.8888888955
79037  -22.984  -15.064  -24.998 0.8888888955
81318  -23.243  -13.593  -25.754 0.8888888955
81319  -24.223  -13.562  -25.811 1.0000000000
80262  -25.917  -14.372  -25.855 0.8888888955
82349  -25.369  -12.662  -25.752 1.0000000000
80239  -19.716  -14.435  -23.361 0.7777777910
82337  -21.383  -12.831  -24.758 1.0000000000
82344  -20.942  -12.116  -24.816 1.0000000000
82338  -22.081  -12.879  -24.912 1.0000000000
82357  -22.800  -11.935  -26.202 1.0000000000
82345  -21.628  -12.136  -24.979 1.0000000000
82358  -23.389  -11.832  -26.360 1.0000000000
83398  -22.285  -11.320  -25.879 1.0000000000
82359  -23.875  -11.566  -26.278 1.0000000000
83400  -25.655  -11.730  -25.535 1.0000000000
83410  -23.355  -11.020  -26.397 1.0000000000
83411  -23.883  -10.946  -26.243 1.0000000000
84369  -26.012  -10.794  -25.368 1.0000000000
85347  -25.345  -9.679  -25.449 1.0000000000
85348  -26.338  -9.810  -25.290 0.7777777910
84356  -20.371  -10.618  -24.825 0.8888888955
83396  -20.903  -11.428  -25.073 1.0000000000
83409  -22.780  -11.196  -26.339 1.0000000000
84365  -20.853  -10.598  -25.341 1.0000000000
84382  -22.745  -10.249  -26.341 1.0000000000
84383  -23.468  -10.230  -26.267 1.0000000000
85362  -24.440  -9.559  -25.739 1.0000000000
86275  -26.702  -8.984  -24.939 0.8888888955
86274  -25.612  -8.560  -25.037 1.0000000000
86276  -27.675  -8.823  -25.087 0.7777777910
85334  -19.729  -9.555  -24.656 0.5555555820
86284  -20.620  -7.955  -26.095 0.7777777910
85346  -21.467  -9.319  -26.043 0.8888888955
85359  -22.213  -9.262  -26.459 1.0000000000
86286  -22.526  -8.457  -26.831 0.8888888955
86287  -23.348  -8.409  -26.763 1.0000000000
87294  -24.616  -7.888  -25.432 1.0000000000
86263  -25.882  -8.227  -24.820 0.8888888955
87295  -25.179  -7.399  -24.828 1.0000000000
88398  -26.899  -6.716  -24.500 0.7777777910
87286  -28.262  -7.307  -24.900 0.6666666865
88399  -27.833  -6.599  -24.611 0.6666666865
87292  -19.568  -7.452  -25.199 0.4444444478
86271  -20.159  -8.348  -25.555 0.7777777910
87293  -20.152  -7.329  -25.808 0.6666666865
87319  -21.734  -7.094  -27.110 0.7777777910
86299  -22.187  -7.724  -27.115 0.8888888955
86300  -22.852  -7.739  -27.104 0.8888888955
86288  -24.094  -8.436  -26.141 1.0000000000
87321  -23.238  -6.998  -27.144 1.0000000000
88423  -23.708  -6.802  -26.680 1.0000000000
88409  -24.562  -6.760  -25.432 1.0000000000
88410  -25.262  -6.291  -24.870 0.8888888955
89623  -26.188  -5.767  -24.461 0.7777777910
88400  -28.556  -6.527  -25.055 0.5555555820
89624  -27.313  -5.685  -24.437 0.7777777910
90720  -27.888  -4.684  -24.259 0.6666666865
88420  -20.145  -5.941  -26.115 0.6666666865
88407  -19.642  -6.355  -25.578 0.6666666865
88422  -21.341  -6.457  -27.031 0.7777777910
88421  -20.739  -6.201  -26.643 0.7777777910
87320  -22.465  -6.979  -27.336 0.8888888955
88433  -22.867  -6.057  -27.586 1.0000000000
88434  -23.703  -5.980  -27.189 1.0000000000
88435  -23.938  -5.525  -26.720 1.0000000000
88424  -24.150  -6.162  -26.332 0.8888888955
89633  -24.641  -5.530  -25.421 0.8888888955
89634  -25.336  -5.351  -24.749 0.8888888955
90738  -24.320  -4.404  -25.595 0.8888888955
90739  -24.981  -4.508  -24.866 0.7777777910
90718  -25.828  -4.599  -24.314 0.7777777910
89632  -19.630  -5.364  -26.024 0.6666666865
89642  -20.221  -5.293  -26.565 0.7777777910
88431  -21.148  -5.858  -27.298 0.8888888955
89657  -22.249  -4.992  -27.791 0.8888888955
89658  -23.130  -5.083  -27.417 1.0000000000
90752  -23.942  -4.557  -26.144 1.0000000000
89645  -24.089  -5.185  -26.195 0.8888888955
91802  -25.484  -3.567  -24.472 0.7777777910
92870  -25.827  -2.580  -24.074 0.7777777910
91804  -27.532  -3.791  -23.797 0.6666666865
91787  -28.328  -2.768  -23.945 0.5555555820
91805  -28.487  -3.423  -24.461 0.5555555820
90750  -20.402  -4.468  -26.955 0.7777777910
90749  -19.796  -4.507  -26.438 0.6666666865
89643  -20.687  -5.271  -27.250 0.8888888955
90765  -22.304  -4.365  -27.915 1.0000000000
90766  -22.701  -4.084  -27.645 1.0000000000
91822  -23.804  -3.412  -26.210 0.8888888955
90737  -23.905  -4.022  -25.970 0.8888888955
92884  -23.994  -2.635  -25.907 0.8888888955
91824  -24.743  -3.526  -25.088 0.8888888955
93843  -26.068  -1.596  -23.734 0.7777777910
92849  -26.664  -2.428  -23.675 0.7777777910
91786  -27.945  -2.970  -23.707 0.5555555820
93863  -25.324  -1.650  -24.342 0.7777777910
93844  -26.966  -1.476  -23.568 0.5555555820
93864  -28.535  -1.767  -23.715 0.5555555820
94872  -26.335  -0.650  -23.565 0.6666666865
91820  -18.962  -3.043  -25.375 0.4444444478
91843  -20.102  -3.922  -26.743 0.5555555820
91856  -21.083  -2.896  -27.849 0.7777777910
91871  -22.331  -3.471  -28.111 1.0000000000
91869  -20.975  -3.913  -27.840 0.8888888955
92920  -22.698  -2.529  -27.994 1.0000000000
92921  -23.176  -2.519  -27.512 0.8888888955
93877  -23.579  -2.269  -26.684 0.8888888955
92883  -23.702  -2.715  -26.491 0.8888888955
93879  -24.237  -1.782  -25.641 0.8888888955
93862  -24.727  -1.747  -25.024 0.8888888955
94889  -25.585  -0.700  -23.954 0.6666666865
94873  -27.246  -0.497  -23.383 0.5555555820
94946  -20.459  -0.407  -28.126 0.6666666865
92917  -19.722  -2.181  -26.959 0.6666666865
94948  -21.786  -0.868  -28.451 0.7777777910
93915  -23.015  -1.545  -27.729 0.8888888955
94932  -22.454  -0.919  -28.213 0.7777777910
94915  -23.429  -0.684  -26.962 0.7777777910
93896  -23.442  -1.814  -26.967 0.8888888955
94898  -23.589  -0.086  -26.524 0.7777777910
93897  -23.669  -1.163  -26.542 0.8888888955
94887  -24.478  -0.052  -25.391 0.7777777910
94899  -23.984  -0.664  -25.965 0.7777777910
94888  -24.795  -0.625  -24.847 0.6666666865
97000  -23.762  1.097  -25.734 0.6666666865
95936  -24.651  0.551  -24.952 0.6666666865
95937  -25.388  0.462  -24.068 0.6666666865
98037  -25.171  2.423  -24.286 0.6666666865
96987  -25.467  1.572  -23.905 0.5555555820
96970  -26.853  1.543  -22.994 0.5555555820
96969  -26.035  1.590  -23.397 0.5555555820
96999  -19.178  1.372  -25.771 0.3333333433
95963  -19.305  0.473  -26.548 0.3333333433
95977  -20.349  0.537  -28.042 0.5555555820
95996  -20.945  0.038  -28.359 0.6666666865
97026  -20.635  1.654  -27.657 0.5555555820
95997  -21.642  -0.107  -28.370 0.7777777910
95979  -22.417  0.346  -27.885 0.7777777910
97028  -22.373  1.420  -27.458 0.6666666865
95965  -23.131  0.516  -26.933 0.6666666865
95964  -22.647  0.998  -27.281 0.6666666865
97014  -23.830  1.560  -25.806 0.6666666865
98036  -24.558  2.451  -24.846 0.6666666865
98020  -25.657  2.437  -23.639 0.5555555820
99087  -26.706  3.558  -22.945 0.5555555820
99086  -25.843  3.376  -23.433 0.6666666865
98065  -19.727  1.993  -26.165 0.4444444478
96985  -18.946  1.849  -25.105 0.4444444478
97010  -19.760  1.562  -26.996 0.4444444478
98066  -20.092  2.649  -26.507 0.5555555820
97027  -21.751  1.540  -27.732 0.6666666865
98081  -22.229  2.441  -27.347 0.6666666865
97013  -23.483  1.441  -26.259 0.6666666865
98069  -23.895  2.096  -25.940 0.6666666865
99097  -24.312  3.207  -25.061 0.6666666865
100180  -25.530  4.178  -24.141 0.6666666865
100181  -26.071  4.358  -23.419 0.5555555820
98050  -19.751  3.159  -25.989 0.4444444478
99141  -21.789  3.258  -27.317 0.6666666865
99127  -23.129  3.540  -26.563 0.6666666865
98068  -23.380  2.548  -26.392 0.6666666865
98067  -22.752  2.783  -26.806 0.6666666865
100188  -24.366  3.930  -25.079 0.6666666865
80258  -22.505  -14.482  -24.898 0.8888888955
82346  -22.519  -12.396  -25.459 1.0000000000
82348  -24.263  -12.481  -26.049 1.0000000000
88406  -19.212  -6.679  -24.997 0.5555555820
90736  -19.386  -4.547  -25.727 0.5555555820
91841  -19.128  -2.704  -25.944 0.5555555820
91857  -22.862  -3.190  -27.757 1.0000000000
92869  -25.131  -2.613  -24.746 0.8888888955
95938  -25.870  -0.104  -23.650 0.6666666865
95980  -23.039  -0.081  -27.445 0.7777777910
95922  -26.367  0.484  -23.403 0.4444444478
98080  -21.381  2.543  -27.465 0.6666666865
99140  -21.131  3.562  -27.246 0.6666666865
89622  -19.296  -5.411  -25.310 0.4444444478
100182  -26.724  4.611  -23.039 0.5555555820
100173  -27.593  4.234  -22.754 0.5555555820
98049  -19.460  2.526  -25.534 0.3333333433
76492  -20.369  -17.521  -22.488 0.5555555820
76504  -21.517  -17.343  -23.451 0.5555555820
79012  -22.155  -16.061  -23.892 0.5555555820
77741  -23.071  -16.788  -24.652 0.5555555820
79039  -24.895  -15.411  -25.345 0.7777777910
79026  -23.305  -16.212  -24.872 0.6666666865
79038  -23.698  -15.662  -25.218 0.6666666865
80269  -26.064  -14.916  -26.072 0.7777777910
81327  -27.045  -14.402  -26.272 0.7777777910
82350  -26.417  -12.802  -25.791 0.8888888955
77706  -19.232  -16.519  -21.841 0.4444444478
79009  -19.412  -15.032  -23.046 0.5555555820
81300  -18.956  -13.481  -23.134 0.2222222239
81301  -19.819  -13.434  -23.556 0.6666666865
84370  -26.991  -10.918  -25.658 0.8888888955
86277  -28.499  -8.778  -25.736 0.6666666865
83385  -20.151  -11.873  -24.025 0.5555555820
87296  -28.206  -8.054  -25.120 0.6666666865
84355  -19.905  -10.585  -24.319 0.4444444478
87297  -28.748  -7.542  -25.768 0.5555555820
89635  -29.218  -5.415  -26.082 0.5555555820
86261  -18.956  -8.441  -23.705 0.2222222239
89626  -28.781  -5.554  -25.264 0.5555555820
87291  -19.146  -7.150  -24.667 0.4444444478
91825  -28.762  -4.058  -25.084 0.5555555820
89600  -18.438  -5.522  -23.971 0.3333333433
91806  -28.921  -2.929  -25.091 0.5555555820
91821  -19.186  -3.906  -25.167 0.4444444478
92872  -29.018  -2.377  -24.685 0.4444444478
91797  -18.701  -3.604  -24.246 0.3333333433
93846  -28.591  -1.156  -23.579 0.5555555820
95923  -27.631  0.548  -22.930 0.4444444478
95949  -18.898  0.613  -25.831 0.3333333433
95962  -18.870  0.051  -25.994 0.3333333433
94914  -19.115  -0.516  -26.401 0.4444444478
99073  -27.535  3.253  -22.686 0.4444444478
101265  -28.156  5.142  -22.808 0.2222222239
99139  -20.630  3.442  -26.813 0.6666666865
99126  -22.416  3.619  -27.029 0.6666666865
99110  -23.532  3.364  -26.102 0.6666666865
100200  -24.313  4.586  -25.675 0.6666666865
101280  -25.583  5.457  -24.471 0.6666666865
100189  -24.998  4.591  -25.075 0.6666666865
101272  -25.753  4.891  -23.809 0.6666666865
101273  -26.269  5.441  -23.573 0.4444444478
101274  -27.231  5.344  -23.014 0.3333333433
100232  -20.821  3.983  -27.006 0.5555555820
77714  -20.388  -16.577  -22.868 0.5555555820
77727  -21.867  -16.565  -23.604 0.6666666865
80250  -21.854  -14.447  -24.435 0.8888888955
80259  -23.097  -14.547  -25.440 0.8888888955
81310  -21.952  -13.628  -24.743 1.0000000000
80260  -24.054  -14.569  -25.584 0.8888888955
77713  -19.796  -16.538  -22.370 0.4444444478
78997  -19.063  -15.512  -22.365 0.5555555820
80248  -20.332  -14.129  -23.737 0.8888888955
81320  -25.215  -13.563  -25.757 1.0000000000
82347  -23.383  -12.656  -26.054 1.0000000000
81321  -26.265  -13.802  -25.875 1.0000000000
81309  -21.177  -13.597  -24.499 1.0000000000
81308  -20.490  -13.474  -24.049 0.8888888955
82336  -20.608  -12.587  -24.424 0.8888888955
83397  -21.587  -11.405  -25.474 1.0000000000
84367  -22.286  -10.641  -26.116 1.0000000000
83399  -24.529  -11.501  -25.816 1.0000000000
83401  -26.673  -11.883  -25.762 0.8888888955
84368  -24.981  -10.611  -25.564 1.0000000000
84384  -24.128  -10.381  -25.938 1.0000000000
85349  -27.350  -9.928  -25.382 0.7777777910
83391  -20.411  -11.489  -24.511 0.6666666865
83390  -19.943  -11.201  -23.999 0.5555555820
84366  -21.583  -10.403  -25.781 1.0000000000
84381  -22.049  -9.987  -26.164 1.0000000000
85360  -23.046  -9.368  -26.635 1.0000000000
85361  -23.759  -9.400  -26.294 1.0000000000
86273  -24.742  -8.833  -25.482 1.0000000000
86264  -26.249  -8.261  -24.776 0.8888888955
87285  -27.514  -7.647  -24.696 0.7777777910
85322  -19.439  -10.110  -24.185 0.5555555820
85344  -19.988  -8.980  -25.192 0.6666666865
85335  -20.366  -10.079  -25.089 0.7777777910
85345  -20.604  -9.500  -25.455 0.7777777910
86272  -20.882  -8.633  -25.893 0.7777777910
86285  -21.485  -8.099  -26.553 0.8888888955
87310  -24.062  -7.278  -26.097 1.0000000000
88397  -25.965  -6.941  -24.602 0.8888888955
87284  -26.570  -7.620  -24.614 0.7777777910
88411  -29.065  -6.389  -25.808 0.5555555820
89625  -28.193  -5.635  -24.671 0.6666666865
87281  -18.847  -7.478  -24.116 0.3333333433
87282  -19.353  -7.778  -24.612 0.3333333433
86270  -19.665  -8.438  -24.941 0.4444444478
88408  -20.312  -6.597  -26.046 0.6666666865
87307  -20.745  -7.205  -26.310 0.7777777910
87309  -23.590  -7.611  -26.647 1.0000000000
90719  -26.864  -4.714  -24.088 0.7777777910
90721  -28.541  -4.675  -24.810 0.5555555820
88432  -21.873  -6.086  -27.432 0.8888888955
89659  -23.670  -5.037  -26.913 1.0000000000
91803  -26.448  -3.560  -23.851 0.7777777910
88396  -19.060  -6.063  -25.055 0.4444444478
89672  -21.738  -4.765  -27.944 0.8888888955
90751  -23.674  -4.234  -26.508 0.8888888955
91785  -27.230  -3.022  -23.642 0.6666666865
92871  -28.630  -2.363  -24.062 0.5555555820
90774  -21.296  -4.319  -27.977 0.8888888955
91844  -23.565  -3.433  -26.808 1.0000000000
91823  -24.198  -3.438  -25.671 0.8888888955
92850  -27.504  -2.276  -23.582 0.6666666865
94900  -24.481  -1.197  -25.392 0.8888888955
93845  -27.913  -1.430  -23.476 0.5555555820
91842  -19.514  -3.342  -26.375 0.5555555820
91854  -19.952  -2.808  -27.109 0.5555555820
91870  -21.445  -3.424  -28.056 1.0000000000
92934  -21.455  -2.414  -28.120 0.7777777910
92918  -20.287  -2.261  -27.444 0.7777777910
92935  -22.086  -2.585  -28.332 0.7777777910
94874  -28.197  -0.475  -23.305 0.5555555820
93911  -19.468  -1.286  -26.733 0.5555555820
94930  -19.518  -0.343  -27.195 0.4444444478
93932  -20.700  -1.078  -28.014 0.6666666865
94947  -21.117  -0.652  -28.325 0.6666666865
93913  -20.655  -1.664  -27.770 0.7777777910
92902  -19.257  -2.191  -26.306 0.6666666865
95998  -22.125  -0.367  -28.332 0.7777777910
93934  -21.945  -1.700  -28.416 0.7777777910
94916  -23.688  -0.831  -26.488 0.7777777910
95950  -23.639  0.462  -26.128 0.6666666865
95951  -24.128  0.489  -25.573 0.6666666865
97001  -24.241  1.546  -25.357 0.6666666865
96986  -24.885  1.499  -24.540 0.6666666865
95921  -25.753  1.018  -23.609 0.5555555820
98022  -27.173  2.513  -22.790 0.4444444478
98021  -26.331  2.501  -23.129 0.5555555820
97025  -19.977  1.157  -27.724 0.5555555820
95978  -21.296  0.686  -28.080 0.6666666865
99098  -24.888  3.430  -24.621 0.6666666865
99085  -25.410  3.167  -24.016 0.6666666865
97011  -20.239  2.178  -27.173 0.5555555820
98079  -20.694  2.681  -27.175 0.6666666865
98051  -23.755  2.831  -25.890 0.6666666865
99111  -23.900  3.571  -25.548 0.6666666865
90714  -19.182  -4.696  -24.893 0.4444444478
92901  -18.850  -2.216  -25.651 0.3333333433
88395  -18.768  -6.412  -24.472 0.4444444478
89621  -18.926  -5.456  -24.638 0.4444444478
100174  -28.596  4.255  -22.605 0.3333333433
102313  -27.900  6.215  -22.994 0.3333333433
76503  -20.907  -17.410  -23.178 0.5555555820
79040  -26.120  -15.357  -25.711 0.6666666865
76491  -19.766  -17.172  -21.967 0.4444444478
76481  -19.989  -17.882  -21.879 0.5555555820
82351  -27.335  -12.989  -26.158 0.7777777910
77705  -18.599  -16.547  -21.380 0.3333333433
85350  -28.188  -9.826  -25.806 0.6666666865
82331  -20.035  -12.567  -23.770 0.7777777910
86262  -19.302  -8.451  -24.341 0.3333333433
85333  -19.184  -9.025  -24.130 0.3333333433
90713  -18.857  -4.675  -24.222 0.3333333433
91798  -19.061  -4.215  -24.580 0.3333333433
93895  -18.954  -1.388  -26.042 0.3333333433
102320  -26.345  6.403  -23.920 0.4444444478
75358  -24.193  -18.338  -23.537 0.4444444478
76483  -25.081  -17.105  -21.639 0.2222222239
75343  -21.815  -18.816  -23.086 0.4444444478
74188  -22.328  -19.014  -23.230 0.4444444478
76505  -22.260  -17.430  -23.693 0.4444444478
75368  -22.997  -17.947  -23.944 0.4444444478
75370  -23.878  -18.159  -24.090 0.4444444478
76522  -24.637  -17.674  -24.296 0.4444444478
77729  -25.762  -16.599  -24.047 0.2222222239
76521  -23.632  -17.550  -24.423 0.4444444478
78999  -26.062  -15.660  -23.312 0.1111111119
79000  -26.406  -15.182  -23.496 0.1111111119
77743  -25.125  -16.955  -25.025 0.4444444478
77744  -25.825  -16.598  -24.896 0.3333333433
77742  -24.041  -16.675  -24.834 0.4444444478
79027  -26.209  -15.670  -25.170 0.3333333433
79014  -26.540  -15.411  -24.111 0.2222222239
77754  -25.494  -16.050  -25.118 0.4444444478
77753  -24.584  -16.228  -25.171 0.4444444478
79042  -27.816  -15.856  -25.947 0.2222222239
80253  -27.951  -14.945  -25.443 0.1111111119
82340  -28.748  -13.494  -25.560 0.1111111119
79041  -26.985  -15.794  -25.888 0.3333333433
79051  -27.879  -15.819  -26.317 0.3333333433
80270  -26.542  -14.833  -26.345 0.4444444478
81328  -27.762  -14.182  -26.563 0.6666666865
81335  -29.449  -13.486  -27.244 0.4444444478
83422  -30.641  -11.755  -27.353 0.3333333433
83402  -27.498  -12.012  -26.395 0.6666666865
84385  -28.555  -11.259  -26.898 0.5555555820
84386  -29.154  -10.764  -27.239 0.5555555820
84396  -30.021  -11.116  -27.421 0.4444444478
85363  -29.467  -9.490  -27.080 0.3333333433
84371  -27.901  -10.943  -26.230 0.5555555820
86289  -29.017  -8.543  -26.598 0.4444444478
87311  -29.157  -7.642  -26.738 0.5555555820
87298  -29.215  -6.972  -26.425 0.4444444478
100217  -23.005  4.544  -26.706 0.5555555820
100199  -23.625  4.310  -26.141 0.5555555820
100201  -24.799  5.057  -25.653 0.5555555820
101289  -25.077  5.575  -25.463 0.5555555820
102327  -25.314  6.441  -25.205 0.5555555820
74190  -23.426  -19.033  -23.237 0.4444444478
76494  -25.198  -17.219  -22.619 0.2222222239
79013  -26.181  -15.919  -24.496 0.2222222239
80252  -27.460  -15.110  -25.070 0.2222222239
81312  -27.711  -14.390  -24.788 0.1111111119
80272  -28.088  -15.167  -26.366 0.4444444478
81323  -28.695  -14.411  -26.432 0.3333333433
80271  -27.361  -15.083  -26.526 0.4444444478
82360  -28.086  -13.182  -27.007 0.6666666865
82361  -28.901  -13.046  -27.329 0.4444444478
86291  -30.243  -8.707  -27.663 0.3333333433
90741  -29.399  -4.434  -26.366 0.4444444478
101296  -23.648  5.479  -26.325 0.5555555820
77728  -22.449  -16.689  -24.137 0.4444444478
82362  -30.069  -13.063  -27.032 0.2222222239
102319  -25.841  6.489  -24.475 0.5555555820
73022  -22.047  -20.362  -22.630 0.4444444478
74177  -22.652  -19.867  -22.756 0.4444444478
74178  -23.351  -19.395  -22.821 0.4444444478
75333  -24.385  -18.469  -21.703 0.2222222239
76482  -24.778  -17.810  -21.214 0.2222222239
76469  -25.164  -17.176  -20.681 0.1111111119
75342  -21.206  -18.453  -22.872 0.4444444478
74176  -21.779  -19.561  -22.885 0.4444444478
77715  -25.562  -16.487  -22.967 0.1111111119
80228  -26.071  -15.232  -22.411 0.1111111119
80229  -26.343  -14.801  -22.899 0.1111111119
81311  -27.107  -14.522  -24.223 0.1111111119
82333  -28.294  -12.733  -24.508 0.1111111119
83392  -28.881  -12.140  -25.039 0.1111111119
83403  -29.408  -12.916  -26.168 0.1111111119
83405  -31.046  -11.975  -26.880 0.2222222239
84397  -30.637  -10.685  -27.416 0.1111111119
83414  -30.605  -12.296  -27.065 0.2222222239
85364  -30.299  -9.488  -27.440 0.2222222239
86290  -29.711  -8.147  -27.466 0.3333333433
88412  -29.307  -6.180  -26.725 0.4444444478
89636  -29.516  -5.257  -27.032 0.3333333433
90753  -29.727  -4.314  -27.298 0.3333333433
90740  -28.983  -4.615  -25.502 0.4444444478
93865  -29.103  -1.514  -24.059 0.4444444478
96953  -28.383  1.912  -22.479 0.3333333433
99124  -20.212  3.650  -26.186 0.4444444478
100216  -22.174  4.632  -26.871 0.5555555820
101295  -22.694  5.519  -26.425 0.5555555820
101288  -24.433  5.572  -26.015 0.5555555820
102326  -24.825  6.414  -25.889 0.5555555820
103250  -25.553  7.204  -24.950 0.5555555820
75354  -21.336  -17.869  -23.290 0.4444444478
75355  -21.871  -18.197  -23.393 0.4444444478
79048  -26.410  -15.205  -26.254 0.6666666865
81322  -27.049  -13.679  -26.013 0.6666666865
84372  -28.475  -10.485  -26.595 0.5555555820
85351  -28.756  -9.648  -26.563 0.5555555820
91826  -29.198  -3.531  -25.585 0.4444444478
98007  -27.963  2.549  -22.554 0.3333333433
75357  -23.492  -18.575  -23.591 0.4444444478
76506  -24.833  -17.892  -23.188 0.4444444478
75345  -24.350  -18.456  -22.662 0.3333333433
75344  -23.802  -18.864  -23.051 0.4444444478
76493  -24.857  -17.888  -22.172 0.3333333433
75356  -22.774  -18.262  -23.695 0.4444444478
74189  -23.019  -19.130  -23.343 0.4444444478
76520  -22.895  -17.573  -24.167 0.4444444478
75369  -23.291  -18.022  -23.996 0.4444444478
76507  -25.267  -17.234  -23.649 0.4444444478
76523  -25.370  -17.112  -24.496 0.4444444478
80241  -26.655  -14.842  -23.743 0.1111111119
79028  -26.964  -15.561  -25.182 0.3333333433
80251  -26.933  -15.112  -24.471 0.2222222239
80264  -28.245  -15.346  -25.988 0.2222222239
81313  -28.287  -14.432  -25.500 0.1111111119
82352  -29.276  -13.805  -26.517 0.1111111119
79049  -26.870  -15.443  -26.315 0.3333333433
81329  -28.884  -14.129  -27.105 0.4444444478
82368  -30.142  -12.602  -27.176 0.3333333433
81324  -29.453  -14.162  -26.941 0.3333333433
83415  -31.340  -11.655  -27.082 0.1111111119
83421  -29.775  -11.890  -27.395 0.4444444478
83412  -28.329  -12.104  -26.908 0.5555555820
84387  -29.901  -10.324  -27.279 0.3333333433
87322  -29.788  -6.792  -28.039 0.4444444478
101287  -24.076  4.969  -26.164 0.5555555820
82339  -27.998  -13.570  -24.648 0.1111111119
102331  -23.216  6.393  -26.248 0.5555555820
82353  -29.787  -13.509  -26.887 0.2222222239
74165  -22.773  -20.100  -22.218 0.4444444478
75332  -23.793  -19.003  -22.215 0.4444444478
74175  -20.987  -19.586  -22.506 0.4444444478
75331  -20.476  -18.640  -22.184 0.4444444478
78990  -25.751  -15.620  -22.046 0.1111111119
77707  -25.345  -16.491  -22.074 0.1111111119
81302  -26.755  -14.110  -23.324 0.1111111119
67171  -23.120  -25.361  -18.135 0.1111111119
69380  -20.171  -23.605  -20.092 0.3333333433
68243  -22.337  -24.232  -18.927 0.2222222239
67188  -22.707  -24.738  -18.485 0.2222222239
68229  -23.861  -24.766  -18.000 0.1111111119
68244  -23.217  -24.226  -18.347 0.1111111119
71780  -19.479  -21.389  -20.532 0.3333333433
70588  -19.226  -22.424  -20.230 0.3333333433
69396  -19.356  -22.952  -20.247 0.3333333433
69399  -21.176  -22.743  -20.509 0.3333333433
70576  -21.610  -22.436  -20.295 0.3333333433
68257  -22.142  -23.456  -19.312 0.2222222239
69383  -22.233  -22.816  -19.363 0.2222222239
69368  -22.735  -23.188  -18.749 0.2222222239
69369  -23.625  -23.194  -18.119 0.1111111119
74154  -19.022  -19.481  -20.535 0.2222222239
72994  -18.861  -20.433  -20.242 0.2222222239
70589  -19.972  -22.259  -20.588 0.3333333433
70564  -22.594  -22.158  -19.127 0.1111111119
75318  -19.252  -18.560  -20.851 0.2222222239
72995  -19.518  -20.407  -20.799 0.3333333433
74163  -19.682  -19.554  -21.155 0.3333333433
73006  -20.105  -20.476  -21.337 0.3333333433
74164  -20.403  -19.722  -21.791 0.3333333433
73007  -20.566  -20.647  -21.754 0.3333333433
71797  -19.953  -21.072  -21.006 0.3333333433
71816  -20.864  -21.103  -21.950 0.3333333433
71782  -21.621  -21.775  -21.066 0.3333333433
71799  -21.374  -21.576  -21.559 0.3333333433
71783  -22.071  -21.649  -20.766 0.3333333433
72996  -22.494  -20.823  -21.168 0.3333333433
72987  -22.632  -20.879  -20.284 0.3333333433
71759  -22.960  -21.421  -18.937 0.1111111119
71771  -22.893  -20.854  -19.500 0.2222222239
76467  -18.730  -17.834  -20.750 0.2222222239
75330  -19.877  -18.638  -21.512 0.3333333433
71817  -21.236  -20.982  -22.212 0.3333333433
71800  -22.113  -21.190  -21.609 0.3333333433
73009  -22.463  -20.454  -22.003 0.3333333433
72988  -23.131  -20.237  -19.914 0.1111111119
76479  -18.497  -17.190  -20.977 0.3333333433
76480  -19.274  -17.515  -21.356 0.3333333433
73021  -21.440  -20.381  -22.527 0.3333333433
73010  -22.755  -20.363  -21.458 0.3333333433
74166  -23.160  -19.860  -21.811 0.3333333433
75319  -23.888  -19.078  -21.203 0.3333333433
88436  -29.709  -5.862  -28.526 0.2222222239
87331  -29.966  -6.337  -28.727 0.2222222239
92886  -29.425  -2.530  -25.426 0.3333333433
92904  -29.640  -2.724  -26.293 0.2222222239
69381  -21.012  -23.509  -20.139 0.3333333433
68256  -21.594  -23.922  -19.537 0.3333333433
70609  -21.114  -21.986  -21.256 0.3333333433
70591  -21.426  -22.052  -20.850 0.3333333433
70577  -22.061  -22.246  -19.904 0.3333333433
71770  -22.548  -21.563  -19.662 0.3333333433
74155  -23.462  -19.672  -20.570 0.3333333433
69379  -19.250  -23.356  -19.949 0.3333333433
68254  -19.863  -24.269  -19.664 0.3333333433
68255  -20.761  -24.334  -19.627 0.3333333433
68242  -21.536  -24.784  -19.131 0.3333333433
67172  -24.200  -25.454  -17.711 0.1111111119
68230  -24.589  -24.669  -17.639 0.1111111119
71779  -18.758  -21.400  -19.880 0.3333333433
69355  -24.067  -23.985  -17.830 0.1111111119
70566  -24.138  -22.306  -17.860 0.1111111119
74153  -18.220  -19.450  -19.996 0.2222222239
72978  -23.544  -20.374  -18.973 0.1111111119
74131  -23.807  -19.871  -19.108 0.1111111119
77692  -18.039  -16.572  -20.871 0.1111111119
89646  -29.743  -5.133  -27.942 0.2222222239
93880  -29.700  -1.571  -25.016 0.2222222239
93898  -29.863  -1.943  -26.002 0.2222222239
78989  -18.720  -16.010  -21.741 0.2222222239
91859  -29.923  -3.432  -27.454 0.2222222239
69398  -20.482  -22.912  -20.478 0.3333333433
69397  -19.711  -22.969  -20.361 0.3333333433
69382  -21.647  -23.006  -19.816 0.3333333433
70590  -20.744  -22.125  -20.933 0.3333333433
71781  -20.165  -21.644  -20.863 0.3333333433
70565  -23.294  -22.263  -18.480 0.1111111119
71758  -22.677  -21.704  -19.207 0.1111111119
75317  -18.463  -18.547  -20.443 0.2222222239
73020  -20.855  -20.478  -22.244 0.3333333433
71798  -20.580  -21.351  -21.386 0.3333333433
73008  -21.803  -20.934  -22.207 0.3333333433
71760  -23.857  -21.346  -18.317 0.1111111119
72997  -22.936  -20.307  -20.858 0.3333333433
67170  -22.115  -25.802  -18.173 0.1111111119
67187  -22.183  -25.101  -18.555 0.2222222239
69367  -18.631  -23.481  -19.257 0.2222222239
67201  -20.259  -24.926  -19.438 0.3333333433
68241  -20.822  -25.103  -19.177 0.3333333433
71769  -18.095  -21.307  -19.357 0.2222222239
89673  -30.279  -5.562  -28.909 0.1111111119
88438  -31.312  -6.009  -28.407 0.1111111119
90756  -31.961  -4.490  -26.601 0.1111111119
89663  -31.113  -5.220  -28.336 0.1111111119
90754  -30.886  -3.881  -27.989 0.1111111119
91847  -31.084  -3.162  -27.429 0.1111111119
91845  -29.589  -3.495  -26.737 0.1111111119
91861  -30.752  -3.027  -27.643 0.1111111119
92923  -30.112  -2.691  -27.418 0.1111111119
92924  -30.436  -2.573  -27.399 0.1111111119
94875  -28.975  -0.520  -23.640 0.2222222239
93916  -29.945  -2.171  -26.690 0.1111111119
93917  -30.121  -2.096  -27.044 0.1111111119
95905  -29.217  0.983  -22.940 0.1111111119
95904  -28.462  1.146  -22.659 0.2222222239
98008  -28.725  2.556  -22.434 0.1111111119
95925  -29.451  0.414  -23.724 0.1111111119
98023  -29.783  2.416  -23.349 0.1111111119
99125  -21.741  3.999  -27.215 0.4444444478
99074  -28.267  3.378  -22.551 0.1111111119
100198  -21.000  4.669  -25.612 0.4444444478
101294  -21.934  5.248  -26.433 0.4444444478
100175  -29.375  4.276  -22.690 0.1111111119
101297  -24.109  6.022  -26.296 0.4444444478
103242  -27.281  7.152  -23.578 0.3333333433
102312  -26.927  6.255  -23.420 0.2222222239
101266  -28.973  5.027  -22.736 0.1111111119
102304  -29.333  5.658  -22.892 0.1111111119
102332  -23.934  6.498  -26.509 0.4444444478
103267  -24.527  7.334  -26.718 0.4444444478
103260  -24.765  6.886  -26.338 0.4444444478
103261  -25.233  7.387  -26.057 0.4444444478
104199  -25.911  7.912  -25.274 0.4444444478
104200  -26.551  8.510  -24.875 0.4444444478
104201  -27.445  8.664  -24.339 0.2222222239
104192  -27.875  7.998  -23.697 0.2222222239
104202  -28.418  8.692  -24.032 0.2222222239
104193  -28.826  7.918  -23.582 0.2222222239
108964  -28.262  13.196  -29.065 0.1111111119
108044  -28.646  12.085  -26.990 0.1111111119
105203  -29.852  9.205  -24.595 0.1111111119
102324  -21.938  6.334  -25.439 0.4444444478
102325  -22.579  6.354  -25.836 0.4444444478
103265  -22.827  7.057  -25.924 0.3333333433
103266  -23.458  7.442  -26.292 0.4444444478
104221  -24.870  8.265  -27.017 0.4444444478
105226  -25.381  9.092  -26.639 0.4444444478
105211  -25.869  8.852  -26.197 0.4444444478
104209  -25.747  8.428  -26.030 0.4444444478
104210  -26.162  8.479  -25.507 0.4444444478
106173  -25.385  10.091  -27.273 0.3333333433
105213  -26.905  9.796  -25.527 0.3333333433
106160  -27.377  10.594  -25.851 0.1111111119
106148  -27.436  9.879  -25.114 0.1111111119
106161  -28.546  10.731  -25.425 0.1111111119
105201  -27.866  9.413  -24.551 0.2222222239
106150  -28.971  10.246  -24.896 0.1111111119
107093  -29.032  11.349  -25.817 0.1111111119
102318  -21.352  6.224  -24.863 0.2222222239
104220  -23.908  8.397  -26.543 0.3333333433
105227  -25.986  9.761  -26.581 0.4444444478
106175  -27.014  10.995  -26.594 0.2222222239
107103  -27.579  11.329  -26.609 0.1111111119
106197  -25.983  10.811  -28.379 0.1111111119
106187  -26.187  10.737  -28.070 0.1111111119
107128  -26.930  11.411  -28.200 0.1111111119
108043  -28.244  11.876  -27.056 0.1111111119
107127  -26.275  11.164  -28.654 0.1111111119
108053  -27.303  11.663  -28.074 0.1111111119
108054  -27.928  11.972  -27.669 0.1111111119
103258  -22.288  7.192  -25.315 0.3333333433
103259  -22.683  7.866  -25.585 0.3333333433
104197  -22.080  8.350  -24.503 0.3333333433
104208  -23.009  8.639  -25.883 0.3333333433
105225  -24.236  9.259  -26.714 0.3333333433
106172  -24.359  10.118  -27.143 0.2222222239
106186  -25.606  10.637  -28.142 0.2222222239
106196  -25.804  11.002  -28.495 0.1111111119
108065  -26.349  11.610  -29.264 0.1111111119
108963  -27.475  12.657  -29.137 0.1111111119
108995  -26.956  13.894  -31.923 0.1111111119
104184  -21.925  9.326  -22.945 0.1111111119
104191  -22.512  9.390  -23.438 0.1111111119
105210  -22.887  9.753  -25.175 0.2222222239
106158  -23.286  10.523  -25.570 0.2222222239
105224  -23.375  9.482  -26.164 0.3333333433
106171  -23.675  10.257  -26.449 0.3333333433
107100  -23.851  10.792  -26.694 0.2222222239
107101  -24.083  11.451  -27.018 0.1111111119
108052  -24.166  12.523  -27.446 0.1111111119
107112  -24.659  11.633  -28.068 0.1111111119
107125  -24.551  11.855  -28.724 0.1111111119
107137  -25.897  11.571  -29.335 0.1111111119
107136  -25.559  11.801  -29.604 0.1111111119
108086  -25.345  12.423  -30.838 0.1111111119
108078  -26.878  12.464  -29.653 0.1111111119
108965  -29.351  13.446  -29.040 0.1111111119
106138  -23.569  10.597  -23.165 0.1111111119
105198  -22.961  9.920  -23.941 0.1111111119
106146  -23.526  10.782  -24.331 0.1111111119
108025  -23.866  11.772  -24.713 0.1111111119
108033  -23.720  11.890  -25.089 0.1111111119
107090  -23.580  11.367  -25.979 0.2222222239
108042  -23.841  12.594  -26.514 0.1111111119
107091  -23.718  11.998  -26.273 0.1111111119
108947  -23.957  13.475  -26.902 0.1111111119
108063  -24.436  12.509  -28.368 0.1111111119
108961  -24.453  13.395  -28.877 0.1111111119
108064  -24.483  12.266  -29.256 0.1111111119
106139  -24.150  11.156  -23.472 0.1111111119
107062  -24.670  11.534  -23.144 0.1111111119
107072  -24.419  11.698  -23.808 0.1111111119
108026  -24.099  12.343  -24.398 0.1111111119
108932  -24.396  13.711  -24.746 0.1111111119
109800  -24.165  14.311  -26.434 0.1111111119
108017  -25.276  12.657  -23.268 0.1111111119
108922  -24.596  13.069  -23.781 0.1111111119
89648  -31.837  -5.218  -27.450 0.1111111119
90769  -30.433  -4.328  -28.125 0.1111111119
90755  -31.347  -4.103  -27.139 0.1111111119
90742  -31.872  -3.869  -26.358 0.1111111119
93881  -30.096  -1.209  -25.794 0.1111111119
93899  -30.231  -1.421  -26.564 0.1111111119
94901  -30.089  -0.585  -25.189 0.1111111119
99088  -29.701  3.042  -22.835 0.1111111119
103251  -26.335  7.359  -24.291 0.4444444478
103252  -27.087  7.959  -24.129 0.3333333433
103243  -28.348  7.172  -23.306 0.1111111119
104194  -29.391  7.768  -23.666 0.1111111119
102305  -29.762  5.560  -23.014 0.1111111119
105202  -28.932  9.472  -24.471 0.2222222239
107092  -28.178  11.280  -25.915 0.1111111119
107104  -28.474  11.710  -26.516 0.1111111119
106176  -29.992  10.919  -25.996 0.1111111119
108067  -28.086  12.528  -28.362 0.1111111119
108940  -23.937  13.532  -25.917 0.1111111119
109807  -24.293  14.274  -27.279 0.1111111119
108933  -25.089  14.438  -24.498 0.1111111119
90743  -32.316  -4.237  -25.704 0.1111111119
95924  -28.716  0.269  -23.044 0.2222222239
99075  -29.161  3.377  -22.515 0.1111111119
101286  -22.161  5.776  -25.974 0.4444444478
103268  -25.081  7.737  -26.835 0.4444444478
105212  -26.327  9.090  -25.797 0.4444444478
106159  -26.543  10.012  -26.111 0.2222222239
106135  -24.496  11.018  -22.353 0.1111111119
107063  -25.260  11.811  -22.633 0.1111111119
108016  -24.678  12.327  -23.732 0.1111111119
89649  -32.374  -5.018  -26.376 0.1111111119
88437  -30.770  -6.473  -28.688 0.1111111119
88427  -32.116  -6.546  -27.473 0.1111111119
90722  -32.584  -4.300  -24.590 0.1111111119
92873  -32.231  -2.380  -25.225 0.1111111119
92887  -31.294  -2.416  -26.864 0.1111111119
93883  -31.476  -1.587  -26.555 0.1111111119
93900  -30.610  -1.599  -27.026 0.1111111119
94902  -30.382  -0.502  -25.981 0.1111111119
94917  -30.670  -0.394  -26.613 0.1111111119
95952  -30.305  0.105  -25.436 0.1111111119
96989  -30.304  1.534  -25.294 0.1111111119
98024  -30.200  2.516  -24.068 0.1111111119
100215  -21.235  4.512  -26.672 0.4444444478
99089  -30.083  3.359  -23.377 0.1111111119
100176  -29.952  4.239  -23.058 0.1111111119
103245  -30.053  6.939  -23.648 0.1111111119
101276  -30.480  5.274  -23.687 0.1111111119
101279  -21.076  5.264  -24.795 0.4444444478
101285  -21.528  5.449  -25.711 0.4444444478
104205  -31.314  8.120  -25.050 0.1111111119
105216  -31.002  9.604  -25.639 0.1111111119
103247  -21.419  7.024  -24.187 0.2222222239
103257  -21.783  6.915  -24.857 0.3333333433
103249  -22.325  7.983  -24.913 0.2222222239
107106  -30.899  11.430  -26.889 0.1111111119
104189  -21.319  8.173  -23.255 0.1111111119
104198  -22.546  8.808  -24.664 0.2222222239
108068  -29.060  12.881  -28.272 0.1111111119
104183  -21.533  8.748  -22.490 0.1111111119
104176  -21.608  8.623  -21.229 0.1111111119
106134  -23.355  10.396  -22.026 0.1111111119
106124  -23.440  10.152  -21.248 0.1111111119
108976  -28.634  13.934  -30.151 0.1111111119
105180  -23.459  9.891  -20.714 0.1111111119
106125  -24.241  10.264  -21.024 0.1111111119
109817  -24.441  14.653  -28.244 0.1111111119
109842  -25.245  14.380  -30.847 0.1111111119
109854  -25.721  14.451  -32.096 0.1111111119
109869  -26.574  14.710  -32.488 0.1111111119
106136  -25.134  11.436  -21.980 0.1111111119
109793  -24.892  15.081  -25.232 0.1111111119
110748  -24.970  15.769  -26.915 0.1111111119
108923  -25.524  13.951  -23.638 0.1111111119
94890  -29.554  -0.570  -24.377 0.1111111119
102303  -28.654  5.706  -22.831 0.1111111119
90768  -30.043  -4.259  -27.952 0.1111111119
96954  -29.043  1.720  -22.500 0.2222222239
91860  -30.420  -3.421  -27.730 0.1111111119
91827  -31.572  -3.204  -26.608 0.1111111119
92905  -30.837  -2.419  -27.286 0.1111111119
96972  -30.008  1.413  -24.074 0.1111111119
101268  -30.164  4.840  -23.245 0.1111111119
102314  -28.924  6.380  -23.000 0.1111111119
102316  -30.538  6.346  -23.926 0.1111111119
105200  -26.966  9.247  -24.977 0.2222222239
104203  -29.584  8.371  -24.044 0.1111111119
108975  -27.323  13.199  -30.004 0.1111111119
107105  -29.688  11.728  -26.603 0.1111111119
108055  -28.973  12.364  -27.514 0.1111111119
108056  -29.679  12.497  -27.785 0.1111111119
107117  -29.736  12.249  -27.320 0.1111111119
104211  -30.895  9.112  -25.257 0.1111111119
104204  -30.694  8.534  -24.762 0.1111111119
105214  -29.533  9.829  -24.886 0.2222222239
106162  -29.560  10.524  -25.462 0.2222222239
106174  -26.328  10.649  -27.005 0.2222222239
107115  -27.306  11.491  -27.495 0.1111111119
108066  -27.125  11.778  -28.897 0.1111111119
106185  -24.784  10.656  -27.822 0.1111111119
107113  -25.101  11.025  -28.261 0.1111111119
107126  -25.287  11.479  -28.881 0.1111111119
108077  -26.056  12.133  -30.059 0.1111111119
108974  -26.617  12.686  -30.208 0.1111111119
108985  -26.407  13.092  -31.066 0.1111111119
108986  -27.608  13.877  -31.237 0.1111111119
108994  -26.137  13.846  -32.002 0.1111111119
104190  -21.655  8.749  -23.842 0.1111111119
105186  -21.900  9.407  -22.384 0.1111111119
108076  -25.136  12.252  -29.965 0.1111111119
108984  -25.509  13.194  -31.437 0.1111111119
108973  -24.838  12.954  -30.787 0.1111111119
105192  -23.054  9.961  -22.970 0.1111111119
106147  -24.099  11.243  -24.021 0.1111111119
105187  -22.461  9.761  -22.382 0.1111111119
107083  -24.002  11.495  -24.396 0.1111111119
108034  -23.799  12.521  -25.517 0.1111111119
107082  -23.577  11.330  -25.001 0.1111111119
108954  -24.199  13.475  -27.851 0.1111111119
109808  -24.671  14.893  -26.935 0.1111111119
109829  -24.639  14.482  -29.681 0.1111111119
109830  -24.879  13.682  -30.300 0.1111111119
107073  -24.975  11.942  -23.412 0.1111111119
109792  -24.260  14.384  -25.655 0.1111111119
109801  -24.497  15.093  -26.162 0.1111111119
89637  -32.519  -5.917  -26.579 0.1111111119
91828  -32.119  -3.237  -25.830 0.1111111119
103253  -29.782  7.546  -23.764 0.1111111119
106163  -30.423  10.274  -25.778 0.1111111119
106177  -30.627  10.899  -26.281 0.1111111119
110758  -24.677  15.413  -27.638 0.1111111119
91807  -32.391  -3.334  -24.879 0.1111111119
95939  -30.001  0.351  -24.690 0.1111111119
96973  -30.242  1.995  -24.586 0.1111111119
103254  -30.451  7.440  -24.162 0.1111111119
106164  -31.027  10.194  -26.121 0.1111111119
107118  -30.452  12.114  -27.596 0.1111111119
104182  -21.234  7.888  -22.651 0.1111111119
108069  -30.069  12.848  -28.340 0.1111111119
105178  -21.948  9.429  -21.710 0.1111111119
110740  -24.911  15.810  -26.082 0.1111111119
67200  -19.612  -25.010  -19.379 0.2222222239
83384  -19.499  -11.578  -23.594 0.2222222239
84350  -19.390  -10.632  -23.873 0.2222222239
80238  -18.927  -14.483  -22.913 0.3333333433
100214  -20.650  4.261  -26.156 0.3333333433
100196  -19.753  3.888  -24.914 0.2222222239
101271  -20.836  5.190  -24.148 0.1111111119
102311  -20.911  6.017  -23.870 0.1111111119
94913  -18.728  -0.610  -25.655 0.2222222239
93894  -18.641  -1.465  -25.210 0.1111111119
82330  -19.286  -12.523  -23.314 0.2222222239
96984  -18.210  1.208  -24.727 0.1111111119
98034  -18.383  1.748  -23.998 0.1111111119
100178  -20.146  2.853  -23.981 0.1111111119
101264  -21.228  3.953  -23.036 0.1111111119
102310  -20.767  5.271  -23.764 0.1111111119
99109  -19.711  3.523  -25.494 0.2222222239
98035  -18.892  2.287  -24.456 0.1111111119
80227  -18.328  -14.462  -22.337 0.2222222239
99108  -19.442  3.187  -24.825 0.1111111119
87273  -18.640  -7.530  -23.220 0.1111111119
88381  -18.439  -6.524  -23.623 0.3333333433
100197  -20.299  4.186  -25.417 0.3333333433
100187  -20.814  4.564  -24.951 0.3333333433
101278  -20.842  4.736  -24.447 0.1111111119
99096  -19.501  2.799  -24.188 0.1111111119
100185  -19.871  3.508  -24.370 0.1111111119
101270  -20.833  4.554  -23.860 0.1111111119
98016  -18.504  2.206  -23.401 0.1111111119
100186  -20.420  4.166  -24.538 0.1111111119
99081  -19.437  2.719  -23.449 0.1111111119
99067  -19.280  2.868  -22.747 0.1111111119
99082  -20.326  2.864  -23.498 0.1111111119
98017  -19.024  2.567  -23.870 0.1111111119
83404  -30.216  -12.377  -26.682 0.1111111119
67184  -19.319  -25.628  -18.981 0.1111111119
67186  -21.310  -25.654  -18.483 0.1111111119
67183  -18.474  -25.392  -18.785 0.1111111119
68240  -18.553  -24.343  -18.951 0.1111111119
68253  -19.152  -24.255  -19.397 0.1111111119
70575  -18.452  -22.417  -19.477 0.1111111119
70574  -17.883  -21.874  -19.170 0.1111111119
80219  -17.570  -14.428  -20.945 0.1111111119
84349  -18.794  -10.681  -23.283 0.1111111119
91780  -17.699  -3.529  -23.165 0.2222222239
85321  -18.957  -9.608  -23.709 0.1111111119
67182  -17.622  -25.548  -18.370 0.1111111119
66159  -20.551  -26.094  -18.251 0.1111111119
68239  -17.795  -24.411  -18.506 0.1111111119
69366  -18.163  -23.474  -18.693 0.1111111119
70562  -17.751  -22.377  -18.679 0.1111111119
71768  -17.539  -21.287  -18.892 0.1111111119
72986  -18.299  -20.431  -19.595 0.1111111119
78987  -17.716  -14.955  -20.704 0.1111111119
81278  -17.448  -13.569  -21.153 0.1111111119
82329  -18.660  -12.462  -22.730 0.1111111119
84338  -18.450  -10.833  -22.597 0.1111111119
90693  -18.277  -4.547  -23.481 0.2222222239
92864  -18.348  -2.540  -23.666 0.2222222239
66157  -18.971  -26.237  -18.546 0.1111111119
92882  -18.586  -2.415  -24.759 0.1111111119
81289  -18.463  -13.806  -22.640 0.1111111119
78996  -18.280  -14.970  -21.949 0.1111111119
74143  -17.828  -19.736  -19.419 0.1111111119
75316  -17.825  -18.450  -19.986 0.1111111119
78988  -18.061  -15.489  -21.282 0.1111111119
70563  -18.319  -22.927  -18.965 0.1111111119
67199  -18.978  -24.983  -19.215 0.1111111119
67185  -20.236  -25.598  -18.977 0.1111111119
83383  -18.798  -11.610  -22.991 0.1111111119
80226  -17.813  -14.403  -21.672 0.1111111119
81288  -17.924  -13.446  -21.985 0.1111111119
92844  -17.846  -2.558  -22.810 0.1111111119
93857  -18.139  -1.594  -23.313 0.1111111119
95948  -18.459  0.259  -25.338 0.1111111119
89579  -18.289  -5.546  -23.061 0.1111111119
94897  -18.412  -0.617  -24.780 0.1111111119
95935  -17.931  0.170  -24.543 0.1111111119
96998  -18.627  0.891  -25.460 0.1111111119
70592  -21.776  -22.085  -20.430 0.3333333433
70608  -20.926  -21.840  -21.379 0.3333333433
77752  -24.101  -16.226  -25.144 0.4444444478
79029  -27.587  -15.540  -25.566 0.2222222239
79043  -28.036  -15.660  -26.229 0.3333333433
79050  -27.622  -15.642  -26.263 0.3333333433
80263  -27.876  -15.468  -25.671 0.2222222239
81330  -29.680  -13.726  -27.091 0.4444444478
81336  -29.838  -13.238  -27.137 0.4444444478
82367  -29.556  -12.779  -27.286 0.3333333433
83413  -29.025  -11.999  -27.283 0.4444444478
83423  -31.292  -11.189  -27.342 0.1111111119
85365  -30.549  -8.957  -27.624 0.2222222239
86265  -26.954  -8.291  -24.716 0.7777777910
86301  -23.248  -7.698  -26.933 0.8888888955
86302  -30.118  -7.465  -27.870 0.2222222239
86303  -30.626  -8.162  -27.776 0.2222222239
87283  -25.876  -7.837  -24.737 0.8888888955
87308  -21.246  -7.000  -26.675 0.7777777910
87312  -29.423  -6.959  -27.222 0.4444444478
87323  -30.376  -6.886  -28.301 0.1111111119
87332  -30.300  -6.281  -28.879 0.2222222239
88425  -29.428  -6.023  -27.698 0.2222222239
88444  -30.039  -5.855  -29.010 0.2222222239
88445  -30.571  -5.860  -28.931 0.1111111119
88446  -30.854  -5.538  -28.702 0.1111111119
89644  -23.844  -4.855  -26.491 1.0000000000
89647  -31.217  -4.601  -27.984 0.1111111119
89656  -21.341  -5.106  -27.819 0.8888888955
89660  -23.885  -5.172  -26.610 1.0000000000
89661  -30.152  -5.141  -28.588 0.1111111119
89662  -30.697  -4.811  -28.413 0.1111111119
89671  -21.536  -4.621  -27.975 0.8888888955
89674  -30.525  -5.374  -28.756 0.1111111119
89675  -30.787  -5.220  -28.587 0.1111111119
90764  -20.812  -4.439  -27.621 0.7777777910
90767  -23.315  -4.214  -27.094 1.0000000000
90775  -21.901  -4.277  -28.079 1.0000000000
90776  -22.314  -4.057  -27.978 1.0000000000
91846  -30.792  -3.341  -27.784 0.1111111119
91855  -20.519  -3.394  -27.413 0.7777777910
91858  -23.248  -3.352  -27.352 1.0000000000
92851  -28.189  -2.284  -23.677 0.5555555820
92885  -24.519  -2.620  -25.354 0.8888888955
92903  -23.513  -2.684  -27.015 0.8888888955
92919  -20.882  -2.355  -27.789 0.7777777910
92922  -29.826  -2.717  -27.058 0.1111111119
93878  -23.766  -1.858  -26.290 0.8888888955
93882  -31.090  -1.796  -27.044 0.1111111119
93912  -20.113  -1.154  -27.499 0.6666666865
93914  -22.481  -1.853  -28.208 0.8888888955
93918  -30.290  -2.267  -27.225 0.1111111119
93933  -21.227  -1.529  -28.146 0.7777777910
94931  -19.866  -0.167  -27.871 0.4444444478
94933  -22.930  -0.563  -27.719 0.7777777910
95906  -29.582  1.093  -23.424 0.1111111119
95976  -19.691  0.567  -27.515 0.5555555820
96955  -29.510  1.668  -23.120 0.1111111119
96971  -27.724  1.684  -22.656 0.3333333433
96988  -30.136  1.002  -24.845 0.1111111119
97012  -22.846  1.741  -26.931 0.6666666865
98009  -29.384  2.444  -22.668 0.1111111119
98052  -24.117  2.614  -25.456 0.6666666865
99076  -29.699  3.662  -22.828 0.1111111119
100179  -20.776  3.398  -23.859 0.1111111119
100231  -20.672  4.026  -26.656 0.4444444478
101267  -29.688  5.013  -22.906 0.1111111119
101275  -30.056  5.379  -23.161 0.1111111119
101281  -26.046  5.948  -24.132 0.6666666865
102315  -29.906  6.128  -23.213 0.1111111119
102333  -24.447  6.453  -26.352 0.4444444478
103241  -26.683  6.826  -23.744 0.3333333433
103244  -29.339  7.151  -23.396 0.1111111119
103248  -21.839  7.747  -24.512 0.2222222239
104222  -25.271  8.153  -26.653 0.4444444478
105199  -26.636  8.949  -25.207 0.4444444478
105215  -30.292  9.580  -25.189 0.1111111119
106149  -28.181  10.135  -24.949 0.1111111119
107094  -29.586  11.165  -25.929 0.1111111119
107102  -26.930  11.174  -27.065 0.1111111119
107114  -26.630  11.115  -27.753 0.1111111119
107116  -27.913  11.683  -27.069 0.1111111119
108087  -25.758  12.480  -31.063 0.1111111119
108962  -24.764  13.118  -29.828 0.1111111119
108987  -28.367  14.215  -31.006 0.1111111119
109818  -24.543  14.803  -27.485 0.1111111119
109868  -26.101  14.296  -32.245 0.1111111119
