#!ascii label  , from subject abby vox2ras=TkReg
1970
9846  -29.753  -73.885  -17.080 0.1000000015
9876  -29.472  -74.200  -18.669 0.1000000015
9072  -30.506  -75.817  -20.204 0.1000000015
9889  -29.524  -74.587  -19.402 0.1000000015
9899  -29.419  -74.624  -20.175 0.1000000015
10830  -28.982  -73.891  -20.751 0.1000000015
9923  -29.831  -74.842  -22.209 0.1000000015
10850  -29.317  -73.715  -21.928 0.1000000015
11873  -29.742  -72.788  -22.864 0.1000000015
10871  -29.906  -73.859  -22.962 0.1000000015
10889  -30.080  -73.186  -23.289 0.1000000015
12913  -30.199  -72.120  -23.202 0.1000000015
11887  -30.378  -72.619  -23.488 0.1000000015
10890  -30.311  -73.446  -23.634 0.1000000015
11888  -30.791  -72.562  -23.982 0.1000000015
12948  -30.285  -71.594  -24.917 0.1000000015
10899  -30.472  -73.410  -24.170 0.1000000015
11905  -30.519  -72.535  -24.550 0.1000000015
10898  -30.171  -73.413  -24.647 0.1000000015
11761  -28.810  -71.875  -17.056 0.1000000015
10777  -29.368  -73.209  -17.287 0.1000000015
11782  -28.956  -72.523  -17.477 0.1000000015
10811  -28.988  -73.768  -19.553 0.1000000015
12834  -28.494  -71.296  -18.580 0.1000000015
10794  -28.613  -72.473  -18.738 0.1000000015
10810  -28.601  -72.725  -19.318 0.1000000015
11826  -28.493  -71.975  -19.055 0.1000000015
10849  -28.770  -73.095  -21.226 0.1000000015
12895  -29.036  -71.499  -21.490 0.1000000015
11857  -29.117  -72.475  -21.915 0.1000000015
18564  -30.611  -66.567  -22.065 0.1000000015
17387  -30.776  -67.679  -23.830 0.1000000015
17395  -31.501  -67.895  -24.305 0.1000000015
17396  -32.004  -67.872  -24.371 0.1000000015
13971  -31.640  -70.054  -24.604 0.1000000015
12915  -31.535  -70.878  -24.132 0.1000000015
12929  -31.026  -71.502  -24.375 0.1000000015
13790  -30.204  -70.773  -14.621 0.1000000015
14967  -29.322  -70.044  -16.433 0.2000000030
14944  -29.665  -70.267  -15.711 0.2000000030
12767  -29.503  -71.588  -15.318 0.1000000015
14992  -29.617  -69.267  -17.710 0.1000000015
14991  -28.846  -70.075  -17.365 0.1000000015
13834  -29.071  -70.701  -16.203 0.1000000015
15020  -28.848  -69.746  -18.510 0.1000000015
13880  -28.567  -70.575  -18.078 0.1000000015
21801  -29.842  -63.362  -14.398 0.1000000015
20683  -29.926  -64.512  -15.748 0.1000000015
15046  -28.758  -69.990  -19.517 0.1000000015
13924  -28.674  -70.590  -20.075 0.1000000015
12881  -28.479  -71.300  -20.036 0.1000000015
20712  -29.575  -64.069  -16.461 0.1000000015
20713  -30.003  -64.566  -16.697 0.1000000015
19620  -30.904  -65.069  -17.250 0.1000000015
19641  -31.576  -65.153  -18.608 0.1000000015
19665  -31.922  -65.384  -19.722 0.1000000015
19686  -32.221  -65.587  -20.618 0.1000000015
15069  -29.055  -69.812  -20.171 0.1000000015
13925  -29.067  -70.236  -20.857 0.1000000015
12905  -29.800  -71.536  -22.621 0.1000000015
20761  -30.735  -64.836  -18.208 0.1000000015
19640  -30.866  -64.867  -18.760 0.1000000015
19705  -32.380  -65.716  -21.430 0.1000000015
18567  -33.040  -65.793  -22.361 0.1000000015
17381  -33.545  -66.963  -22.973 0.1000000015
16238  -32.834  -67.892  -23.641 0.1000000015
13942  -29.439  -70.556  -21.704 0.1000000015
12906  -30.381  -70.964  -23.058 0.1000000015
19685  -31.151  -65.579  -20.449 0.1000000015
18565  -31.486  -66.184  -21.801 0.1000000015
18586  -32.162  -66.367  -22.825 0.1000000015
17390  -32.957  -67.443  -23.632 0.1000000015
15107  -32.228  -69.275  -23.866 0.1000000015
13961  -31.897  -70.129  -24.252 0.1000000015
18596  -31.844  -66.867  -23.473 0.1000000015
17389  -32.323  -67.386  -23.890 0.1000000015
16259  -32.615  -68.303  -24.267 0.1000000015
15119  -32.167  -69.207  -24.413 0.1000000015
13960  -31.619  -70.394  -23.815 0.1000000015
12914  -30.836  -71.489  -23.612 0.1000000015
14968  -30.294  -69.421  -16.669 0.1000000015
14945  -30.100  -69.915  -15.587 0.2000000030
13791  -31.206  -70.252  -14.410 0.1000000015
13769  -31.826  -70.687  -13.828 0.2000000030
13770  -32.816  -70.522  -13.926 0.2000000030
14969  -31.176  -69.530  -17.034 0.1000000015
24168  -30.732  -61.850  -13.794 0.1000000015
22999  -30.204  -62.557  -14.001 0.1000000015
15021  -29.452  -69.240  -18.666 0.1000000015
15047  -29.236  -69.458  -19.355 0.1000000015
16197  -29.776  -69.078  -20.099 0.1000000015
19621  -31.561  -65.493  -17.379 0.1000000015
15083  -29.639  -69.521  -21.270 0.1000000015
19622  -32.408  -65.790  -18.293 0.1000000015
19642  -32.653  -65.656  -19.170 0.1000000015
19707  -33.560  -65.970  -21.690 0.1000000015
17360  -33.251  -67.319  -22.107 0.1000000015
16237  -32.380  -68.056  -23.067 0.1000000015
15097  -30.466  -69.282  -22.493 0.1000000015
15096  -29.845  -69.922  -22.039 0.1000000015
15106  -31.333  -69.644  -23.445 0.1000000015
13954  -30.770  -70.365  -23.268 0.1000000015
12809  -32.987  -71.605  -17.851 0.1000000015
12790  -33.331  -71.635  -17.389 0.1000000015
13856  -32.558  -71.166  -18.010 0.1000000015
13835  -31.928  -70.352  -17.098 0.1000000015
13836  -32.843  -71.255  -17.194 0.1000000015
13816  -32.433  -70.379  -15.960 0.2000000030
13793  -33.213  -70.442  -15.023 0.2000000030
13815  -31.834  -70.055  -16.174 0.2000000030
13771  -33.795  -70.606  -14.085 0.2000000030
14993  -30.720  -69.116  -17.664 0.1000000015
13855  -32.207  -70.423  -18.310 0.1000000015
15022  -31.261  -69.096  -18.341 0.1000000015
16159  -30.787  -68.776  -18.704 0.1000000015
20635  -30.837  -64.166  -13.640 0.1000000015
19552  -30.893  -65.113  -14.445 0.1000000015
19577  -31.318  -65.643  -14.820 0.1000000015
16158  -29.980  -68.876  -18.620 0.1000000015
16198  -30.651  -68.537  -20.343 0.1000000015
25321  -30.717  -60.731  -14.743 0.1000000015
24184  -31.045  -61.088  -14.088 0.1000000015
20658  -30.284  -64.368  -14.455 0.1000000015
19576  -30.668  -65.176  -15.309 0.1000000015
18486  -31.910  -66.347  -16.657 0.1000000015
18487  -32.450  -66.614  -17.616 0.1000000015
18508  -33.114  -66.554  -18.914 0.1000000015
17320  -33.428  -67.462  -20.005 0.1000000015
17340  -32.384  -67.748  -21.265 0.1000000015
16199  -31.707  -68.168  -20.681 0.1000000015
16220  -30.138  -68.829  -20.958 0.1000000015
18527  -33.215  -65.998  -19.554 0.1000000015
17342  -33.603  -67.047  -21.194 0.1000000015
17359  -32.661  -67.603  -22.055 0.1000000015
16222  -31.802  -67.858  -21.867 0.1000000015
16221  -30.782  -68.395  -21.510 0.1000000015
25335  -31.194  -60.054  -15.201 0.1000000015
26454  -31.672  -59.478  -15.877 0.1000000015
26470  -31.725  -59.449  -16.639 0.1000000015
26471  -32.139  -59.238  -16.506 0.1000000015
13838  -34.890  -70.645  -17.295 0.1000000015
12835  -32.987  -71.452  -18.310 0.1000000015
14996  -34.198  -70.701  -17.604 0.1000000015
12811  -34.485  -72.211  -18.321 0.1000000015
12768  -33.726  -71.740  -16.975 0.1000000015
13817  -33.458  -71.210  -16.365 0.2000000030
14995  -33.552  -70.025  -17.797 0.1000000015
13883  -33.256  -70.991  -18.462 0.1000000015
12836  -33.121  -71.322  -18.438 0.1000000015
13818  -34.085  -71.308  -15.951 0.2000000030
14970  -33.785  -69.640  -17.106 0.1000000015
15025  -33.104  -69.948  -18.891 0.1000000015
26439  -31.914  -59.209  -14.178 0.1000000015
26426  -31.752  -59.707  -14.151 0.1000000015
25308  -31.723  -60.413  -13.806 0.1000000015
24169  -31.639  -61.551  -13.433 0.1000000015
22979  -30.974  -62.540  -13.479 0.1000000015
21782  -31.286  -63.448  -13.365 0.1000000015
20636  -31.664  -64.513  -13.504 0.1000000015
16111  -33.918  -69.067  -16.325 0.1000000015
16110  -33.540  -69.113  -16.862 0.1000000015
15024  -32.738  -69.957  -18.997 0.1000000015
15023  -32.013  -69.562  -18.894 0.1000000015
18442  -31.820  -66.298  -15.068 0.1000000015
18443  -32.438  -66.953  -15.337 0.1000000015
18465  -32.370  -67.196  -16.438 0.1000000015
16179  -33.096  -68.669  -19.610 0.1000000015
16178  -32.358  -68.621  -19.823 0.1000000015
16177  -31.476  -68.657  -19.466 0.1000000015
27587  -31.760  -58.376  -14.894 0.1000000015
19604  -31.418  -65.792  -15.950 0.1000000015
17303  -33.268  -67.881  -18.896 0.1000000015
16200  -32.677  -68.017  -20.499 0.1000000015
26438  -31.626  -59.289  -14.806 0.1000000015
27604  -31.804  -58.715  -15.673 0.1000000015
27605  -32.102  -58.921  -16.259 0.1000000015
27645  -32.989  -58.668  -17.680 0.1000000015
26486  -33.035  -59.214  -17.790 0.1000000015
12812  -34.947  -72.114  -18.521 0.1000000015
14972  -35.293  -69.796  -16.460 0.1000000015
16112  -35.862  -69.322  -16.209 0.1000000015
13859  -35.331  -71.404  -17.956 0.1000000015
12791  -34.161  -72.138  -17.487 0.1000000015
14949  -34.747  -69.299  -16.111 0.1000000015
16090  -35.417  -68.708  -15.764 0.1000000015
12838  -35.271  -72.478  -18.852 0.1000000015
12769  -34.130  -71.644  -16.520 0.1000000015
17233  -34.682  -67.836  -15.291 0.1000000015
16089  -34.346  -68.832  -15.896 0.1000000015
12770  -34.878  -71.943  -16.393 0.2000000030
26427  -32.297  -59.405  -13.741 0.1000000015
22980  -31.828  -62.497  -13.156 0.1000000015
21783  -32.170  -63.448  -13.238 0.1000000015
17232  -33.821  -67.931  -15.343 0.1000000015
16138  -33.241  -68.745  -17.867 0.1000000015
12792  -35.035  -72.427  -17.262 0.1000000015
11764  -35.808  -72.610  -17.504 0.2000000030
25309  -32.422  -60.562  -13.452 0.1000000015
19531  -31.878  -65.195  -13.679 0.1000000015
18428  -32.507  -66.349  -14.410 0.1000000015
17258  -32.772  -67.957  -16.598 0.1000000015
16137  -32.979  -68.251  -17.610 0.1000000015
29951  -31.807  -57.269  -15.679 0.1000000015
28759  -31.733  -57.926  -15.921 0.1000000015
28760  -32.007  -57.842  -16.426 0.1000000015
30029  -32.496  -56.530  -17.664 0.1000000015
28778  -32.512  -57.548  -17.050 0.1000000015
28792  -32.808  -57.614  -17.987 0.1000000015
27661  -33.146  -58.278  -18.208 0.1000000015
16091  -36.208  -67.997  -15.710 0.1000000015
17259  -36.699  -67.884  -16.039 0.1000000015
16113  -36.521  -68.757  -16.296 0.1000000015
17234  -35.588  -67.286  -15.316 0.1000000015
14974  -36.805  -69.572  -17.028 0.1000000015
12813  -35.522  -71.875  -18.694 0.1000000015
14997  -36.576  -70.225  -17.429 0.1000000015
11783  -35.121  -72.689  -18.839 0.1000000015
17213  -33.226  -67.140  -14.846 0.1000000015
17215  -34.855  -67.001  -14.923 0.1000000015
13884  -36.395  -71.641  -19.122 0.1000000015
27572  -32.544  -58.668  -13.812 0.1000000015
26428  -33.090  -59.629  -13.435 0.1000000015
25310  -33.287  -60.788  -13.355 0.1000000015
24170  -32.482  -61.621  -13.211 0.1000000015
21784  -33.056  -63.388  -13.393 0.1000000015
19533  -33.109  -64.913  -13.698 0.1000000015
18410  -33.293  -65.499  -13.947 0.1000000015
18429  -33.560  -66.157  -14.260 0.1000000015
17214  -34.107  -67.156  -14.722 0.1000000015
12839  -36.034  -72.122  -19.264 0.1000000015
11763  -34.953  -72.606  -18.136 0.1000000015
28712  -32.601  -57.527  -14.267 0.1000000015
20637  -32.597  -64.269  -13.459 0.1000000015
19554  -32.120  -65.647  -13.902 0.1000000015
11785  -36.399  -72.751  -18.318 0.1000000015
29927  -31.862  -57.118  -15.090 0.1000000015
31198  -32.292  -55.750  -16.126 0.1000000015
29980  -32.005  -56.933  -16.257 0.1000000015
30010  -32.316  -56.403  -16.850 0.1000000015
32359  -33.053  -54.644  -18.670 0.1000000015
31237  -33.117  -55.708  -19.051 0.1000000015
32373  -33.852  -54.767  -20.564 0.1000000015
18446  -36.818  -66.253  -15.789 0.1000000015
17236  -37.084  -66.840  -16.049 0.1000000015
17260  -37.450  -67.615  -16.565 0.1000000015
18445  -36.130  -66.338  -15.412 0.1000000015
16114  -37.375  -68.930  -17.042 0.1000000015
18444  -35.478  -66.342  -15.078 0.1000000015
19578  -35.801  -65.531  -15.118 0.1000000015
16139  -37.839  -68.960  -17.846 0.1000000015
13860  -36.345  -71.148  -18.292 0.1000000015
19556  -34.342  -65.465  -14.376 0.1000000015
19557  -35.085  -65.679  -14.741 0.1000000015
14998  -37.263  -70.006  -17.985 0.1000000015
28713  -33.074  -57.533  -13.997 0.1000000015
22981  -32.605  -62.436  -13.190 0.1000000015
20660  -33.688  -64.342  -13.855 0.1000000015
19555  -33.711  -65.170  -14.047 0.1000000015
20662  -34.862  -64.837  -14.535 0.1000000015
13861  -37.007  -70.764  -18.822 0.1000000015
11806  -36.189  -72.592  -19.067 0.1000000015
31150  -32.598  -56.190  -14.814 0.1000000015
28690  -33.392  -57.922  -13.792 0.1000000015
27574  -33.663  -58.738  -13.606 0.1000000015
24171  -33.118  -61.788  -13.300 0.1000000015
22982  -33.386  -62.481  -13.478 0.1000000015
20638  -33.215  -64.140  -13.582 0.1000000015
13907  -37.405  -71.656  -20.148 0.1000000015
31174  -32.539  -55.886  -15.142 0.1000000015
32343  -32.710  -54.411  -17.278 0.1000000015
32328  -32.727  -54.618  -16.513 0.1000000015
33466  -33.049  -53.771  -18.035 0.1000000015
32358  -32.738  -54.623  -17.858 0.1000000015
33481  -33.701  -54.054  -19.971 0.1000000015
33473  -33.491  -53.595  -19.208 0.1000000015
21820  -35.777  -64.005  -14.937 0.1000000015
20685  -36.124  -64.634  -15.208 0.1000000015
19579  -36.470  -65.440  -15.512 0.1000000015
21805  -35.766  -63.307  -14.902 0.1000000015
17261  -38.206  -67.245  -17.205 0.1000000015
24185  -34.495  -61.640  -14.006 0.1000000015
23000  -34.714  -62.611  -14.309 0.1000000015
21804  -35.058  -63.766  -14.576 0.1000000015
20684  -35.483  -64.748  -14.801 0.1000000015
17286  -38.187  -67.990  -17.763 0.1000000015
31152  -33.609  -56.050  -14.557 0.1000000015
29907  -33.720  -57.302  -13.969 0.1000000015
26429  -33.921  -59.705  -13.542 0.1000000015
21785  -33.654  -63.122  -13.676 0.1000000015
21803  -34.147  -63.511  -14.040 0.1000000015
15027  -38.034  -69.382  -19.524 0.1000000015
31175  -33.283  -55.470  -15.027 0.1000000015
13885  -36.864  -71.421  -19.535 0.1000000015
12840  -37.007  -72.228  -19.925 0.1000000015
32329  -33.225  -54.406  -16.017 0.1000000015
33433  -33.402  -53.933  -16.550 0.1000000015
33446  -33.322  -53.536  -17.257 0.1000000015
34545  -34.166  -52.492  -18.311 0.1000000015
34551  -33.807  -52.809  -18.928 0.1000000015
35660  -34.860  -52.008  -18.403 0.1000000015
35674  -35.856  -51.397  -19.344 0.1000000015
33482  -34.422  -53.308  -20.312 0.1000000015
19580  -37.146  -65.404  -15.941 0.1000000015
18466  -37.410  -66.339  -16.252 0.1000000015
18467  -38.095  -66.510  -16.863 0.1000000015
28691  -34.119  -57.821  -13.805 0.1000000015
26440  -34.745  -59.733  -13.925 0.1000000015
25323  -34.976  -60.723  -14.183 0.1000000015
23001  -35.470  -62.612  -14.663 0.1000000015
32314  -33.709  -54.685  -15.562 0.1000000015
31176  -34.235  -55.485  -15.012 0.1000000015
29930  -34.392  -56.707  -14.360 0.1000000015
27589  -34.455  -58.743  -13.806 0.1000000015
24172  -33.764  -61.645  -13.601 0.1000000015
16140  -38.180  -68.787  -18.714 0.1000000015
33419  -33.731  -54.145  -16.038 0.1000000015
34511  -34.143  -53.224  -16.803 0.1000000015
34526  -35.094  -52.683  -17.153 0.1000000015
35641  -34.697  -52.356  -17.758 0.1000000015
35642  -35.462  -52.113  -17.766 0.1000000015
35643  -36.452  -51.974  -17.879 0.1000000015
35661  -35.723  -51.623  -18.447 0.1000000015
35662  -36.863  -51.329  -18.591 0.1000000015
23002  -36.106  -62.583  -15.079 0.1000000015
20686  -36.767  -64.499  -15.669 0.1000000015
20714  -37.430  -64.452  -16.223 0.1000000015
19605  -37.789  -65.460  -16.530 0.1000000015
20715  -38.164  -64.505  -16.811 0.1000000015
24186  -35.213  -61.685  -14.417 0.1000000015
32330  -34.936  -54.042  -16.297 0.1000000015
32315  -34.647  -54.563  -15.809 0.1000000015
34512  -34.555  -53.132  -16.814 0.1000000015
34527  -36.021  -52.577  -17.344 0.1000000015
35663  -38.191  -51.418  -18.372 0.1000000015
21821  -36.333  -63.583  -15.322 0.1000000015
24187  -35.892  -61.736  -14.771 0.1000000015
29953  -34.808  -56.002  -14.949 0.1000000015
28714  -34.887  -57.798  -14.185 0.1000000015
25324  -35.712  -60.820  -14.556 0.1000000015
33435  -35.303  -53.491  -16.651 0.1000000015
33448  -35.707  -52.984  -16.975 0.1000000015
35644  -37.643  -52.008  -17.922 0.1000000015
35645  -38.798  -51.876  -17.678 0.1000000015
35646  -39.678  -51.580  -17.580 0.1000000015
23017  -36.734  -62.585  -15.519 0.1000000015
26442  -36.349  -59.976  -14.810 0.1000000015
25325  -36.265  -61.006  -14.882 0.1000000015
24197  -36.461  -61.714  -15.213 0.1000000015
32316  -35.246  -54.846  -15.877 0.1000000015
31178  -35.847  -55.696  -15.761 0.1000000015
29931  -35.153  -57.165  -14.557 0.1000000015
27590  -35.256  -58.773  -14.241 0.1000000015
27591  -36.013  -58.888  -14.666 0.1000000015
32331  -35.539  -54.395  -16.310 0.1000000015
34514  -39.192  -52.357  -16.912 0.1000000015
34530  -39.272  -52.167  -17.248 0.1000000015
36874  -38.361  -50.706  -16.387 0.1000000015
36875  -39.311  -51.056  -16.838 0.1000000015
27606  -36.667  -58.821  -15.159 0.1000000015
29954  -35.474  -56.510  -15.103 0.1000000015
28715  -35.795  -57.735  -14.747 0.1000000015
28716  -36.346  -58.254  -14.967 0.1000000015
33436  -35.889  -53.859  -16.644 0.1000000015
34528  -37.052  -52.761  -17.641 0.1000000015
34529  -38.330  -52.687  -17.336 0.1000000015
35629  -39.255  -51.990  -16.486 0.1000000015
36865  -38.711  -51.392  -16.300 0.1000000015
32332  -36.236  -54.225  -16.744 0.1000000015
33449  -36.328  -53.452  -17.079 0.1000000015
34513  -38.732  -52.760  -16.599 0.1000000015
36864  -37.836  -50.986  -15.750 0.1000000015
36863  -36.976  -50.613  -15.192 0.1000000015
36852  -37.318  -51.268  -15.066 0.1000000015
33450  -37.357  -53.587  -17.489 0.1000000015
35620  -38.715  -52.005  -15.896 0.1000000015
35619  -37.948  -51.968  -15.342 0.1000000015
9038  -29.986  -75.012  -18.906 0.1000000015
9071  -29.853  -75.252  -20.441 0.1000000015
10829  -28.614  -72.980  -20.304 0.1000000015
11781  -28.721  -72.046  -17.658 0.1000000015
12808  -28.583  -71.315  -17.585 0.1000000015
10795  -28.914  -73.076  -18.318 0.1000000015
13906  -28.572  -70.556  -19.037 0.1000000015
11856  -28.637  -72.236  -20.957 0.1000000015
13941  -28.899  -70.840  -20.966 0.1000000015
18585  -31.119  -66.761  -22.847 0.1000000015
16256  -30.347  -68.867  -24.678 0.1000000015
15118  -31.186  -69.523  -24.790 0.1000000015
13814  -29.844  -70.414  -15.347 0.1000000015
14966  -28.954  -70.240  -16.851 0.1000000015
14923  -30.799  -69.874  -15.021 0.2000000030
21781  -30.471  -63.426  -13.750 0.1000000015
19603  -30.667  -65.083  -16.544 0.1000000015
19687  -33.032  -65.563  -20.996 0.1000000015
19704  -31.665  -65.756  -21.074 0.1000000015
18588  -33.467  -66.509  -22.619 0.1000000015
18597  -32.705  -66.706  -23.456 0.1000000015
18568  -33.578  -66.447  -21.874 0.1000000015
17379  -32.954  -67.585  -22.597 0.1000000015
15108  -32.555  -68.750  -24.142 0.1000000015
13953  -30.086  -70.430  -22.567 0.1000000015
15098  -31.465  -68.831  -23.237 0.1000000015
14924  -31.506  -69.881  -15.120 0.2000000030
13792  -32.170  -70.181  -14.743 0.2000000030
16175  -29.732  -69.037  -19.217 0.1000000015
15084  -30.182  -68.945  -21.578 0.1000000015
18528  -33.529  -66.442  -20.137 0.1000000015
17341  -33.018  -67.515  -21.267 0.1000000015
16236  -31.317  -68.382  -22.497 0.1000000015
13881  -32.507  -70.247  -18.759 0.1000000015
25322  -31.375  -60.256  -14.472 0.1000000015
17302  -32.911  -67.359  -18.197 0.1000000015
18509  -33.425  -67.069  -19.512 0.1000000015
16201  -33.205  -67.708  -20.512 0.1000000015
26453  -31.120  -59.884  -15.925 0.1000000015
13839  -35.708  -70.569  -17.298 0.1000000015
13858  -34.567  -71.500  -18.009 0.1000000015
13857  -33.823  -71.351  -18.071 0.1000000015
12746  -34.507  -71.435  -15.836 0.2000000030
15050  -32.973  -69.539  -19.267 0.1000000015
16088  -33.629  -68.529  -16.062 0.1000000015
16161  -33.283  -69.100  -18.670 0.1000000015
15049  -32.645  -69.277  -19.333 0.1000000015
17283  -32.719  -67.719  -17.382 0.1000000015
16087  -33.203  -68.351  -16.454 0.1000000015
31236  -32.675  -55.568  -18.201 0.1000000015
30030  -32.808  -56.680  -18.538 0.1000000015
18430  -34.499  -66.343  -14.599 0.1000000015
31221  -32.446  -55.369  -17.218 0.1000000015
20661  -34.290  -64.517  -14.264 0.1000000015
34552  -34.383  -52.441  -19.218 0.1000000015
35675  -36.687  -51.097  -19.714 0.1000000015
26441  -35.514  -59.813  -14.384 0.1000000015
21694  -34.782  -64.067  -6.615 0.5000000000
15944  -42.738  -68.153  -6.945 0.5000000000
17105  -42.361  -67.714  -6.346 0.5000000000
21693  -34.311  -63.947  -7.219 0.5000000000
20563  -36.060  -64.589  -7.435 0.5000000000
19446  -36.462  -64.799  -6.825 0.5000000000
17121  -42.664  -67.897  -7.190 0.5000000000
22896  -33.003  -63.398  -7.694 0.5000000000
21692  -33.539  -63.615  -7.569 0.5000000000
20561  -34.619  -64.198  -7.496 0.5000000000
17119  -41.379  -67.151  -7.646 0.5000000000
21700  -33.958  -63.941  -7.761 0.5000000000
21691  -33.071  -63.480  -8.033 0.5000000000
20568  -34.415  -64.260  -8.056 0.5000000000
20567  -33.943  -64.170  -8.364 0.4000000060
20578  -34.721  -64.834  -9.146 0.4000000060
16011  -40.900  -68.913  -10.015 0.5000000000
14867  -40.988  -69.770  -10.163 0.5000000000
14866  -40.363  -69.291  -10.728 0.5000000000
14896  -39.326  -69.919  -12.227 0.5000000000
14885  -39.032  -69.406  -11.720 0.5000000000
14905  -38.312  -69.654  -13.503 0.4000000060
14926  -37.959  -68.882  -14.221 0.4000000060
17069  -39.700  -68.346  -3.800 0.1000000015
15928  -41.897  -68.181  -5.588 0.5000000000
21684  -34.310  -63.747  -6.282 0.5000000000
21685  -34.848  -64.036  -5.956 0.5000000000
20556  -35.904  -64.478  -6.637 0.5000000000
19447  -37.126  -65.271  -6.580 0.4000000060
18314  -41.793  -67.024  -6.629 0.5000000000
22886  -32.328  -62.761  -7.005 0.5000000000
21683  -33.648  -63.515  -6.757 0.5000000000
22894  -31.673  -62.296  -7.693 0.5000000000
24084  -30.973  -61.458  -7.459 0.5000000000
22895  -32.489  -62.954  -7.982 0.5000000000
25235  -31.158  -60.548  -8.202 0.4000000060
22899  -31.750  -62.302  -8.552 0.3000000119
21698  -32.767  -63.414  -8.702 0.5000000000
21710  -33.147  -63.876  -9.302 0.4000000060
20577  -33.880  -64.289  -8.830 0.4000000060
22900  -32.152  -62.786  -8.988 0.3000000119
19465  -35.836  -65.144  -8.749 0.6999999881
19466  -36.575  -65.305  -8.408 0.5000000000
24091  -31.324  -61.540  -8.374 0.3000000119
22910  -31.805  -62.160  -9.216 0.3000000119
21709  -32.530  -63.110  -9.698 0.3000000119
20579  -35.447  -65.082  -8.877 0.5000000000
19474  -36.940  -65.870  -9.154 0.6000000238
18342  -38.486  -66.360  -8.854 0.6000000238
18326  -39.176  -66.178  -7.801 0.6000000238
17138  -42.158  -67.849  -8.106 0.5000000000
15993  -41.974  -69.095  -8.813 0.3000000119
22911  -32.162  -62.299  -9.712 0.3000000119
21722  -33.079  -63.490  -10.423 0.3000000119
20588  -34.299  -65.066  -10.016 0.4000000060
18371  -36.059  -66.331  -10.273 0.5000000000
18360  -37.995  -66.542  -9.401 0.6000000238
17156  -38.546  -67.058  -9.639 0.6000000238
15991  -40.744  -68.223  -9.618 0.5000000000
20602  -33.483  -64.155  -10.721 0.4000000060
19482  -35.298  -65.932  -10.667 0.5000000000
18384  -36.436  -66.812  -10.695 0.5000000000
17174  -38.755  -67.675  -10.316 0.5000000000
16010  -39.902  -68.378  -10.336 0.5000000000
22941  -34.330  -62.561  -11.318 0.4000000060
21741  -34.779  -63.633  -11.802 0.4000000060
20616  -34.727  -64.724  -11.848 0.5000000000
18383  -35.798  -66.600  -11.191 0.5000000000
17182  -36.675  -67.428  -11.387 0.4000000060
17184  -38.448  -67.999  -10.695 0.5000000000
16028  -38.690  -68.456  -10.981 0.5000000000
21761  -35.094  -64.275  -12.183 0.4000000060
19510  -35.294  -65.678  -12.198 0.5000000000
17189  -35.993  -67.024  -12.181 0.5000000000
16039  -36.879  -67.989  -12.177 0.4000000060
14884  -38.033  -69.117  -12.001 0.4000000060
19534  -36.563  -65.657  -13.072 0.5000000000
18411  -36.797  -66.481  -13.374 0.4000000060
16055  -37.486  -68.435  -13.725 0.4000000060
14904  -37.931  -69.220  -13.833 0.4000000060
18412  -37.753  -66.435  -14.007 0.4000000060
17202  -37.773  -67.445  -14.198 0.3000000119
17217  -38.355  -67.285  -14.534 0.3000000119
17218  -39.053  -67.416  -15.028 0.3000000119
17049  -37.568  -67.989  -3.163 0.1000000015
17068  -38.373  -67.936  -4.128 0.1000000015
15888  -38.784  -68.325  -2.149 0.1000000015
17050  -38.745  -68.393  -2.967 0.1000000015
17038  -40.559  -67.796  -2.845 0.4000000060
15910  -41.110  -68.084  -3.713 0.4000000060
17071  -41.547  -68.038  -4.327 0.4000000060
17091  -41.972  -67.882  -5.231 0.5000000000
15911  -41.481  -67.886  -3.965 0.4000000060
18295  -41.732  -67.180  -5.370 0.5000000000
21671  -34.385  -63.891  -5.298 0.5000000000
21672  -34.861  -64.154  -5.531 0.5000000000
20541  -35.794  -64.464  -5.981 0.5000000000
19432  -36.416  -64.865  -5.917 0.4000000060
18294  -40.815  -66.684  -5.014 0.5000000000
22869  -32.151  -62.769  -6.002 0.5000000000
22870  -32.938  -63.183  -6.389 0.5000000000
21670  -33.625  -63.450  -5.813 0.5000000000
24069  -30.821  -61.627  -6.458 0.5000000000
22885  -31.484  -62.262  -6.729 0.5000000000
19449  -39.170  -66.044  -6.959 0.6000000238
25226  -30.819  -60.319  -7.424 0.4000000060
26346  -31.636  -59.128  -8.514 0.2000000030
25248  -31.544  -60.676  -9.106 0.3000000119
24126  -32.587  -61.583  -10.212 0.3000000119
26364  -32.193  -59.328  -9.241 0.3000000119
25270  -33.060  -60.523  -10.334 0.3000000119
26365  -32.964  -59.140  -9.779 0.3000000119
25271  -33.964  -60.441  -10.623 0.4000000060
24127  -33.492  -61.401  -10.647 0.4000000060
24128  -34.481  -61.393  -11.048 0.4000000060
21762  -35.695  -63.923  -12.347 0.4000000060
24141  -35.510  -61.451  -11.377 0.3000000119
21763  -36.744  -63.291  -12.332 0.3000000119
20617  -35.389  -64.890  -12.365 0.4000000060
21764  -37.741  -63.115  -12.489 0.3000000119
20640  -37.546  -64.749  -13.269 0.3000000119
19535  -37.309  -65.622  -13.493 0.4000000060
20620  -38.122  -63.516  -12.820 0.2000000030
20641  -38.621  -64.008  -13.315 0.2000000030
19536  -38.333  -65.333  -13.850 0.3000000119
18433  -38.656  -66.444  -14.475 0.3000000119
21787  -39.584  -63.330  -13.274 0.1000000015
20642  -39.949  -64.375  -13.857 0.2000000030
19559  -39.366  -65.433  -14.343 0.4000000060
24189  -41.249  -61.452  -14.819 0.1000000015
15872  -39.070  -68.109  -1.756 0.1000000015
15889  -39.429  -68.375  -2.519 0.1000000015
17036  -39.537  -67.726  -1.922 0.2000000030
18249  -40.019  -67.060  -2.866 0.5000000000
18251  -41.193  -67.193  -3.537 0.4000000060
18274  -41.393  -66.991  -4.061 0.4000000060
20526  -35.873  -64.648  -5.380 0.4000000060
19418  -36.302  -65.183  -4.575 0.4000000060
19433  -37.344  -65.471  -5.369 0.4000000060
18311  -39.035  -66.195  -5.278 0.5000000000
18293  -39.788  -66.529  -4.736 0.5000000000
22856  -32.861  -63.150  -5.509 0.5000000000
21659  -33.335  -63.586  -4.655 0.4000000060
18312  -39.684  -66.369  -6.008 0.4000000060
24068  -30.492  -60.862  -6.121 0.4000000060
24050  -30.644  -61.559  -5.727 0.4000000060
22868  -31.192  -62.263  -5.631 0.5000000000
25208  -30.097  -59.942  -5.730 0.4000000060
24083  -30.638  -60.913  -6.864 0.5000000000
25225  -30.491  -60.111  -6.654 0.4000000060
27429  -30.903  -58.481  -6.166 0.3000000119
26329  -30.755  -59.355  -7.164 0.3000000119
27469  -31.443  -58.770  -8.113 0.3000000119
27449  -31.915  -57.817  -7.716 0.2000000030
27491  -32.441  -58.424  -9.004 0.2000000030
28591  -32.433  -57.397  -7.956 0.1000000015
28605  -32.650  -57.710  -8.797 0.3000000119
28606  -33.338  -57.161  -9.276 0.1000000015
27492  -33.039  -58.343  -9.489 0.3000000119
26382  -34.403  -59.473  -10.534 0.3000000119
27493  -33.576  -57.774  -9.666 0.2000000030
27522  -33.944  -58.394  -10.052 0.2000000030
27523  -34.895  -58.500  -10.667 0.2000000030
25273  -35.459  -60.467  -11.177 0.2000000030
24142  -36.517  -61.399  -11.615 0.2000000030
27540  -36.376  -58.678  -11.592 0.2000000030
25291  -36.715  -60.556  -11.673 0.2000000030
22944  -37.008  -62.022  -11.829 0.2000000030
26402  -36.812  -59.607  -11.833 0.2000000030
25292  -37.288  -60.427  -12.087 0.1000000015
22963  -38.049  -62.356  -12.293 0.2000000030
21786  -38.947  -63.323  -13.047 0.2000000030
26419  -38.570  -59.588  -13.289 0.1000000015
24173  -38.645  -61.021  -13.092 0.1000000015
22984  -39.291  -62.494  -13.104 0.1000000015
22985  -40.340  -62.541  -13.559 0.1000000015
25312  -38.930  -60.495  -13.422 0.1000000015
25313  -39.787  -60.603  -13.962 0.1000000015
25327  -40.566  -60.595  -14.562 0.1000000015
25328  -41.198  -60.482  -15.170 0.1000000015
26459  -42.289  -59.077  -16.150 0.1000000015
18225  -39.012  -67.210  -1.971 0.3000000119
18226  -39.760  -67.404  -2.244 0.3000000119
19385  -36.756  -65.863  -2.009 0.3000000119
18248  -38.948  -66.709  -2.926 0.3000000119
18272  -39.517  -66.636  -3.772 0.3000000119
18273  -40.515  -66.783  -3.889 0.4000000060
19384  -35.894  -65.440  -2.501 0.3000000119
19404  -37.456  -66.125  -2.679 0.3000000119
18271  -38.584  -66.343  -3.886 0.5000000000
18292  -39.040  -66.340  -4.497 0.5000000000
20507  -33.755  -64.276  -3.324 0.4000000060
20509  -35.175  -64.721  -3.946 0.5000000000
19434  -38.292  -65.985  -4.792 0.5000000000
22853  -30.396  -61.580  -4.408 0.4000000060
22854  -30.969  -62.340  -4.498 0.4000000060
22855  -32.077  -62.951  -4.705 0.5000000000
26277  -29.940  -59.574  -3.935 0.4000000060
24049  -30.312  -60.978  -5.188 0.4000000060
22867  -30.615  -61.829  -5.120 0.5000000000
26293  -30.174  -59.275  -4.862 0.4000000060
26310  -30.331  -59.014  -5.687 0.4000000060
27394  -30.591  -58.749  -3.913 0.4000000060
27395  -31.489  -58.252  -4.255 0.3000000119
27409  -30.794  -58.553  -5.059 0.3000000119
27410  -31.709  -57.960  -5.373 0.3000000119
27430  -31.515  -58.042  -6.314 0.3000000119
28539  -32.321  -57.638  -5.688 0.3000000119
28553  -31.915  -57.739  -6.051 0.2000000030
28572  -33.269  -56.851  -7.215 0.1000000015
29824  -33.663  -56.595  -8.790 0.1000000015
29825  -34.209  -56.424  -9.301 0.1000000015
28633  -34.702  -57.425  -10.331 0.2000000030
29826  -35.195  -56.087  -9.647 0.1000000015
29844  -34.638  -56.643  -9.950 0.1000000015
29845  -35.393  -56.488  -10.379 0.2000000030
28658  -36.056  -57.907  -11.370 0.2000000030
27541  -37.056  -58.600  -12.036 0.1000000015
28660  -37.430  -57.602  -12.206 0.1000000015
27557  -38.323  -58.618  -13.057 0.1000000015
26430  -39.217  -59.637  -13.760 0.1000000015
25326  -40.060  -60.112  -14.404 0.1000000015
27577  -40.161  -58.370  -14.130 0.1000000015
26443  -40.358  -59.582  -14.524 0.1000000015
27594  -41.632  -58.660  -15.024 0.1000000015
27595  -42.371  -58.451  -15.344 0.1000000015
27608  -42.075  -58.979  -15.662 0.1000000015
28742  -43.452  -58.148  -15.637 0.1000000015
27610  -43.889  -58.368  -16.603 0.1000000015
28764  -45.177  -58.215  -16.830 0.1000000015
28784  -46.399  -57.740  -17.889 0.1000000015
19358  -36.196  -66.373  -0.602 0.3000000119
19359  -36.672  -66.752  -0.661 0.2000000030
19371  -35.246  -65.447  -1.026 0.3000000119
20492  -34.167  -64.494  -2.653 0.4000000060
20482  -33.402  -64.415  -1.774 0.3000000119
23994  -30.037  -61.735  -2.899 0.3000000119
22833  -30.542  -62.085  -3.523 0.3000000119
22834  -31.355  -62.952  -3.464 0.4000000060
21640  -32.244  -63.504  -3.253 0.4000000060
26232  -29.956  -59.651  -2.304 0.3000000119
24011  -30.044  -61.193  -3.642 0.3000000119
21623  -32.134  -63.645  -2.459 0.4000000060
21609  -32.564  -64.031  -2.051 0.4000000060
20481  -32.527  -64.146  -1.495 0.3000000119
27348  -31.470  -58.617  -2.456 0.3000000119
26256  -30.125  -59.114  -3.087 0.3000000119
27369  -30.745  -58.672  -2.839 0.3000000119
27349  -32.159  -58.500  -2.753 0.3000000119
27371  -32.276  -58.260  -3.515 0.3000000119
27372  -33.200  -58.246  -3.679 0.3000000119
27411  -32.751  -57.745  -5.105 0.3000000119
28540  -32.979  -57.482  -5.689 0.2000000030
28556  -34.152  -57.364  -6.275 0.1000000015
28557  -35.068  -57.491  -6.583 0.1000000015
28558  -35.799  -57.761  -6.776 0.1000000015
29789  -34.811  -56.573  -7.836 0.1000000015
29791  -36.816  -56.916  -7.803 0.1000000015
29809  -36.442  -56.273  -8.493 0.1000000015
31047  -35.944  -55.761  -10.092 0.1000000015
29846  -36.133  -56.542  -10.866 0.2000000030
31062  -37.522  -55.738  -10.806 0.2000000030
29872  -37.392  -56.446  -11.677 0.2000000030
29888  -37.886  -56.899  -12.263 0.1000000015
31109  -38.466  -56.131  -12.074 0.1000000015
29889  -38.549  -56.696  -12.509 0.1000000015
28692  -39.295  -58.239  -13.591 0.1000000015
29890  -39.508  -56.612  -12.885 0.1000000015
28674  -39.563  -57.246  -13.373 0.1000000015
28694  -40.736  -57.763  -14.057 0.1000000015
28718  -41.388  -58.042  -14.462 0.1000000015
28719  -42.599  -57.766  -14.744 0.1000000015
28741  -42.791  -58.244  -15.415 0.1000000015
28743  -44.775  -58.103  -16.113 0.1000000015
28721  -45.061  -57.507  -15.284 0.1000000015
28744  -46.036  -57.849  -16.067 0.1000000015
28765  -45.824  -58.065  -16.993 0.1000000015
28767  -47.929  -57.043  -17.223 0.1000000015
28766  -46.863  -57.647  -17.101 0.1000000015
28786  -47.834  -56.554  -17.887 0.1000000015
18165  -35.738  -67.021  0.162 0.2000000030
18187  -36.355  -66.929  -0.365 0.2000000030
19339  -35.318  -66.411  0.271 0.2000000030
19357  -35.365  -65.772  -0.415 0.3000000119
19326  -34.135  -66.598  1.036 0.2000000030
19356  -34.791  -65.774  0.142 0.3000000119
20471  -34.912  -65.360  -0.859 0.3000000119
22817  -30.422  -62.683  -2.188 0.3000000119
22818  -31.126  -63.198  -2.712 0.3000000119
25117  -29.579  -60.791  -1.428 0.3000000119
25135  -29.712  -60.523  -2.140 0.3000000119
23993  -29.689  -61.513  -2.110 0.3000000119
21621  -30.949  -63.354  -1.827 0.3000000119
21607  -31.444  -63.648  -1.513 0.3000000119
21608  -32.028  -63.794  -1.825 0.3000000119
27330  -31.095  -58.955  -1.555 0.3000000119
26211  -30.597  -59.304  -1.367 0.3000000119
21606  -30.795  -63.402  -1.271 0.3000000119
21591  -31.515  -63.877  -0.691 0.3000000119
20468  -31.857  -64.173  -0.137 0.2000000030
20469  -32.634  -64.399  -0.564 0.2000000030
26213  -32.295  -58.895  -1.322 0.2000000030
27332  -32.211  -58.688  -2.075 0.2000000030
26214  -33.224  -58.760  -1.813 0.3000000119
27350  -33.037  -58.477  -2.817 0.3000000119
27373  -34.103  -58.453  -3.849 0.3000000119
27397  -33.436  -58.014  -4.454 0.3000000119
27398  -34.351  -58.288  -4.709 0.2000000030
28542  -34.128  -57.559  -5.840 0.1000000015
26278  -34.969  -58.612  -4.713 0.2000000030
27414  -35.347  -58.396  -5.608 0.1000000015
27432  -35.622  -58.116  -6.255 0.1000000015
27451  -37.548  -58.739  -7.227 0.1000000015
26331  -38.413  -59.776  -7.148 0.1000000015
25236  -40.031  -60.288  -7.932 0.1000000015
28576  -37.232  -57.697  -7.521 0.1000000015
28577  -37.925  -58.055  -7.670 0.1000000015
27472  -39.565  -58.793  -8.254 0.1000000015
26349  -41.157  -60.174  -8.581 0.1000000015
25239  -42.450  -61.173  -8.640 0.1000000015
26350  -44.003  -60.298  -8.399 0.1000000015
29810  -37.593  -56.668  -8.394 0.1000000015
29811  -38.572  -56.933  -8.653 0.1000000015
28596  -39.895  -58.099  -8.614 0.1000000015
26366  -40.936  -59.510  -8.738 0.1000000015
25252  -43.686  -60.821  -9.091 0.1000000015
31033  -37.124  -55.837  -9.083 0.1000000015
31034  -37.704  -56.108  -9.035 0.1000000015
31048  -36.861  -55.608  -9.903 0.1000000015
31085  -38.271  -55.827  -11.536 0.1000000015
31086  -39.395  -55.595  -11.414 0.1000000015
29891  -40.526  -56.337  -12.929 0.1000000015
29908  -40.162  -57.039  -13.498 0.1000000015
29909  -41.075  -56.851  -13.609 0.1000000015
28695  -41.691  -57.407  -14.064 0.1000000015
29935  -43.452  -57.312  -14.564 0.1000000015
28720  -43.920  -57.662  -15.124 0.1000000015
28722  -46.154  -57.353  -15.313 0.1000000015
28745  -47.285  -57.516  -16.032 0.1000000015
18127  -32.037  -66.471  3.039 0.2000000030
19337  -33.818  -66.104  0.899 0.2000000030
20470  -34.186  -65.215  -0.500 0.3000000119
19297  -31.617  -65.776  3.232 0.2000000030
19308  -32.739  -66.499  1.887 0.2000000030
20453  -33.278  -65.348  0.646 0.2000000030
25092  -29.647  -60.585  -0.474 0.3000000119
23953  -29.556  -61.610  -0.316 0.3000000119
22776  -29.754  -62.411  -0.211 0.3000000119
22777  -30.131  -63.022  0.033 0.3000000119
26192  -30.209  -59.864  -0.121 0.3000000119
25093  -29.878  -60.431  0.198 0.3000000119
22751  -29.807  -62.560  0.581 0.3000000119
22752  -30.147  -63.105  0.736 0.3000000119
21590  -30.683  -63.482  -0.373 0.3000000119
26168  -32.859  -59.477  -0.062 0.2000000030
26167  -32.078  -59.516  0.414 0.3000000119
20452  -32.033  -64.473  0.448 0.2000000030
26195  -33.172  -59.255  -0.800 0.2000000030
26196  -33.898  -59.292  -1.210 0.2000000030
26234  -33.893  -58.701  -2.500 0.3000000119
26215  -34.411  -59.204  -1.875 0.3000000119
27351  -33.817  -58.555  -3.166 0.3000000119
26257  -34.955  -58.720  -4.137 0.2000000030
26235  -34.790  -58.929  -2.987 0.3000000119
26258  -35.712  -59.305  -3.748 0.2000000030
26279  -35.605  -58.968  -4.899 0.2000000030
26312  -37.744  -59.730  -6.316 0.1000000015
29829  -39.759  -56.733  -9.407 0.1000000015
28609  -40.451  -57.819  -9.058 0.1000000015
27495  -41.929  -59.059  -9.366 0.1000000015
27496  -42.804  -59.201  -9.553 0.1000000015
31050  -39.177  -55.894  -9.861 0.1000000015
29848  -40.213  -56.373  -9.880 0.1000000015
29830  -40.674  -57.031  -9.594 0.1000000015
28612  -43.033  -58.449  -9.731 0.1000000015
31051  -39.779  -56.130  -9.903 0.1000000015
31065  -41.152  -55.913  -10.703 0.1000000015
29850  -41.829  -56.766  -10.222 0.1000000015
29851  -42.908  -56.824  -10.201 0.1000000015
31063  -38.723  -55.537  -10.605 0.1000000015
31087  -40.503  -55.613  -11.433 0.1000000015
31066  -42.221  -55.973  -10.697 0.1000000015
31088  -41.598  -55.569  -11.483 0.1000000015
31111  -39.974  -55.831  -12.212 0.1000000015
31112  -41.011  -55.702  -12.308 0.1000000015
31113  -42.138  -55.653  -12.457 0.1000000015
29892  -41.492  -56.210  -13.048 0.1000000015
29910  -41.993  -56.753  -13.646 0.1000000015
28696  -42.344  -57.169  -14.061 0.1000000015
29936  -44.206  -57.075  -14.574 0.1000000015
18092  -33.141  -66.999  4.710 0.3000000119
19279  -31.645  -65.514  3.954 0.3000000119
20421  -31.302  -65.134  2.780 0.3000000119
20440  -31.699  -64.891  1.559 0.2000000030
20441  -32.719  -65.528  1.331 0.2000000030
20408  -30.894  -64.474  3.497 0.3000000119
20420  -30.786  -64.341  2.545 0.3000000119
25062  -30.147  -60.451  0.689 0.3000000119
23908  -30.033  -61.819  1.978 0.3000000119
21539  -30.349  -63.395  2.302 0.3000000119
20439  -30.815  -64.103  1.906 0.3000000119
25063  -33.045  -59.734  0.627 0.2000000030
26139  -30.859  -60.235  1.541 0.3000000119
25019  -31.161  -60.972  2.937 0.3000000119
25064  -33.799  -59.780  -0.062 0.2000000030
25065  -34.925  -60.377  0.251 0.2000000030
25095  -34.687  -59.810  -0.947 0.2000000030
25118  -35.023  -59.647  -1.674 0.2000000030
25136  -36.166  -59.995  -2.319 0.3000000119
26237  -36.387  -59.963  -2.650 0.2000000030
26259  -36.460  -59.723  -3.281 0.2000000030
31089  -42.666  -55.474  -11.432 0.1000000015
31134  -42.892  -55.890  -13.047 0.1000000015
29893  -42.310  -56.225  -13.216 0.1000000015
29911  -43.107  -56.702  -13.886 0.1000000015
16886  -35.127  -67.957  5.166 0.1000000015
18058  -34.749  -66.661  5.244 0.2000000030
18057  -33.737  -66.347  5.162 0.3000000119
19281  -32.885  -65.879  4.955 0.3000000119
19250  -32.753  -64.881  5.036 0.3000000119
20393  -32.141  -64.339  4.736 0.3000000119
23871  -30.653  -62.018  3.411 0.3000000119
22685  -30.976  -62.755  4.062 0.3000000119
25020  -32.310  -60.530  2.648 0.3000000119
25001  -32.253  -60.987  3.427 0.3000000119
25000  -31.685  -61.276  3.504 0.3000000119
23872  -31.196  -61.757  3.666 0.3000000119
25021  -33.542  -60.498  2.480 0.2000000030
25040  -34.003  -60.216  1.239 0.2000000030
25119  -35.744  -60.043  -1.747 0.2000000030
25097  -36.593  -60.906  -0.188 0.1000000015
25120  -36.686  -60.753  -1.266 0.2000000030
25137  -36.611  -60.351  -2.282 0.2000000030
25138  -37.239  -60.787  -2.006 0.3000000119
19251  -33.513  -65.222  5.263 0.3000000119
20374  -32.713  -64.149  5.087 0.3000000119
21500  -33.030  -63.736  5.189 0.3000000119
22686  -31.843  -62.748  4.598 0.3000000119
25002  -33.222  -60.799  3.365 0.3000000119
23873  -32.187  -61.475  3.932 0.3000000119
23855  -32.059  -62.039  4.369 0.3000000119
25022  -34.905  -60.644  2.471 0.2000000030
25023  -36.309  -60.899  2.434 0.1000000015
23933  -36.637  -61.127  0.610 0.1000000015
23934  -37.112  -61.374  0.401 0.1000000015
23954  -37.176  -61.225  -0.603 0.1000000015
23978  -37.184  -61.104  -1.136 0.1000000015
20377  -35.020  -64.549  5.426 0.3000000119
20378  -36.082  -64.655  5.539 0.2000000030
21501  -33.640  -63.548  5.230 0.3000000119
22687  -32.889  -62.580  4.851 0.3000000119
22670  -33.943  -62.599  5.090 0.3000000119
25003  -34.465  -60.743  3.707 0.2000000030
23857  -34.103  -61.485  4.586 0.3000000119
23856  -32.946  -61.765  4.471 0.3000000119
25004  -35.915  -60.640  3.558 0.2000000030
24987  -34.770  -61.026  4.421 0.2000000030
25005  -37.293  -60.836  3.536 0.1000000015
24990  -38.271  -60.708  4.334 0.1000000015
25024  -37.560  -61.159  2.755 0.1000000015
23890  -37.006  -61.281  1.873 0.1000000015
23909  -36.722  -61.276  1.048 0.1000000015
23910  -37.472  -61.587  1.367 0.1000000015
23935  -38.038  -61.874  0.822 0.1000000015
23956  -38.776  -62.342  0.321 0.1000000015
21503  -35.537  -63.601  5.549 0.2000000030
22671  -34.977  -62.648  5.366 0.2000000030
23840  -35.299  -61.644  5.167 0.2000000030
23839  -34.546  -62.041  5.157 0.2000000030
24981  -36.712  -60.962  5.250 0.1000000015
24988  -35.605  -60.860  4.628 0.2000000030
24989  -36.972  -60.750  4.431 0.1000000015
25025  -38.263  -61.285  2.865 0.1000000015
23891  -37.899  -61.507  2.273 0.1000000015
23912  -39.391  -62.010  2.101 0.1000000015
23936  -38.777  -62.243  1.267 0.1000000015
25006  -38.579  -61.020  3.558 0.1000000015
23877  -39.719  -61.112  3.368 0.1000000015
23893  -39.912  -61.486  2.796 0.1000000015
24991  -39.086  -60.337  4.489 0.1000000015
25007  -39.211  -60.726  3.517 0.1000000015
19456  -37.616  -65.454  -7.528 0.4000000060
20570  -36.266  -64.822  -7.935 0.5000000000
20569  -35.603  -64.708  -8.261 0.5000000000
19455  -36.670  -65.058  -7.472 0.4000000060
17139  -42.555  -68.259  -7.676 0.5000000000
19448  -38.420  -65.724  -6.284 0.4000000060
19467  -37.966  -65.962  -8.546 0.5000000000
18313  -40.923  -66.644  -6.297 0.5000000000
19457  -38.784  -65.952  -7.631 0.6000000238
17137  -41.058  -67.249  -8.195 0.5000000000
17159  -41.919  -68.402  -8.688 0.3000000119
14868  -41.383  -69.979  -9.453 0.5000000000
18327  -39.713  -66.341  -7.372 0.5000000000
15960  -42.217  -68.909  -6.971 0.5000000000
18345  -40.805  -66.973  -7.975 0.5000000000
15992  -41.479  -68.610  -9.337 0.4000000060
16029  -39.620  -69.056  -11.094 0.5000000000
14895  -38.633  -69.730  -12.636 0.4000000060
13773  -38.871  -70.204  -13.384 0.4000000060
14894  -37.805  -69.278  -13.028 0.4000000060
16072  -38.229  -68.215  -14.545 0.3000000119
15908  -39.853  -68.469  -3.065 0.2000000030
20587  -33.643  -64.508  -9.916 0.3000000119
19473  -35.679  -65.550  -9.489 0.4000000060
19475  -37.538  -66.159  -9.163 0.6000000238
24106  -31.942  -61.487  -9.570 0.3000000119
21721  -32.752  -62.884  -10.266 0.4000000060
19472  -34.841  -65.236  -9.747 0.5000000000
18358  -36.534  -66.174  -9.677 0.6000000238
18362  -39.532  -66.780  -8.762 0.6000000238
19468  -38.597  -66.057  -8.186 0.6000000238
19458  -39.206  -66.110  -7.347 0.6000000238
18344  -40.235  -66.801  -8.291 0.5000000000
17158  -41.325  -67.879  -8.958 0.5000000000
20603  -34.064  -64.706  -11.007 0.4000000060
19493  -34.721  -65.417  -11.248 0.4000000060
17155  -38.053  -66.913  -9.697 0.6000000238
18372  -36.897  -66.606  -10.110 0.5000000000
17157  -39.920  -67.396  -9.298 0.5000000000
18361  -38.942  -66.674  -9.092 0.5000000000
21740  -33.753  -63.578  -11.203 0.4000000060
22927  -33.774  -62.106  -10.936 0.4000000060
19494  -35.168  -65.961  -11.578 0.5000000000
17172  -36.886  -67.017  -10.562 0.5000000000
17183  -37.916  -67.855  -10.824 0.4000000060
16009  -39.212  -68.077  -10.450 0.5000000000
24140  -34.911  -61.970  -11.318 0.3000000119
18392  -35.553  -66.418  -12.117 0.5000000000
16027  -37.466  -68.227  -11.642 0.4000000060
19511  -35.854  -65.629  -12.606 0.5000000000
17190  -36.423  -67.368  -12.731 0.4000000060
16040  -37.365  -68.562  -12.599 0.4000000060
16054  -36.905  -68.032  -13.024 0.4000000060
20639  -36.969  -65.151  -13.187 0.4000000060
20618  -36.534  -64.641  -12.764 0.4000000060
18393  -36.123  -66.447  -12.745 0.4000000060
17201  -37.106  -67.383  -13.584 0.4000000060
20524  -34.737  -64.341  -4.561 0.5000000000
26345  -31.147  -59.443  -7.980 0.3000000119
27470  -31.956  -58.333  -8.381 0.2000000030
25249  -32.310  -60.550  -9.794 0.3000000119
26380  -32.737  -59.763  -9.976 0.3000000119
27521  -33.368  -58.848  -9.867 0.3000000119
25272  -34.789  -60.381  -10.869 0.3000000119
21742  -35.846  -63.024  -12.007 0.3000000119
22942  -35.274  -62.474  -11.591 0.3000000119
22943  -36.218  -62.250  -11.717 0.3000000119
25290  -36.069  -60.729  -11.430 0.2000000030
22961  -36.749  -62.546  -12.026 0.3000000119
20619  -37.569  -63.886  -12.804 0.3000000119
22962  -37.325  -62.532  -12.168 0.2000000030
18413  -38.332  -65.980  -14.181 0.4000000060
19537  -39.072  -64.763  -13.861 0.3000000119
21788  -40.620  -63.529  -13.611 0.2000000030
23019  -41.691  -61.951  -15.067 0.1000000015
20508  -34.398  -64.414  -3.674 0.4000000060
21660  -34.132  -64.042  -4.429 0.4000000060
19417  -35.652  -64.931  -4.229 0.5000000000
19420  -38.088  -66.142  -4.153 0.4000000060
25191  -29.938  -60.163  -4.709 0.4000000060
27448  -31.340  -58.334  -7.289 0.3000000119
28570  -31.834  -57.765  -6.603 0.2000000030
28592  -33.191  -56.878  -8.343 0.1000000015
28571  -32.255  -57.455  -7.054 0.1000000015
28607  -34.033  -57.259  -9.792 0.2000000030
26383  -35.214  -59.550  -10.950 0.2000000030
27539  -35.643  -58.647  -11.205 0.2000000030
26401  -36.068  -59.757  -11.355 0.2000000030
24143  -37.410  -61.339  -11.936 0.2000000030
24144  -37.880  -61.798  -12.087 0.2000000030
26403  -37.410  -59.546  -12.314 0.1000000015
26418  -38.001  -59.543  -12.774 0.1000000015
25300  -38.352  -60.435  -12.925 0.1000000015
24156  -38.298  -61.440  -12.520 0.2000000030
24157  -38.854  -62.006  -12.924 0.2000000030
27575  -38.958  -58.741  -13.498 0.1000000015
24174  -39.268  -61.556  -13.322 0.1000000015
24175  -40.245  -61.593  -13.816 0.1000000015
22986  -41.015  -63.063  -13.764 0.1000000015
26431  -39.771  -59.611  -14.237 0.1000000015
23003  -40.726  -62.111  -13.982 0.1000000015
26444  -40.995  -59.576  -14.871 0.1000000015
26445  -41.480  -59.558  -15.440 0.1000000015
27609  -42.804  -58.618  -16.111 0.1000000015
18207  -37.950  -67.015  -1.222 0.3000000119
18224  -38.226  -66.600  -2.168 0.3000000119
19372  -35.860  -65.654  -1.349 0.3000000119
19373  -36.892  -66.483  -1.077 0.3000000119
19386  -37.479  -66.468  -1.643 0.3000000119
18247  -38.125  -66.336  -3.231 0.3000000119
19403  -36.624  -65.581  -3.206 0.3000000119
19402  -35.748  -65.189  -3.569 0.3000000119
20484  -35.377  -65.313  -2.077 0.3000000119
20493  -35.046  -64.983  -2.869 0.3000000119
19419  -37.537  -65.851  -3.980 0.3000000119
21641  -33.094  -63.944  -3.535 0.4000000060
20491  -33.426  -64.262  -2.788 0.4000000060
24034  -30.110  -60.854  -4.384 0.4000000060
22835  -32.051  -63.245  -3.867 0.4000000060
21658  -32.541  -63.498  -4.021 0.4000000060
25175  -29.761  -60.195  -3.417 0.4000000060
27396  -32.459  -57.947  -4.360 0.3000000119
28555  -33.102  -57.193  -6.321 0.2000000030
28573  -34.428  -56.912  -7.116 0.1000000015
29807  -34.224  -56.425  -8.477 0.1000000015
29808  -35.225  -56.198  -8.681 0.1000000015
28634  -35.554  -57.509  -10.881 0.2000000030
31032  -36.125  -55.860  -9.319 0.1000000015
31060  -35.961  -56.071  -10.506 0.2000000030
29871  -36.595  -56.736  -11.377 0.1000000015
28659  -36.673  -57.563  -11.725 0.1000000015
27556  -37.697  -58.594  -12.526 0.1000000015
28672  -38.137  -57.668  -12.624 0.1000000015
28673  -38.949  -57.659  -13.238 0.1000000015
27576  -39.570  -58.758  -13.920 0.1000000015
28693  -39.757  -57.844  -13.707 0.1000000015
27593  -40.783  -58.621  -14.483 0.1000000015
19340  -35.828  -66.537  -0.145 0.2000000030
18188  -37.164  -67.006  -0.774 0.2000000030
20483  -34.777  -65.097  -1.621 0.3000000119
21639  -31.644  -63.364  -2.829 0.4000000060
27347  -30.921  -58.810  -2.030 0.3000000119
27412  -33.631  -57.784  -5.188 0.1000000015
28574  -35.368  -57.151  -7.232 0.1000000015
27431  -34.956  -57.805  -6.011 0.1000000015
27450  -36.911  -58.142  -7.151 0.1000000015
28575  -36.331  -57.584  -7.306 0.1000000015
29790  -35.823  -56.695  -7.838 0.1000000015
29792  -37.348  -57.136  -7.860 0.1000000015
31061  -36.520  -55.887  -10.552 0.1000000015
31110  -39.001  -55.960  -12.152 0.1000000015
18163  -34.657  -67.015  1.002 0.2000000030
19338  -34.462  -66.252  0.628 0.2000000030
20454  -34.212  -65.622  0.254 0.2000000030
26191  -29.803  -60.061  -0.558 0.3000000119
23977  -29.560  -61.477  -1.204 0.3000000119
22800  -29.736  -62.254  -1.114 0.3000000119
22801  -30.192  -62.916  -0.871 0.3000000119
26212  -31.467  -59.061  -1.135 0.3000000119
26193  -31.242  -59.357  -0.345 0.3000000119
26194  -32.182  -59.197  -0.520 0.3000000119
27413  -34.432  -57.859  -5.530 0.1000000015
26294  -35.897  -58.810  -5.529 0.1000000015
27415  -35.999  -58.635  -5.945 0.1000000015
27433  -36.537  -58.549  -6.631 0.1000000015
27452  -38.675  -58.792  -7.765 0.1000000015
26332  -39.283  -59.742  -7.685 0.1000000015
27453  -39.324  -59.234  -7.924 0.1000000015
26348  -40.357  -59.755  -8.413 0.1000000015
28594  -38.367  -57.696  -8.156 0.1000000015
27471  -38.950  -58.254  -8.158 0.1000000015
27473  -40.413  -58.802  -8.649 0.1000000015
25250  -42.234  -60.465  -8.907 0.1000000015
26367  -41.690  -59.853  -8.887 0.1000000015
24107  -43.151  -61.215  -9.009 0.1000000015
24095  -43.410  -61.174  -8.483 0.1000000015
25240  -43.927  -60.692  -8.663 0.1000000015
29827  -38.135  -56.355  -8.996 0.1000000015
28595  -39.189  -57.737  -8.500 0.1000000015
29812  -39.236  -56.999  -8.881 0.1000000015
27494  -41.110  -58.858  -9.087 0.1000000015
28608  -39.729  -57.444  -8.856 0.1000000015
26369  -43.332  -60.100  -9.359 0.1000000015
26338  -45.187  -59.411  -8.437 0.1000000015
31049  -37.990  -55.853  -9.699 0.1000000015
29828  -38.803  -56.428  -9.256 0.1000000015
18114  -32.419  -66.990  3.462 0.2000000030
19307  -32.037  -65.970  2.369 0.2000000030
19325  -33.373  -66.258  1.358 0.2000000030
18113  -31.941  -66.205  3.728 0.3000000119
19324  -32.490  -65.806  1.694 0.2000000030
25061  -29.729  -61.030  0.634 0.3000000119
21571  -30.560  -63.447  0.373 0.3000000119
26166  -31.143  -59.633  0.573 0.3000000119
25036  -29.889  -61.164  1.224 0.3000000119
22727  -29.926  -62.644  1.452 0.3000000119
23907  -29.763  -61.648  1.245 0.3000000119
21558  -31.443  -64.214  0.875 0.3000000119
25094  -33.903  -59.531  -0.740 0.2000000030
26141  -31.723  -59.724  0.962 0.3000000119
26216  -35.159  -59.518  -2.192 0.3000000119
26295  -36.544  -59.284  -5.736 0.1000000015
26296  -37.434  -59.829  -5.304 0.2000000030
26311  -36.967  -59.261  -6.407 0.1000000015
28610  -41.368  -57.963  -9.501 0.1000000015
28611  -42.267  -58.311  -9.640 0.1000000015
26370  -44.312  -59.987  -9.313 0.1000000015
29849  -40.852  -56.451  -10.118 0.1000000015
28636  -41.876  -57.543  -9.810 0.1000000015
31064  -39.961  -55.839  -10.493 0.1000000015
18090  -31.997  -65.874  4.175 0.3000000119
18091  -32.420  -66.406  4.288 0.3000000119
19280  -32.167  -65.343  4.492 0.3000000119
20392  -31.357  -64.589  4.170 0.3000000119
21531  -30.534  -63.660  3.246 0.3000000119
25037  -30.329  -60.876  1.752 0.3000000119
22709  -30.164  -62.415  2.399 0.3000000119
23888  -30.536  -61.610  2.847 0.3000000119
22684  -30.627  -63.207  3.681 0.3000000119
25039  -32.420  -60.023  1.473 0.3000000119
25038  -31.362  -60.333  1.999 0.3000000119
25096  -35.768  -60.483  -0.571 0.2000000030
25177  -37.049  -60.038  -3.513 0.2000000030
25178  -37.601  -60.323  -4.118 0.2000000030
19252  -34.427  -65.460  5.342 0.2000000030
21516  -30.824  -63.822  3.994 0.3000000119
21517  -31.530  -63.613  4.511 0.3000000119
25041  -35.387  -60.709  1.395 0.2000000030
25066  -36.118  -60.833  0.556 0.1000000015
20376  -34.079  -64.437  5.364 0.3000000119
23874  -33.067  -61.222  3.966 0.3000000119
25042  -36.277  -61.043  1.460 0.1000000015
23955  -37.948  -61.680  -0.185 0.1000000015
21502  -34.530  -63.558  5.381 0.3000000119
22688  -33.456  -62.049  4.830 0.3000000119
23858  -34.950  -61.251  4.688 0.2000000030
22672  -36.057  -62.582  5.628 0.2000000030
24982  -37.944  -60.827  5.187 0.1000000015
23892  -38.955  -61.451  2.866 0.1000000015
23876  -39.237  -61.112  3.474 0.1000000015
13746  -41.397  -70.340  -8.976 0.3000000119
12639  -40.330  -71.823  -8.375 0.3000000119
12640  -40.412  -71.554  -8.342 0.3000000119
10636  -35.576  -74.480  -8.864 0.2000000030
9736  -34.024  -75.063  -9.387 0.2000000030
12656  -38.893  -72.265  -8.533 0.4000000060
11606  -38.064  -73.141  -8.603 0.3000000119
12658  -40.645  -71.251  -9.025 0.4000000060
11605  -37.066  -73.378  -8.730 0.3000000119
13745  -41.024  -70.555  -9.552 0.4000000060
11607  -38.658  -73.012  -8.777 0.4000000060
11588  -37.218  -73.940  -8.376 0.3000000119
9738  -35.543  -75.431  -8.833 0.2000000030
12680  -40.430  -71.003  -10.125 0.4000000060
11608  -39.350  -72.409  -9.186 0.4000000060
10624  -37.719  -74.056  -8.523 0.4000000060
13756  -40.637  -70.410  -10.511 0.4000000060
14887  -40.535  -69.925  -10.931 0.4000000060
10623  -36.973  -74.214  -8.228 0.3000000119
8903  -35.918  -75.745  -8.921 0.3000000119
10638  -37.881  -74.161  -9.181 0.3000000119
8892  -36.412  -75.324  -8.695 0.4000000060
13755  -40.245  -70.449  -11.301 0.4000000060
11627  -38.790  -72.696  -9.930 0.4000000060
9759  -36.722  -75.177  -9.384 0.3000000119
14886  -39.926  -69.779  -11.560 0.4000000060
11650  -39.324  -72.116  -10.690 0.4000000060
10659  -38.159  -73.620  -9.584 0.4000000060
10676  -38.333  -73.165  -10.595 0.4000000060
10674  -36.913  -73.965  -10.666 0.3000000119
11671  -39.182  -72.027  -12.043 0.4000000060
11649  -38.698  -72.595  -11.228 0.4000000060
10675  -37.724  -73.590  -10.605 0.4000000060
12697  -39.896  -71.285  -11.285 0.4000000060
11648  -38.056  -73.007  -11.525 0.4000000060
13760  -39.592  -70.528  -12.393 0.4000000060
11670  -38.437  -72.486  -12.437 0.4000000060
11647  -37.279  -73.209  -11.556 0.3000000119
10673  -35.908  -74.454  -10.600 0.2000000030
13759  -39.114  -70.132  -12.671 0.3000000119
12713  -39.487  -71.412  -12.867 0.4000000060
11669  -37.674  -72.703  -12.544 0.4000000060
11646  -36.391  -73.286  -11.391 0.2000000030
11644  -34.491  -73.410  -11.589 0.3000000119
13774  -39.380  -70.820  -13.666 0.3000000119
11667  -35.944  -72.533  -11.984 0.2000000030
11668  -36.787  -72.577  -12.543 0.2000000030
11645  -35.432  -73.370  -11.381 0.2000000030
10689  -33.581  -73.721  -12.004 0.2000000030
14927  -38.530  -69.471  -14.528 0.3000000119
13796  -39.003  -70.354  -14.277 0.3000000119
11697  -38.883  -72.085  -13.520 0.4000000060
13797  -39.269  -70.761  -14.913 0.3000000119
11719  -38.928  -71.888  -14.501 0.2000000030
11696  -38.072  -72.560  -13.641 0.2000000030
11666  -35.035  -72.505  -11.977 0.1000000015
10688  -32.670  -73.542  -12.688 0.2000000030
12773  -38.931  -71.429  -15.770 0.2000000030
12749  -38.827  -71.883  -15.144 0.2000000030
11717  -37.466  -72.467  -14.728 0.1000000015
11694  -36.871  -72.368  -13.457 0.1000000015
11665  -34.080  -72.587  -12.167 0.1000000015
16073  -38.867  -68.464  -15.104 0.2000000030
14928  -39.042  -70.100  -14.842 0.3000000119
16092  -39.427  -68.569  -15.533 0.1000000015
14950  -39.004  -69.050  -15.224 0.3000000119
13819  -39.314  -70.577  -16.289 0.2000000030
11718  -38.366  -72.364  -14.937 0.1000000015
12731  -36.364  -71.921  -13.404 0.1000000015
12710  -34.684  -71.724  -12.644 0.1000000015
11664  -33.196  -72.626  -12.551 0.1000000015
17237  -39.296  -68.004  -15.356 0.2000000030
14951  -39.352  -69.616  -15.560 0.2000000030
12772  -38.540  -72.024  -15.705 0.1000000015
11742  -37.496  -72.467  -15.990 0.1000000015
12748  -36.129  -71.629  -14.744 0.1000000015
12730  -35.316  -71.210  -13.756 0.1000000015
12708  -32.953  -71.800  -12.876 0.1000000015
11692  -31.363  -72.596  -13.578 0.1000000015
16093  -40.080  -68.610  -16.283 0.1000000015
12794  -38.825  -71.311  -17.052 0.1000000015
11767  -38.002  -72.248  -17.036 0.1000000015
11741  -36.534  -72.267  -15.892 0.1000000015
12728  -33.327  -71.113  -13.291 0.1000000015
11693  -32.283  -72.395  -13.076 0.1000000015
10706  -30.676  -73.213  -14.321 0.1000000015
12814  -38.209  -71.964  -17.805 0.1000000015
12771  -35.699  -71.866  -15.789 0.1000000015
12747  -35.130  -71.387  -15.179 0.1000000015
13768  -30.930  -70.936  -13.918 0.1000000015
12725  -30.624  -71.709  -13.959 0.1000000015
13794  -34.259  -70.890  -15.148 0.1000000015
24012  -37.850  -61.000  -2.313 0.2000000030
18434  -39.645  -66.394  -14.974 0.2000000030
17219  -39.671  -67.030  -15.253 0.1000000015
13841  -39.342  -70.681  -17.564 0.1000000015
16115  -40.187  -69.007  -16.745 0.1000000015
12815  -38.758  -71.340  -18.394 0.1000000015
11787  -37.707  -72.348  -17.651 0.1000000015
12726  -31.553  -71.583  -13.544 0.1000000015
12727  -32.437  -71.312  -13.334 0.1000000015
13795  -34.886  -70.975  -14.553 0.1000000015
11765  -36.820  -72.581  -17.141 0.1000000015
12657  -39.809  -71.847  -8.561 0.3000000119
10621  -36.238  -74.483  -8.569 0.3000000119
11589  -37.591  -73.787  -8.511 0.3000000119
9722  -36.208  -75.087  -8.557 0.3000000119
11628  -39.335  -72.253  -9.834 0.4000000060
9739  -37.182  -74.941  -8.875 0.3000000119
12698  -40.361  -70.793  -10.835 0.4000000060
10658  -37.437  -74.390  -9.698 0.3000000119
12732  -39.262  -71.440  -14.059 0.3000000119
11695  -37.306  -72.528  -13.547 0.2000000030
12712  -36.204  -72.222  -12.620 0.1000000015
12750  -39.115  -71.503  -14.861 0.2000000030
11716  -36.842  -72.244  -14.308 0.1000000015
12711  -35.625  -71.926  -12.657 0.1000000015
11743  -38.091  -72.326  -16.199 0.1000000015
12729  -34.259  -71.105  -13.357 0.1000000015
17238  -39.876  -67.564  -15.599 0.1000000015
14975  -39.904  -69.645  -16.942 0.1000000015
12793  -38.422  -71.900  -16.576 0.1000000015
11691  -30.758  -72.763  -14.019 0.1000000015
11715  -30.169  -72.505  -14.611 0.1000000015
14976  -40.168  -69.419  -17.872 0.1000000015
17118  -39.851  -68.150  -6.888 0.3000000119
15957  -39.575  -68.429  -7.814 0.2000000030
15973  -39.327  -68.990  -8.658 0.3000000119
17090  -41.464  -68.168  -4.905 0.4000000060
15941  -40.900  -68.492  -6.574 0.2000000030
17104  -41.218  -68.260  -5.671 0.4000000060
15958  -40.560  -68.775  -7.448 0.3000000119
15990  -38.692  -69.338  -9.243 0.2000000030
15942  -41.887  -68.469  -6.358 0.4000000060
15974  -40.280  -69.230  -8.171 0.2000000030
14848  -39.563  -70.333  -8.840 0.2000000030
14865  -37.545  -69.919  -10.058 0.1000000015
14847  -38.465  -70.130  -9.569 0.2000000030
13744  -37.168  -70.654  -10.124 0.1000000015
15975  -40.898  -69.548  -7.705 0.3000000119
14864  -36.721  -69.805  -10.391 0.1000000015
13733  -38.823  -71.295  -9.038 0.2000000030
13743  -36.352  -70.624  -10.465 0.1000000015
12676  -35.906  -71.590  -10.217 0.1000000015
12677  -36.897  -71.435  -9.943 0.1000000015
12654  -36.577  -72.330  -9.505 0.1000000015
12674  -33.707  -72.085  -10.607 0.1000000015
12675  -34.699  -71.503  -10.639 0.1000000015
11626  -35.387  -72.310  -9.983 0.1000000015
11624  -33.506  -73.145  -10.292 0.1000000015
11625  -34.598  -73.014  -9.948 0.1000000015
14817  -41.641  -69.509  -7.504 0.3000000119
12655  -37.781  -72.074  -9.239 0.2000000030
13732  -37.914  -70.904  -9.684 0.2000000030
10655  -33.959  -73.822  -9.802 0.1000000015
11623  -32.615  -73.244  -10.464 0.1000000015
14834  -42.074  -69.647  -8.014 0.2000000030
14833  -41.415  -69.841  -7.872 0.3000000119
13734  -39.731  -71.466  -8.515 0.2000000030
10653  -32.170  -74.116  -10.411 0.1000000015
13725  -40.974  -70.854  -8.244 0.3000000119
15976  -42.381  -68.672  -8.132 0.2000000030
10637  -36.299  -73.971  -8.667 0.2000000030
11603  -35.137  -73.755  -9.360 0.1000000015
10654  -33.331  -74.352  -10.049 0.1000000015
10634  -33.949  -74.394  -9.605 0.1000000015
8916  -32.171  -76.043  -10.511 0.1000000015
13726  -41.444  -70.173  -8.122 0.2000000030
8918  -33.745  -76.344  -9.754 0.1000000015
9737  -34.848  -75.326  -9.084 0.1000000015
8917  -33.172  -76.211  -10.175 0.1000000015
14850  -41.638  -69.795  -8.854 0.2000000030
8902  -35.076  -76.071  -9.023 0.1000000015
8049  -34.304  -76.618  -9.647 0.1000000015
8051  -35.173  -76.276  -9.321 0.1000000015
7240  -30.349  -77.204  -11.887 0.1000000015
8062  -32.784  -76.937  -10.614 0.1000000015
8063  -33.881  -76.944  -10.052 0.1000000015
8921  -36.333  -75.577  -9.101 0.3000000119
7216  -32.975  -77.604  -10.863 0.1000000015
14819  -42.286  -69.121  -7.437 0.3000000119
15959  -41.500  -69.122  -7.249 0.2000000030
10635  -34.573  -74.290  -9.404 0.1000000015
9755  -32.680  -75.231  -10.259 0.1000000015
14831  -40.001  -69.733  -8.526 0.2000000030
14832  -40.559  -70.369  -8.278 0.3000000119
11604  -35.827  -73.199  -9.327 0.1000000015
8060  -30.675  -76.380  -11.111 0.1000000015
8061  -31.719  -76.882  -11.073 0.1000000015
8074  -30.149  -76.530  -11.382 0.1000000015
7215  -32.444  -77.410  -10.997 0.1000000015
8065  -35.427  -76.129  -9.466 0.2000000030
7269  -33.109  -77.784  -11.680 0.1000000015
7268  -32.790  -77.940  -12.296 0.1000000015
8091  -33.302  -77.230  -11.810 0.2000000030
7286  -32.427  -78.033  -13.578 0.1000000015
8078  -34.772  -76.443  -10.345 0.2000000030
8090  -32.623  -77.081  -12.927 0.2000000030
8942  -33.775  -76.379  -11.485 0.1000000015
7299  -32.423  -77.800  -14.822 0.1000000015
8941  -32.942  -75.885  -12.382 0.1000000015
8919  -35.425  -76.030  -10.065 0.2000000030
8931  -34.489  -76.000  -10.914 0.1000000015
8101  -32.305  -77.092  -14.075 0.1000000015
8958  -32.132  -75.951  -13.674 0.1000000015
9758  -36.036  -75.270  -10.075 0.2000000030
8932  -34.991  -76.025  -10.456 0.2000000030
9772  -35.145  -75.307  -10.525 0.1000000015
9785  -33.741  -75.136  -11.613 0.1000000015
10657  -36.591  -74.771  -10.153 0.2000000030
9773  -35.663  -75.146  -10.347 0.2000000030
9784  -32.996  -74.578  -12.334 0.1000000015
9771  -34.478  -75.010  -11.091 0.1000000015
10671  -34.207  -74.295  -11.445 0.1000000015
9799  -32.187  -74.612  -13.149 0.1000000015
8064  -34.846  -76.669  -9.876 0.1000000015
8077  -34.061  -77.025  -10.789 0.1000000015
17103  -40.154  -68.090  -5.868 0.2000000030
17135  -38.495  -68.103  -8.170 0.1000000015
18206  -37.362  -66.882  -0.976 0.2000000030
17019  -36.975  -67.546  -1.281 0.1000000015
16983  -34.637  -68.046  0.728 0.1000000015
16984  -35.338  -67.493  0.256 0.1000000015
18164  -35.116  -67.176  0.649 0.1000000015
16929  -33.257  -68.434  3.862 0.2000000030
16928  -33.015  -68.097  3.135 0.1000000015
15810  -34.191  -68.860  1.367 0.1000000015
16912  -32.796  -67.520  4.037 0.2000000030
18128  -32.758  -67.156  2.497 0.1000000015
16967  -33.446  -67.693  2.114 0.1000000015
16968  -33.969  -68.229  1.756 0.1000000015
18149  -34.750  -67.616  1.009 0.1000000015
16969  -34.505  -68.203  1.201 0.1000000015
17089  -40.500  -68.185  -4.867 0.2000000030
17020  -38.064  -67.752  -1.350 0.1000000015
18148  -34.192  -67.338  1.318 0.1000000015
18147  -33.388  -67.218  1.784 0.1000000015
18189  -37.623  -67.285  -1.049 0.1000000015
15774  -33.616  -68.741  2.595 0.1000000015
21504  -36.592  -63.651  5.846 0.1000000015
19254  -36.599  -65.799  5.306 0.1000000015
16888  -37.123  -68.220  4.645 0.1000000015
19253  -35.459  -65.640  5.350 0.1000000015
20380  -38.287  -65.271  5.603 0.1000000015
19256  -38.770  -66.017  5.256 0.1000000015
18062  -39.314  -66.715  4.818 0.1000000015
16916  -39.318  -68.136  4.569 0.1000000015
20379  -37.332  -64.720  5.710 0.1000000015
19255  -37.725  -65.944  5.252 0.1000000015
18061  -38.300  -66.742  4.738 0.1000000015
18094  -38.020  -67.554  4.508 0.1000000015
14636  -37.943  -69.865  4.582 0.1000000015
21505  -37.318  -63.874  6.083 0.1000000015
16891  -40.672  -67.419  5.216 0.1000000015
19239  -39.233  -65.294  5.811 0.1000000015
19257  -39.820  -66.051  5.316 0.1000000015
18096  -39.753  -67.377  4.615 0.1000000015
20367  -38.438  -64.449  6.148 0.1000000015
18095  -38.883  -67.454  4.582 0.1000000015
15763  -39.574  -68.703  4.820 0.1000000015
21494  -37.223  -63.254  6.135 0.1000000015
22664  -36.832  -62.819  5.989 0.1000000015
19241  -41.511  -65.453  6.074 0.1000000015
19258  -40.809  -66.118  5.428 0.1000000015
18064  -40.864  -66.784  5.202 0.1000000015
20368  -39.750  -64.458  6.418 0.1000000015
21495  -37.946  -63.497  6.303 0.1000000015
23841  -36.393  -61.638  5.534 0.1000000015
25156  -37.481  -60.586  -2.971 0.1000000015
25179  -38.451  -60.748  -4.524 0.1000000015
22666  -38.498  -62.732  6.472 0.1000000015
22673  -36.848  -62.180  5.923 0.1000000015
24980  -35.965  -61.163  5.230 0.1000000015
23995  -37.662  -61.094  -1.760 0.1000000015
26280  -36.727  -59.676  -4.419 0.1000000015
26281  -37.448  -59.982  -4.689 0.1000000015
24013  -38.575  -61.292  -2.954 0.1000000015
24071  -39.899  -61.350  -6.399 0.1000000015
25192  -37.983  -60.241  -4.940 0.1000000015
24070  -39.247  -61.195  -5.713 0.1000000015
19240  -40.410  -65.357  5.978 0.1000000015
19259  -41.504  -66.190  5.736 0.1000000015
16870  -41.189  -66.998  5.621 0.1000000015
25209  -38.091  -60.248  -5.660 0.1000000015
18059  -35.888  -66.830  5.166 0.1000000015
16887  -36.240  -68.029  4.886 0.1000000015
18060  -37.161  -67.070  4.822 0.1000000015
15760  -37.480  -69.142  4.543 0.1000000015
16914  -37.806  -68.316  4.506 0.1000000015
20366  -37.724  -64.157  6.109 0.1000000015
21496  -39.053  -63.505  6.518 0.1000000015
25210  -38.718  -60.650  -6.246 0.1000000015
19560  -40.457  -65.609  -14.797 0.1000000015
20663  -40.151  -65.010  -14.383 0.1000000015
18310  -36.306  -66.861  -6.768 0.1000000015
17100  -37.006  -67.188  -7.058 0.1000000015
17116  -37.704  -67.555  -7.602 0.1000000015
18291  -36.146  -66.820  -5.698 0.1000000015
17114  -36.041  -67.345  -8.277 0.1000000015
18309  -35.385  -66.654  -6.618 0.1000000015
17086  -37.051  -67.188  -6.008 0.1000000015
18308  -34.315  -66.469  -6.426 0.1000000015
18307  -33.163  -66.293  -6.295 0.1000000015
18290  -35.147  -66.683  -5.493 0.1000000015
13559  -27.034  -70.376  3.330 0.1000000015
13558  -26.686  -69.768  2.981 0.1000000015
13631  -28.173  -70.617  -1.353 0.1000000015
13643  -28.703  -70.273  -1.899 0.1000000015
14740  -28.591  -69.471  -2.275 0.1000000015
14759  -29.832  -69.338  -3.670 0.1000000015
17101  -37.914  -67.483  -6.586 0.1000000015
14760  -30.218  -69.722  -3.770 0.1000000015
15887  -29.378  -68.537  -3.509 0.1000000015
14786  -30.540  -69.110  -5.577 0.1000000015
17085  -30.282  -68.007  -5.621 0.1000000015
18304  -30.681  -67.190  -6.338 0.1000000015
18306  -32.020  -66.295  -6.292 0.1000000015
18288  -32.697  -66.349  -5.137 0.1000000015
18289  -34.033  -66.476  -5.274 0.1000000015
15972  -38.124  -68.527  -8.944 0.1000000015
14787  -31.165  -69.711  -5.640 0.1000000015
18287  -31.507  -66.476  -5.395 0.1000000015
18265  -31.848  -66.369  -4.410 0.1000000015
13599  -26.837  -70.202  1.829 0.1000000015
13610  -26.894  -70.143  1.039 0.1000000015
13630  -27.530  -70.172  -0.843 0.1000000015
17067  -36.887  -67.449  -4.577 0.1000000015
17087  -38.074  -67.583  -5.409 0.1000000015
14723  -28.289  -69.959  -1.786 0.1000000015
15870  -28.915  -68.794  -2.825 0.1000000015
14739  -28.039  -68.929  -2.104 0.1000000015
17117  -38.776  -67.789  -7.248 0.1000000015
18285  -30.410  -67.404  -5.542 0.1000000015
18286  -30.736  -66.824  -5.490 0.1000000015
18263  -30.080  -67.008  -4.585 0.1000000015
18264  -30.894  -66.567  -4.560 0.1000000015
14645  -26.547  -69.116  3.519 0.1000000015
14659  -26.495  -69.084  2.610 0.1000000015
15755  -26.491  -68.279  4.150 0.1000000015
16882  -26.525  -67.504  4.889 0.1000000015
13609  -26.647  -69.574  1.261 0.1000000015
14692  -26.612  -69.260  0.823 0.1000000015
18269  -35.905  -66.862  -4.795 0.1000000015
14706  -27.128  -69.380  -0.470 0.1000000015
17088  -39.315  -67.898  -5.016 0.1000000015
14722  -27.756  -69.430  -1.532 0.1000000015
15869  -28.364  -68.410  -2.453 0.1000000015
17045  -29.043  -67.637  -3.345 0.1000000015
18262  -29.661  -67.224  -4.135 0.1000000015
17046  -29.462  -67.686  -3.914 0.1000000015
18240  -29.425  -66.906  -3.555 0.1000000015
18241  -30.272  -66.435  -3.678 0.1000000015
15771  -26.469  -68.357  3.100 0.1000000015
16924  -26.557  -67.657  3.481 0.1000000015
18053  -26.732  -66.587  5.241 0.1000000015
19234  -26.802  -65.888  6.300 0.1000000015
18268  -35.139  -66.860  -4.150 0.1000000015
17066  -36.058  -67.096  -4.166 0.1000000015
15806  -26.480  -68.313  1.634 0.1000000015
16938  -26.591  -67.645  2.630 0.1000000015
17102  -39.023  -67.726  -6.181 0.1000000015
15853  -27.285  -68.349  -0.968 0.1000000015
15837  -26.607  -68.649  0.468 0.1000000015
18243  -32.242  -66.308  -3.473 0.1000000015
18267  -33.743  -66.592  -4.144 0.1000000015
15868  -27.771  -68.316  -1.833 0.1000000015
17031  -28.576  -67.504  -2.733 0.1000000015
18239  -28.911  -67.126  -3.127 0.1000000015
18217  -28.841  -66.710  -2.703 0.1000000015
18085  -26.733  -66.947  4.374 0.1000000015
18123  -26.798  -67.114  3.149 0.1000000015
18242  -31.239  -66.282  -3.661 0.1000000015
17030  -28.068  -67.650  -2.156 0.1000000015
17015  -28.243  -66.963  -2.198 0.1000000015
18244  -33.300  -66.537  -3.238 0.1000000015
18246  -35.377  -67.117  -3.232 0.1000000015
16963  -26.886  -67.282  1.979 0.1000000015
18219  -30.724  -65.954  -2.926 0.1000000015
18220  -31.710  -66.106  -2.796 0.1000000015
18221  -32.723  -66.357  -2.520 0.1000000015
16977  -26.599  -67.821  1.333 0.1000000015
18218  -29.670  -66.019  -2.633 0.1000000015
16999  -27.221  -67.470  -0.102 0.1000000015
18199  -28.255  -66.551  -0.914 0.1000000015
18200  -28.739  -66.246  -1.599 0.1000000015
17014  -27.771  -67.181  -1.327 0.1000000015
18245  -34.606  -66.874  -2.913 0.1000000015
18223  -34.570  -67.031  -1.909 0.1000000015
18202  -32.136  -66.130  -1.880 0.1000000015
18124  -27.291  -66.755  2.751 0.1000000015
19353  -30.337  -65.724  -1.076 0.1000000015
19369  -30.974  -65.755  -1.648 0.1000000015
18201  -29.723  -65.693  -1.618 0.1000000015
19368  -30.362  -65.618  -1.648 0.1000000015
18203  -33.154  -66.545  -1.499 0.1000000015
19355  -31.354  -65.922  -1.107 0.1000000015
18184  -32.246  -66.381  -0.821 0.1000000015
18109  -27.107  -66.670  3.762 0.1000000015
16978  -27.084  -67.339  1.014 0.1000000015
18204  -34.273  -67.114  -1.186 0.1000000015
18029  -26.603  -66.465  6.033 0.1000000015
20330  -28.078  -64.478  8.282 0.1000000015
20350  -27.701  -64.770  7.439 0.1000000015
19235  -27.504  -65.248  6.565 0.1000000015
19221  -27.216  -65.064  7.216 0.1000000015
13618  -27.704  -70.840  -0.597 0.1000000015
14774  -29.791  -68.936  -4.054 0.1000000015
15906  -29.767  -68.368  -4.421 0.1000000015
15907  -30.178  -68.553  -5.226 0.1000000015
17065  -30.045  -67.788  -4.985 0.1000000015
18305  -31.145  -66.675  -6.348 0.1000000015
18321  -32.453  -66.241  -7.264 0.1000000015
14693  -26.887  -69.673  0.287 0.1000000015
18266  -32.745  -66.454  -4.095 0.1000000015
14681  -26.478  -69.088  1.659 0.1000000015
18222  -33.783  -66.709  -2.206 0.1000000015
19383  -31.265  -65.863  -2.189 0.1000000015
18181  -28.793  -66.328  -0.390 0.1000000015
20329  -27.289  -64.753  8.145 0.1000000015
6522  -25.196  -78.475  -22.185 0.1000000015
7414  -24.686  -77.663  -21.670 0.1000000015
3445  -25.874  -81.839  -22.866 0.1000000015
4087  -25.657  -81.526  -22.592 0.1000000015
4826  -26.149  -80.936  -22.500 0.1000000015
5685  -24.771  -79.906  -22.410 0.1000000015
4100  -26.059  -81.662  -23.358 0.1000000015
4108  -26.023  -81.179  -24.166 0.1000000015
4853  -25.618  -80.561  -24.749 0.1000000015
7415  -25.726  -77.704  -21.875 0.1000000015
8229  -25.186  -76.910  -21.402 0.1000000015
6523  -26.243  -78.636  -22.220 0.1000000015
5686  -25.882  -80.230  -22.452 0.1000000015
6544  -25.596  -79.350  -22.381 0.1000000015
6543  -24.820  -79.115  -22.316 0.1000000015
4088  -26.251  -81.385  -22.786 0.1000000015
4825  -25.266  -80.897  -22.377 0.1000000015
4089  -26.694  -81.159  -22.971 0.1000000015
4872  -26.203  -80.096  -24.911 0.1000000015
5744  -25.977  -79.703  -25.114 0.1000000015
9844  -27.743  -73.977  -16.145 0.1000000015
9859  -26.762  -73.984  -17.704 0.1000000015
8230  -26.239  -76.912  -21.476 0.1000000015
8210  -25.626  -76.303  -20.862 0.1000000015
9069  -26.032  -75.688  -20.345 0.1000000015
9054  -26.468  -75.301  -19.698 0.1000000015
9888  -25.904  -74.727  -19.166 0.1000000015
9875  -27.308  -74.671  -18.201 0.1000000015
9053  -25.450  -75.249  -19.726 0.1000000015
7416  -26.847  -77.799  -21.840 0.1000000015
8209  -24.656  -76.402  -20.719 0.1000000015
6545  -26.571  -79.584  -22.399 0.1000000015
4837  -26.487  -80.947  -23.766 0.1000000015
9828  -28.448  -74.595  -15.595 0.1000000015
9860  -27.708  -74.462  -17.223 0.1000000015
9811  -28.432  -74.195  -14.433 0.1000000015
9036  -27.786  -75.355  -18.720 0.1000000015
9035  -26.946  -74.883  -19.054 0.1000000015
9070  -26.959  -75.755  -20.234 0.1000000015
8211  -26.703  -76.267  -20.837 0.1000000015
5687  -26.733  -80.317  -22.541 0.1000000015
4827  -26.790  -80.801  -22.732 0.1000000015
4828  -27.355  -80.587  -22.965 0.1000000015
4101  -26.762  -80.982  -23.286 0.1000000015
10776  -27.058  -73.628  -16.865 0.1000000015
6524  -27.432  -78.844  -22.205 0.1000000015
8231  -27.407  -76.937  -21.382 0.1000000015
10758  -27.155  -73.335  -16.174 0.1000000015
7418  -28.952  -77.732  -21.097 0.1000000015
7395  -29.338  -77.589  -20.540 0.1000000015
7396  -29.876  -77.818  -20.293 0.1000000015
9020  -28.109  -75.236  -17.870 0.1000000015
9055  -27.524  -75.627  -19.574 0.1000000015
8194  -28.194  -76.120  -19.600 0.1000000015
8232  -28.361  -77.180  -21.056 0.1000000015
8195  -28.950  -76.688  -19.254 0.1000000015
8233  -28.730  -77.369  -20.875 0.1000000015
7379  -29.377  -77.351  -19.985 0.1000000015
9056  -28.237  -75.900  -19.132 0.1000000015
9037  -28.532  -75.898  -18.431 0.1000000015
8177  -29.517  -77.093  -18.232 0.1000000015
8212  -27.922  -76.397  -20.349 0.1000000015
7419  -29.532  -77.867  -20.794 0.1000000015
3460  -25.745  -82.088  -23.029 0.1000000015
4099  -25.583  -81.992  -23.573 0.1000000015
7242  -32.079  -77.899  -11.455 0.1000000015
8050  -34.614  -76.506  -9.530 0.1000000015
8075  -30.878  -77.042  -11.473 0.1000000015
8213  -28.833  -77.173  -20.462 0.1000000015
8891  -36.194  -75.452  -8.719 0.4000000060
8901  -34.267  -76.178  -9.422 0.1000000015
8904  -36.601  -75.352  -8.877 0.4000000060
8920  -35.935  -75.665  -9.437 0.3000000119
9057  -29.901  -75.223  -19.721 0.1000000015
9723  -36.874  -74.865  -8.549 0.3000000119
9724  -37.420  -74.431  -8.635 0.3000000119
9725  -37.733  -74.191  -8.689 0.4000000060
9740  -37.662  -74.428  -8.924 0.3000000119
9741  -38.160  -74.209  -8.995 0.3000000119
9756  -33.516  -75.618  -9.732 0.2000000030
9757  -35.582  -75.483  -10.249 0.2000000030
9760  -37.302  -74.803  -9.177 0.3000000119
9827  -28.026  -73.831  -15.131 0.1000000015
9862  -29.579  -73.924  -17.801 0.1000000015
10622  -36.776  -74.300  -8.459 0.3000000119
10639  -38.012  -73.977  -8.782 0.4000000060
10656  -36.201  -74.870  -10.276 0.2000000030
11590  -37.999  -73.645  -8.629 0.3000000119
11740  -35.593  -72.282  -16.594 0.2000000030
11766  -37.545  -72.453  -16.998 0.1000000015
11784  -35.532  -72.839  -18.612 0.1000000015
11802  -28.620  -72.090  -18.267 0.1000000015
11803  -28.776  -72.438  -17.926 0.1000000015
11804  -35.124  -72.684  -18.930 0.1000000015
11805  -35.401  -72.658  -18.931 0.1000000015
11843  -28.387  -71.992  -19.973 0.1000000015
11904  -30.116  -72.789  -24.890 0.1000000015
12653  -35.906  -72.314  -9.710 0.1000000015
12678  -37.454  -71.264  -9.765 0.2000000030
12679  -39.782  -71.696  -9.721 0.4000000060
12709  -33.727  -71.773  -12.709 0.1000000015
12745  -30.158  -71.629  -14.423 0.1000000015
12787  -28.723  -71.334  -16.889 0.1000000015
12788  -29.037  -71.492  -16.204 0.1000000015
12789  -33.035  -71.568  -17.531 0.1000000015
12810  -33.466  -71.690  -18.153 0.1000000015
12837  -34.961  -72.616  -18.729 0.1000000015
12863  -28.474  -71.275  -19.459 0.1000000015
12865  -37.505  -71.799  -20.105 0.1000000015
12894  -28.627  -71.399  -20.601 0.1000000015
12930  -31.481  -70.629  -24.441 0.1000000015
13547  -38.370  -70.234  4.784 0.1000000015
13577  -26.646  -69.732  2.188 0.1000000015
13598  -26.684  -69.762  1.583 0.1000000015
13617  -27.254  -70.399  -0.003 0.1000000015
13644  -29.506  -70.428  -2.346 0.1000000015
13724  -40.360  -71.433  -8.255 0.3000000119
13735  -41.175  -70.771  -8.718 0.3000000119
13736  -41.424  -70.295  -8.403 0.2000000030
13767  -30.558  -71.110  -14.100 0.1000000015
13772  -34.569  -70.789  -14.147 0.1000000015
13789  -29.707  -71.158  -15.018 0.1000000015
13813  -29.477  -70.762  -15.555 0.1000000015
13833  -28.780  -70.687  -16.823 0.1000000015
13837  -33.170  -71.457  -16.999 0.1000000015
13840  -36.212  -70.466  -17.381 0.1000000015
13854  -28.632  -70.641  -17.445 0.1000000015
13882  -32.830  -70.825  -18.670 0.1000000015
14637  -38.480  -69.641  4.620 0.1000000015
14705  -26.739  -69.091  0.161 0.1000000015
14818  -41.905  -69.430  -7.448 0.3000000119
14835  -42.410  -68.912  -7.684 0.3000000119
14849  -40.044  -71.000  -8.333 0.3000000119
14925  -31.983  -70.038  -15.331 0.2000000030
14946  -31.182  -69.685  -15.986 0.2000000030
14947  -31.786  -69.961  -15.679 0.2000000030
14948  -34.455  -69.267  -16.202 0.1000000015
14971  -34.254  -69.682  -16.705 0.1000000015
14973  -36.170  -69.883  -16.734 0.1000000015
14994  -31.527  -69.717  -17.917 0.1000000015
14999  -37.768  -69.493  -18.693 0.1000000015
15026  -37.496  -70.320  -19.402 0.1000000015
15048  -32.185  -69.045  -19.379 0.1000000015
15068  -28.779  -70.111  -19.929 0.1000000015
15120  -32.564  -68.581  -24.261 0.1000000015
15737  -39.581  -68.784  5.115 0.1000000015
15761  -38.206  -69.066  4.459 0.1000000015
15784  -26.467  -68.378  2.252 0.1000000015
15811  -34.483  -68.552  1.046 0.1000000015
15819  -26.489  -68.504  1.053 0.1000000015
15823  -34.391  -68.694  1.092 0.1000000015
15838  -26.801  -68.455  -0.125 0.1000000015
15854  -38.589  -68.001  -1.460 0.1000000015
15855  -38.672  -67.884  -1.451 0.1000000015
15871  -38.545  -68.135  -1.683 0.1000000015
15873  -39.874  -68.085  -2.239 0.2000000030
15874  -40.376  -68.003  -2.619 0.4000000060
15886  -28.833  -68.178  -2.988 0.1000000015
15890  -40.168  -68.276  -2.749 0.4000000060
15891  -40.720  -68.000  -3.099 0.4000000060
15892  -41.152  -67.796  -3.548 0.4000000060
15909  -40.441  -68.306  -3.386 0.2000000030
15929  -42.221  -68.075  -6.010 0.5000000000
15943  -42.518  -68.236  -6.633 0.5000000000
15961  -42.545  -68.493  -7.251 0.5000000000
15977  -42.504  -68.561  -7.679 0.5000000000
16012  -41.482  -69.351  -9.505 0.5000000000
16026  -36.986  -67.889  -11.737 0.4000000060
16109  -33.003  -68.422  -17.097 0.1000000015
16135  -30.324  -68.900  -18.159 0.1000000015
16136  -30.770  -68.908  -18.202 0.1000000015
16160  -31.434  -68.957  -18.838 0.1000000015
16176  -30.359  -68.742  -19.399 0.1000000015
16247  -31.096  -67.874  -24.192 0.1000000015
16248  -32.632  -68.455  -23.872 0.1000000015
16249  -32.774  -68.234  -24.085 0.1000000015
16257  -31.461  -68.466  -24.512 0.1000000015
16258  -32.366  -68.405  -24.359 0.1000000015
16892  -41.049  -67.069  5.431 0.1000000015
16909  -26.602  -67.504  4.129 0.1000000015
16915  -38.534  -68.258  4.476 0.1000000015
16918  -40.358  -67.703  4.868 0.1000000015
16939  -26.860  -67.155  2.609 0.1000000015
16962  -26.557  -67.852  1.949 0.1000000015
16998  -26.635  -67.968  0.551 0.1000000015
17005  -37.329  -67.324  -1.027 0.1000000015
17021  -38.831  -67.713  -1.574 0.3000000119
17037  -40.251  -67.622  -2.541 0.4000000060
17051  -39.427  -68.462  -3.067 0.1000000015
17052  -40.562  -67.273  -2.931 0.5000000000
17053  -40.845  -67.499  -3.202 0.4000000060
17054  -41.344  -67.476  -3.759 0.4000000060
17064  -29.746  -67.572  -4.440 0.1000000015
17070  -40.876  -68.297  -4.120 0.4000000060
17072  -41.607  -67.590  -4.414 0.4000000060
17106  -42.709  -67.989  -6.755 0.5000000000
17120  -41.877  -67.320  -7.324 0.5000000000
17136  -40.398  -67.149  -8.590 0.5000000000
17173  -37.660  -67.109  -10.157 0.6000000238
17175  -39.466  -67.851  -10.134 0.5000000000
17181  -35.919  -66.926  -11.726 0.5000000000
17216  -35.233  -66.770  -15.045 0.1000000015
17231  -32.998  -67.807  -15.774 0.1000000015
17235  -36.600  -67.179  -15.761 0.1000000015
17284  -33.019  -68.019  -18.034 0.1000000015
17285  -37.777  -68.381  -17.237 0.1000000015
17361  -33.553  -66.968  -22.332 0.1000000015
17378  -31.009  -67.151  -23.296 0.1000000015
17380  -33.230  -67.413  -23.015 0.1000000015
17388  -31.360  -67.454  -23.799 0.1000000015
17391  -33.348  -67.117  -23.277 0.1000000015
17397  -32.625  -67.953  -24.226 0.1000000015
18054  -27.103  -66.262  4.977 0.1000000015
18063  -40.246  -66.707  4.848 0.1000000015
18065  -41.217  -66.785  5.555 0.1000000015
18086  -27.071  -66.478  4.536 0.1000000015
18093  -37.521  -67.753  4.597 0.1000000015
18097  -40.395  -67.339  4.801 0.1000000015
18108  -26.741  -67.157  3.769 0.1000000015
18208  -38.486  -67.446  -1.445 0.3000000119
18250  -40.855  -66.999  -3.275 0.4000000060
18270  -38.054  -66.216  -3.829 0.5000000000
18325  -36.406  -67.067  -7.388 0.1000000015
18328  -41.117  -66.879  -7.440 0.5000000000
18329  -41.683  -67.029  -7.123 0.5000000000
18343  -39.054  -66.303  -8.318 0.6000000238
18359  -37.227  -66.331  -9.536 0.6000000238
18373  -37.446  -66.635  -9.793 0.6000000238
18409  -32.820  -65.660  -13.888 0.1000000015
18427  -31.819  -65.910  -14.369 0.1000000015
18431  -35.032  -66.434  -14.865 0.1000000015
18432  -38.109  -66.899  -14.337 0.3000000119
18447  -40.041  -66.768  -15.351 0.1000000015
18464  -31.943  -66.558  -15.865 0.1000000015
18548  -33.709  -66.212  -21.141 0.1000000015
18566  -32.590  -65.911  -22.217 0.1000000015
18584  -30.452  -66.849  -22.554 0.1000000015
18587  -33.082  -66.052  -22.816 0.1000000015
18595  -31.325  -67.041  -23.376 0.1000000015
18598  -33.317  -66.739  -23.250 0.1000000015
19220  -26.721  -65.473  7.306 0.1000000015
19246  -26.831  -66.199  5.757 0.1000000015
19295  -27.426  -66.317  4.189 0.1000000015
19354  -30.813  -65.771  -1.186 0.1000000015
19370  -31.609  -65.955  -1.514 0.1000000015
19374  -37.428  -66.746  -1.159 0.3000000119
19381  -29.977  -65.556  -2.102 0.1000000015
19382  -30.466  -65.681  -2.244 0.1000000015
19481  -34.767  -65.372  -10.354 0.5000000000
19509  -34.931  -65.375  -11.938 0.5000000000
19532  -32.356  -65.072  -13.626 0.1000000015
19553  -31.457  -65.349  -13.970 0.1000000015
19558  -38.672  -65.785  -14.226 0.4000000060
19666  -32.999  -65.637  -20.105 0.1000000015
19667  -33.474  -65.845  -20.717 0.1000000015
19688  -33.459  -65.803  -21.273 0.1000000015
19706  -33.143  -65.711  -21.847 0.1000000015
19722  -33.213  -65.897  -22.349 0.1000000015
19723  -33.411  -66.017  -22.243 0.1000000015
20349  -27.108  -64.973  7.608 0.1000000015
20375  -33.286  -64.328  5.269 0.3000000119
20391  -30.959  -64.313  3.940 0.3000000119
20409  -31.318  -65.110  3.540 0.3000000119
20525  -35.437  -64.613  -4.785 0.4000000060
20539  -34.938  -64.285  -5.172 0.5000000000
20540  -35.307  -64.339  -5.604 0.5000000000
20555  -35.313  -64.262  -6.347 0.5000000000
20562  -35.141  -64.301  -7.263 0.5000000000
20659  -30.949  -64.781  -13.892 0.1000000015
20682  -29.453  -63.840  -15.795 0.1000000015
20738  -30.968  -65.030  -17.650 0.1000000015
20762  -31.224  -65.100  -17.967 0.1000000015
21518  -32.443  -63.473  4.921 0.3000000119
21519  -33.085  -63.245  5.096 0.3000000119
21557  -30.735  -63.712  1.192 0.3000000119
21572  -31.264  -63.899  0.251 0.3000000119
21592  -32.024  -63.999  -1.226 0.3000000119
21622  -31.371  -63.425  -2.211 0.3000000119
21624  -32.792  -63.998  -2.647 0.4000000060
21642  -33.728  -64.096  -3.946 0.4000000060
21699  -33.580  -63.894  -8.302 0.4000000060
21743  -36.398  -62.756  -12.032 0.3000000119
21765  -38.502  -63.114  -12.709 0.2000000030
21766  -39.054  -62.963  -12.861 0.2000000030
21802  -33.565  -63.708  -13.693 0.1000000015
22669  -33.402  -62.982  5.083 0.3000000119
22701  -30.457  -62.644  3.251 0.3000000119
22702  -30.774  -62.265  3.636 0.3000000119
22726  -29.681  -62.199  0.958 0.3000000119
22753  -39.695  -62.492  1.184 0.1000000015
22816  -29.702  -62.051  -1.703 0.3000000119
22887  -32.973  -63.304  -7.228 0.5000000000
22925  -32.550  -62.468  -10.163 0.4000000060
22926  -33.092  -62.394  -10.549 0.4000000060
22940  -33.541  -62.817  -10.976 0.4000000060
22945  -37.587  -62.015  -11.969 0.2000000030
22959  -32.248  -62.162  -13.105 0.1000000015
22960  -32.484  -62.078  -13.148 0.1000000015
22964  -38.677  -62.417  -12.707 0.2000000030
22983  -34.047  -62.503  -13.832 0.1000000015
23854  -31.491  -62.292  4.210 0.3000000119
23875  -33.711  -60.998  3.932 0.3000000119
23889  -30.911  -61.393  3.194 0.3000000119
23911  -38.387  -61.819  1.796 0.1000000015
23932  -29.593  -61.907  0.493 0.3000000119
23979  -37.757  -61.350  -1.141 0.1000000015
24010  -29.775  -60.994  -2.867 0.3000000119
24094  -42.901  -61.300  -8.555 0.1000000015
24105  -31.548  -61.662  -9.022 0.3000000119
24108  -43.425  -61.152  -8.776 0.1000000015
24129  -35.063  -60.917  -11.124 0.3000000119
24153  -32.071  -61.930  -13.087 0.1000000015
24154  -32.316  -61.914  -13.140 0.1000000015
24155  -37.721  -60.925  -12.201 0.1000000015
24188  -40.753  -61.617  -14.299 0.1000000015
25018  -30.634  -61.111  2.544 0.3000000119
25067  -36.612  -61.048  0.358 0.1000000015
25121  -37.270  -61.026  -1.465 0.2000000030
25153  -29.758  -60.285  -2.893 0.4000000060
25154  -29.820  -60.613  -3.360 0.4000000060
25155  -36.813  -60.112  -2.897 0.2000000030
25176  -29.825  -60.370  -3.903 0.4000000060
25193  -38.604  -60.736  -5.367 0.1000000015
25238  -41.882  -60.817  -8.619 0.1000000015
25241  -44.788  -60.185  -8.863 0.1000000015
25251  -42.768  -60.933  -9.050 0.1000000015
25253  -44.576  -60.404  -9.017 0.1000000015
25299  -37.829  -60.409  -12.461 0.1000000015
25311  -34.222  -60.700  -13.703 0.1000000015
25314  -40.331  -61.124  -14.161 0.1000000015
26140  -31.323  -59.928  1.292 0.3000000119
26165  -30.632  -60.120  0.970 0.3000000119
26210  -29.762  -59.969  -1.176 0.3000000119
26233  -30.429  -59.045  -2.318 0.3000000119
26236  -35.802  -59.630  -2.683 0.2000000030
26255  -29.831  -59.764  -3.221 0.4000000060
26276  -29.749  -59.954  -3.647 0.4000000060
26328  -30.451  -59.245  -6.422 0.3000000119
26337  -44.483  -59.636  -8.355 0.1000000015
26347  -39.702  -59.593  -8.069 0.1000000015
26351  -44.659  -60.022  -8.600 0.1000000015
26363  -31.482  -59.806  -8.660 0.2000000030
26368  -42.473  -59.987  -9.180 0.1000000015
26381  -33.491  -59.502  -10.195 0.3000000119
26455  -31.966  -59.157  -16.119 0.1000000015
27331  -31.553  -58.814  -1.757 0.2000000030
27333  -32.651  -58.583  -2.359 0.3000000119
27370  -31.406  -58.426  -3.286 0.3000000119
27399  -34.920  -58.474  -5.107 0.2000000030
27434  -37.268  -59.174  -6.731 0.1000000015
27447  -30.779  -58.798  -6.811 0.3000000119
27573  -32.953  -58.716  -13.594 0.1000000015
27588  -32.194  -58.520  -14.262 0.1000000015
27592  -40.084  -58.971  -14.322 0.1000000015
27611  -44.725  -58.317  -16.874 0.1000000015
27624  -31.953  -58.457  -16.240 0.1000000015
27625  -32.411  -58.646  -16.765 0.1000000015
27646  -33.184  -59.123  -18.005 0.1000000015
28541  -33.750  -57.510  -5.783 0.2000000030
28554  -32.373  -57.486  -6.232 0.2000000030
28593  -37.704  -57.429  -7.898 0.1000000015
28635  -36.191  -57.226  -11.249 0.1000000015
28689  -32.778  -58.117  -13.895 0.1000000015
28711  -32.059  -57.643  -14.718 0.1000000015
28717  -40.955  -58.127  -14.353 0.1000000015
28737  -31.722  -57.822  -15.296 0.1000000015
28738  -36.103  -57.075  -15.324 0.1000000015
28793  -33.186  -57.757  -18.687 0.1000000015
29788  -33.923  -56.640  -7.875 0.1000000015
29806  -33.730  -56.605  -8.377 0.1000000015
29831  -41.333  -57.104  -9.808 0.1000000015
29847  -36.805  -56.192  -11.089 0.2000000030
29873  -38.097  -56.343  -12.030 0.1000000015
29906  -33.369  -57.389  -13.997 0.1000000015
29928  -32.413  -56.674  -14.719 0.1000000015
29929  -33.249  -56.860  -14.240 0.1000000015
29952  -32.082  -56.551  -15.468 0.1000000015
29979  -31.822  -57.473  -16.080 0.1000000015
31084  -37.713  -55.926  -11.352 0.1000000015
31151  -32.902  -56.115  -14.660 0.1000000015
31177  -35.133  -55.428  -15.472 0.1000000015
31199  -35.646  -55.086  -15.980 0.1000000015
32313  -32.846  -55.028  -15.656 0.1000000015
32366  -33.443  -54.751  -19.570 0.1000000015
33420  -34.095  -54.221  -15.882 0.1000000015
33432  -32.927  -54.010  -16.984 0.1000000015
33434  -34.286  -53.739  -16.359 0.1000000015
33445  -32.922  -53.934  -17.443 0.1000000015
33447  -33.795  -53.387  -16.813 0.1000000015
33465  -32.829  -54.160  -17.660 0.1000000015
33474  -33.944  -52.966  -19.467 0.1000000015
34524  -33.420  -53.229  -17.717 0.1000000015
34525  -33.990  -52.833  -17.348 0.1000000015
34544  -33.516  -52.993  -18.267 0.1000000015
35630  -39.623  -51.911  -16.974 0.1000000015
35673  -35.059  -51.764  -19.169 0.1000000015
38028  -36.391  -50.162  -15.047 0.1000000015
