#!ascii label  , from subject abby vox2ras=TkReg
487
13745  -41.024  -70.555  -9.552 0.0000000000
13908  -37.958  -71.255  -20.410 0.0000000000
17189  -35.993  -67.024  -12.181 0.0000000000
11719  -38.928  -71.888  -14.501 0.0000000000
19581  -40.645  -65.992  -15.309 0.0000000000
18312  -39.684  -66.369  -6.008 0.0000000000
21691  -33.071  -63.480  -8.033 0.0000000000
24011  -30.044  -61.193  -3.642 0.0000000000
21762  -35.695  -63.923  -12.347 0.0000000000
18412  -37.753  -66.435  -14.007 0.0000000000
21787  -39.584  -63.330  -13.274 0.0000000000
19446  -36.462  -64.799  -6.825 0.0000000000
21671  -34.385  -63.891  -5.298 0.0000000000
27395  -31.489  -58.252  -4.255 0.0000000000
26329  -30.755  -59.355  -7.164 0.0000000000
10659  -38.159  -73.620  -9.584 0.0000000000
12814  -38.209  -71.964  -17.805 0.0000000000
12748  -36.129  -71.629  -14.744 0.0000000000
12770  -34.878  -71.943  -16.393 0.0000000000
16009  -39.212  -68.077  -10.450 0.0000000000
12697  -39.896  -71.285  -11.285 0.0000000000
14951  -39.352  -69.616  -15.560 0.0000000000
16141  -40.359  -68.813  -18.246 0.0000000000
18342  -38.486  -66.360  -8.854 0.0000000000
19472  -34.841  -65.236  -9.747 0.0000000000
22941  -34.330  -62.561  -11.318 0.0000000000
21623  -32.134  -63.645  -2.459 0.0000000000
22868  -31.192  -62.263  -5.631 0.0000000000
24106  -31.942  -61.487  -9.570 0.0000000000
26383  -35.214  -59.550  -10.950 0.0000000000
11668  -36.787  -72.577  -12.543 0.0000000000
19643  -39.425  -64.923  -19.262 0.0000000000
16140  -38.180  -68.787  -18.714 0.0000000000
14972  -35.293  -69.796  -16.460 0.0000000000
22961  -36.749  -62.546  -12.026 0.0000000000
20619  -37.569  -63.886  -12.804 0.0000000000
11628  -39.335  -72.253  -9.834 0.0000000000
12841  -38.054  -71.894  -19.404 0.0000000000
11765  -36.820  -72.581  -17.141 0.0000000000
11806  -36.189  -72.592  -19.067 0.0000000000
12791  -34.161  -72.138  -17.487 0.0000000000
12839  -36.034  -72.122  -19.264 0.0000000000
17183  -37.916  -67.855  -10.824 0.0000000000
16040  -37.365  -68.562  -12.599 0.0000000000
18434  -39.645  -66.394  -14.974 0.0000000000
17218  -39.053  -67.416  -15.028 0.0000000000
17238  -39.876  -67.564  -15.599 0.0000000000
16115  -40.187  -69.007  -16.745 0.0000000000
17263  -40.848  -67.276  -16.747 0.0000000000
18344  -40.235  -66.801  -8.291 0.0000000000
19458  -39.206  -66.110  -7.347 0.0000000000
20561  -34.619  -64.198  -7.496 0.0000000000
20569  -35.603  -64.708  -8.261 0.0000000000
20577  -33.880  -64.289  -8.830 0.0000000000
20602  -33.483  -64.155  -10.721 0.0000000000
21722  -33.079  -63.490  -10.423 0.0000000000
22817  -30.422  -62.683  -2.188 0.0000000000
22835  -32.051  -63.245  -3.867 0.0000000000
22867  -30.615  -61.829  -5.120 0.0000000000
27470  -31.956  -58.333  -8.381 0.0000000000
25235  -31.158  -60.548  -8.202 0.0000000000
26365  -32.964  -59.140  -9.779 0.0000000000
25271  -33.964  -60.441  -10.623 0.0000000000
12713  -39.487  -71.412  -12.867 0.0000000000
11670  -38.437  -72.486  -12.437 0.0000000000
11696  -38.072  -72.560  -13.641 0.0000000000
12710  -34.684  -71.724  -12.644 0.0000000000
20740  -39.221  -64.272  -18.585 0.0000000000
18510  -38.969  -66.910  -19.605 0.0000000000
17259  -36.699  -67.884  -16.039 0.0000000000
19511  -35.854  -65.629  -12.606 0.0000000000
18411  -36.797  -66.481  -13.374 0.0000000000
20639  -36.969  -65.151  -13.187 0.0000000000
19536  -38.333  -65.333  -13.850 0.0000000000
20663  -40.151  -65.010  -14.383 0.0000000000
19448  -38.420  -65.724  -6.284 0.0000000000
20541  -35.794  -64.464  -5.981 0.0000000000
21684  -34.310  -63.747  -6.282 0.0000000000
26277  -29.940  -59.574  -3.935 0.0000000000
25191  -29.938  -60.163  -4.709 0.0000000000
27409  -30.794  -58.553  -5.059 0.0000000000
28570  -31.834  -57.765  -6.603 0.0000000000
28592  -33.191  -56.878  -8.343 0.0000000000
12772  -38.540  -72.024  -15.705 0.0000000000
11717  -37.466  -72.467  -14.728 0.0000000000
11742  -37.496  -72.467  -15.990 0.0000000000
12747  -35.130  -71.387  -15.179 0.0000000000
13793  -33.213  -70.442  -15.023 0.0000000000
13816  -32.433  -70.379  -15.960 0.0000000000
13835  -31.928  -70.352  -17.098 0.0000000000
12836  -33.121  -71.322  -18.438 0.0000000000
14866  -40.363  -69.291  -10.728 0.0000000000
12698  -40.361  -70.793  -10.835 0.0000000000
13759  -39.114  -70.132  -12.671 0.0000000000
13796  -39.003  -70.354  -14.277 0.0000000000
16055  -37.486  -68.435  -13.725 0.0000000000
14927  -38.530  -69.471  -14.528 0.0000000000
13797  -39.269  -70.761  -14.913 0.0000000000
13819  -39.314  -70.577  -16.289 0.0000000000
15000  -39.727  -70.241  -18.370 0.0000000000
15028  -39.532  -70.032  -19.674 0.0000000000
15991  -40.744  -68.223  -9.618 0.0000000000
17156  -38.546  -67.058  -9.639 0.0000000000
18372  -36.897  -66.606  -10.110 0.0000000000
19456  -37.616  -65.454  -7.528 0.0000000000
19474  -36.940  -65.870  -9.154 0.0000000000
19482  -35.298  -65.932  -10.667 0.0000000000
20616  -34.727  -64.724  -11.848 0.0000000000
21741  -34.779  -63.633  -11.802 0.0000000000
24141  -35.510  -61.451  -11.377 0.0000000000
21641  -33.094  -63.944  -3.535 0.0000000000
22856  -32.861  -63.150  -5.509 0.0000000000
22886  -32.328  -62.761  -7.005 0.0000000000
24083  -30.638  -60.913  -6.864 0.0000000000
22894  -31.673  -62.296  -7.693 0.0000000000
22900  -32.152  -62.786  -8.988 0.0000000000
24126  -32.587  -61.583  -10.212 0.0000000000
24128  -34.481  -61.393  -11.048 0.0000000000
11649  -38.698  -72.595  -11.228 0.0000000000
11647  -37.279  -73.209  -11.556 0.0000000000
11694  -36.871  -72.368  -13.457 0.0000000000
11666  -35.035  -72.505  -11.977 0.0000000000
18490  -40.767  -67.382  -18.101 0.0000000000
17323  -40.336  -67.584  -20.234 0.0000000000
15071  -39.029  -69.632  -21.215 0.0000000000
17321  -38.678  -67.894  -20.465 0.0000000000
15052  -38.116  -70.010  -20.486 0.0000000000
13860  -36.345  -71.148  -18.292 0.0000000000
13838  -34.890  -70.645  -17.295 0.0000000000
22944  -37.008  -62.022  -11.829 0.0000000000
22962  -37.325  -62.532  -12.168 0.0000000000
11608  -39.350  -72.409  -9.186 0.0000000000
12680  -40.430  -71.003  -10.125 0.0000000000
13886  -38.443  -71.254  -20.034 0.0000000000
11807  -37.089  -72.671  -19.034 0.0000000000
12840  -37.007  -72.228  -19.925 0.0000000000
13907  -37.405  -71.656  -20.148 0.0000000000
17182  -36.675  -67.428  -11.387 0.0000000000
16027  -37.466  -68.227  -11.642 0.0000000000
16039  -36.879  -67.989  -12.177 0.0000000000
18435  -40.279  -66.243  -15.252 0.0000000000
17219  -39.671  -67.030  -15.253 0.0000000000
18448  -40.571  -66.602  -15.635 0.0000000000
17239  -40.584  -67.452  -16.308 0.0000000000
18449  -41.063  -66.550  -16.176 0.0000000000
18294  -40.815  -66.684  -5.014 0.0000000000
18313  -40.923  -66.644  -6.297 0.0000000000
18327  -39.713  -66.341  -7.372 0.0000000000
19449  -39.170  -66.044  -6.959 0.0000000000
21700  -33.958  -63.941  -7.761 0.0000000000
20568  -34.415  -64.260  -8.056 0.0000000000
20567  -33.943  -64.170  -8.364 0.0000000000
21710  -33.147  -63.876  -9.302 0.0000000000
25135  -29.712  -60.523  -2.140 0.0000000000
23977  -29.560  -61.477  -1.204 0.0000000000
23993  -29.689  -61.513  -2.110 0.0000000000
23994  -30.037  -61.735  -2.899 0.0000000000
22833  -30.542  -62.085  -3.523 0.0000000000
22853  -30.396  -61.580  -4.408 0.0000000000
28605  -32.650  -57.710  -8.797 0.0000000000
27491  -32.441  -58.424  -9.004 0.0000000000
27521  -33.368  -58.848  -9.867 0.0000000000
27522  -33.944  -58.394  -10.052 0.0000000000
12732  -39.262  -71.440  -14.059 0.0000000000
11697  -38.883  -72.085  -13.520 0.0000000000
17261  -38.206  -67.245  -17.205 0.0000000000
17260  -37.450  -67.615  -16.565 0.0000000000
17236  -37.084  -66.840  -16.049 0.0000000000
20617  -35.389  -64.890  -12.365 0.0000000000
19534  -36.563  -65.657  -13.072 0.0000000000
20618  -36.534  -64.641  -12.764 0.0000000000
20641  -38.621  -64.008  -13.315 0.0000000000
19537  -39.072  -64.763  -13.861 0.0000000000
19559  -39.366  -65.433  -14.343 0.0000000000
20642  -39.949  -64.375  -13.857 0.0000000000
21685  -34.848  -64.036  -5.956 0.0000000000
26256  -30.125  -59.114  -3.087 0.0000000000
27394  -30.591  -58.749  -3.913 0.0000000000
26293  -30.174  -59.275  -4.862 0.0000000000
28591  -32.433  -57.397  -7.956 0.0000000000
10674  -36.913  -73.965  -10.666 0.0000000000
12793  -38.422  -71.900  -16.576 0.0000000000
11743  -38.091  -72.326  -16.199 0.0000000000
11767  -38.002  -72.248  -17.036 0.0000000000
11764  -35.808  -72.610  -17.504 0.0000000000
12771  -35.699  -71.866  -15.789 0.0000000000
12746  -34.507  -71.435  -15.836 0.0000000000
13818  -34.085  -71.308  -15.951 0.0000000000
12811  -34.485  -72.211  -18.321 0.0000000000
12790  -33.331  -71.635  -17.389 0.0000000000
12809  -32.987  -71.605  -17.851 0.0000000000
13856  -32.558  -71.166  -18.010 0.0000000000
12835  -32.987  -71.452  -18.310 0.0000000000
16010  -39.902  -68.378  -10.336 0.0000000000
13773  -38.871  -70.204  -13.384 0.0000000000
17201  -37.106  -67.383  -13.584 0.0000000000
17202  -37.773  -67.445  -14.198 0.0000000000
16073  -38.867  -68.464  -15.104 0.0000000000
14950  -39.004  -69.050  -15.224 0.0000000000
14928  -39.042  -70.100  -14.842 0.0000000000
16116  -40.407  -68.726  -17.119 0.0000000000
14976  -40.168  -69.419  -17.872 0.0000000000
15001  -40.069  -69.520  -18.819 0.0000000000
18362  -39.532  -66.780  -8.762 0.0000000000
18361  -38.942  -66.674  -9.092 0.0000000000
17155  -38.053  -66.913  -9.697 0.0000000000
18360  -37.995  -66.542  -9.401 0.0000000000
19447  -37.126  -65.271  -6.580 0.0000000000
19455  -36.670  -65.058  -7.472 0.0000000000
20579  -35.447  -65.082  -8.877 0.0000000000
19465  -35.836  -65.144  -8.749 0.0000000000
19473  -35.679  -65.550  -9.489 0.0000000000
18371  -36.059  -66.331  -10.273 0.0000000000
19494  -35.168  -65.961  -11.578 0.0000000000
19493  -34.721  -65.417  -11.248 0.0000000000
21740  -33.753  -63.578  -11.203 0.0000000000
22942  -35.274  -62.474  -11.591 0.0000000000
24140  -34.911  -61.970  -11.318 0.0000000000
21640  -32.244  -63.504  -3.253 0.0000000000
22855  -32.077  -62.951  -4.705 0.0000000000
22869  -32.151  -62.769  -6.002 0.0000000000
22870  -32.938  -63.183  -6.389 0.0000000000
25208  -30.097  -59.942  -5.730 0.0000000000
24068  -30.492  -60.862  -6.121 0.0000000000
25225  -30.491  -60.111  -6.654 0.0000000000
25248  -31.544  -60.676  -9.106 0.0000000000
24091  -31.324  -61.540  -8.374 0.0000000000
22899  -31.750  -62.302  -8.552 0.0000000000
22910  -31.805  -62.160  -9.216 0.0000000000
22911  -32.162  -62.299  -9.712 0.0000000000
26382  -34.403  -59.473  -10.534 0.0000000000
25272  -34.789  -60.381  -10.869 0.0000000000
25273  -35.459  -60.467  -11.177 0.0000000000
11650  -39.324  -72.116  -10.690 0.0000000000
11671  -39.182  -72.027  -12.043 0.0000000000
11669  -37.674  -72.703  -12.544 0.0000000000
11648  -38.056  -73.007  -11.525 0.0000000000
11646  -36.391  -73.286  -11.391 0.0000000000
11716  -36.842  -72.244  -14.308 0.0000000000
12731  -36.364  -71.921  -13.404 0.0000000000
11664  -33.196  -72.626  -12.551 0.0000000000
11665  -34.080  -72.587  -12.167 0.0000000000
18491  -41.148  -66.523  -17.743 0.0000000000
16204  -39.805  -67.926  -20.947 0.0000000000
16181  -39.428  -69.142  -20.797 0.0000000000
16203  -39.200  -68.835  -21.109 0.0000000000
17304  -38.523  -68.008  -19.166 0.0000000000
16162  -38.300  -68.762  -19.401 0.0000000000
16180  -38.363  -68.842  -20.095 0.0000000000
15027  -38.034  -69.382  -19.524 0.0000000000
13861  -37.007  -70.764  -18.822 0.0000000000
14998  -37.263  -70.006  -17.985 0.0000000000
16112  -35.862  -69.322  -16.209 0.0000000000
13839  -35.708  -70.569  -17.298 0.0000000000
21763  -36.744  -63.291  -12.332 0.0000000000
21764  -37.741  -63.115  -12.489 0.0000000000
20620  -38.122  -63.516  -12.820 0.0000000000
21786  -38.947  -63.323  -13.047 0.0000000000
27411  -32.751  -57.745  -5.105 0.0000000000
11627  -38.790  -72.696  -9.930 0.0000000000
11787  -37.707  -72.348  -17.651 0.0000000000
11808  -37.642  -72.363  -18.427 0.0000000000
11785  -36.399  -72.751  -18.318 0.0000000000
12792  -35.035  -72.427  -17.262 0.0000000000
12769  -34.130  -71.644  -16.520 0.0000000000
11763  -34.953  -72.606  -18.136 0.0000000000
11783  -35.121  -72.689  -18.839 0.0000000000
12838  -35.271  -72.478  -18.852 0.0000000000
17184  -38.448  -67.999  -10.695 0.0000000000
14884  -38.033  -69.117  -12.001 0.0000000000
14894  -37.805  -69.278  -13.028 0.0000000000
18433  -38.656  -66.444  -14.475 0.0000000000
17217  -38.355  -67.285  -14.534 0.0000000000
17237  -39.296  -68.004  -15.356 0.0000000000
16092  -39.427  -68.569  -15.533 0.0000000000
16093  -40.080  -68.610  -16.283 0.0000000000
16094  -40.473  -68.161  -16.639 0.0000000000
17287  -40.618  -68.042  -17.727 0.0000000000
18326  -39.176  -66.178  -7.801 0.0000000000
19468  -38.597  -66.057  -8.186 0.0000000000
20563  -36.060  -64.589  -7.435 0.0000000000
20570  -36.266  -64.822  -7.935 0.0000000000
20578  -34.721  -64.834  -9.146 0.0000000000
20588  -34.299  -65.066  -10.016 0.0000000000
20587  -33.643  -64.508  -9.916 0.0000000000
21621  -30.949  -63.354  -1.827 0.0000000000
22818  -31.126  -63.198  -2.712 0.0000000000
21639  -31.644  -63.364  -2.829 0.0000000000
22834  -31.355  -62.952  -3.464 0.0000000000
22854  -30.969  -62.340  -4.498 0.0000000000
27469  -31.443  -58.770  -8.113 0.0000000000
26345  -31.147  -59.443  -7.980 0.0000000000
26346  -31.636  -59.128  -8.514 0.0000000000
26364  -32.193  -59.328  -9.241 0.0000000000
25249  -32.310  -60.550  -9.794 0.0000000000
25270  -33.060  -60.523  -10.334 0.0000000000
26380  -32.737  -59.763  -9.976 0.0000000000
27523  -34.895  -58.500  -10.667 0.0000000000
12730  -35.316  -71.210  -13.756 0.0000000000
20739  -38.810  -64.611  -17.692 0.0000000000
19624  -39.263  -65.242  -18.560 0.0000000000
18511  -39.301  -65.811  -19.500 0.0000000000
18488  -38.719  -66.791  -17.987 0.0000000000
17286  -38.187  -67.990  -17.763 0.0000000000
16139  -37.839  -68.960  -17.846 0.0000000000
16113  -36.521  -68.757  -16.296 0.0000000000
18392  -35.553  -66.418  -12.117 0.0000000000
17190  -36.423  -67.368  -12.731 0.0000000000
18393  -36.123  -66.447  -12.745 0.0000000000
19535  -37.309  -65.622  -13.493 0.0000000000
20640  -37.546  -64.749  -13.269 0.0000000000
18413  -38.332  -65.980  -14.181 0.0000000000
19560  -40.457  -65.609  -14.797 0.0000000000
19432  -36.416  -64.865  -5.917 0.0000000000
20556  -35.904  -64.478  -6.637 0.0000000000
21694  -34.782  -64.067  -6.615 0.0000000000
21693  -34.311  -63.947  -7.219 0.0000000000
21692  -33.539  -63.615  -7.569 0.0000000000
26232  -29.956  -59.651  -2.304 0.0000000000
25175  -29.761  -60.195  -3.417 0.0000000000
24034  -30.110  -60.854  -4.384 0.0000000000
26310  -30.331  -59.014  -5.687 0.0000000000
27429  -30.903  -58.481  -6.166 0.0000000000
27410  -31.709  -57.960  -5.373 0.0000000000
27430  -31.515  -58.042  -6.314 0.0000000000
27448  -31.340  -58.334  -7.289 0.0000000000
27449  -31.915  -57.817  -7.716 0.0000000000
28606  -33.338  -57.161  -9.276 0.0000000000
12749  -38.827  -71.883  -15.144 0.0000000000
11718  -38.366  -72.364  -14.937 0.0000000000
13771  -33.795  -70.606  -14.085 0.0000000000
12768  -33.726  -71.740  -16.975 0.0000000000
13836  -32.843  -71.255  -17.194 0.0000000000
14969  -31.176  -69.530  -17.034 0.0000000000
13855  -32.207  -70.423  -18.310 0.0000000000
14867  -40.988  -69.770  -10.163 0.0000000000
13756  -40.637  -70.410  -10.511 0.0000000000
14887  -40.535  -69.925  -10.931 0.0000000000
13755  -40.245  -70.449  -11.301 0.0000000000
14896  -39.326  -69.919  -12.227 0.0000000000
13760  -39.592  -70.528  -12.393 0.0000000000
13774  -39.380  -70.820  -13.666 0.0000000000
16054  -36.905  -68.032  -13.024 0.0000000000
16072  -38.229  -68.215  -14.545 0.0000000000
14926  -37.959  -68.882  -14.221 0.0000000000
12750  -39.115  -71.503  -14.861 0.0000000000
12773  -38.931  -71.429  -15.770 0.0000000000
12794  -38.825  -71.311  -17.052 0.0000000000
14975  -39.904  -69.645  -16.942 0.0000000000
13841  -39.342  -70.681  -17.564 0.0000000000
12815  -38.758  -71.340  -18.394 0.0000000000
13887  -38.922  -71.013  -19.293 0.0000000000
13909  -38.814  -70.607  -20.483 0.0000000000
16011  -40.900  -68.913  -10.015 0.0000000000
17157  -39.920  -67.396  -9.298 0.0000000000
17174  -38.755  -67.675  -10.316 0.0000000000
17172  -36.886  -67.017  -10.562 0.0000000000
19457  -38.784  -65.952  -7.631 0.0000000000
19467  -37.966  -65.962  -8.546 0.0000000000
19466  -36.575  -65.305  -8.408 0.0000000000
19475  -37.538  -66.159  -9.163 0.0000000000
18358  -36.534  -66.174  -9.677 0.0000000000
18384  -36.436  -66.812  -10.695 0.0000000000
18383  -35.798  -66.600  -11.191 0.0000000000
19510  -35.294  -65.678  -12.198 0.0000000000
20603  -34.064  -64.706  -11.007 0.0000000000
21761  -35.094  -64.275  -12.183 0.0000000000
21742  -35.846  -63.024  -12.007 0.0000000000
22943  -36.218  -62.250  -11.717 0.0000000000
21658  -32.541  -63.498  -4.021 0.0000000000
21659  -33.335  -63.586  -4.655 0.0000000000
21670  -33.625  -63.450  -5.813 0.0000000000
21683  -33.648  -63.515  -6.757 0.0000000000
22896  -33.003  -63.398  -7.694 0.0000000000
24049  -30.312  -60.978  -5.188 0.0000000000
24050  -30.644  -61.559  -5.727 0.0000000000
24069  -30.821  -61.627  -6.458 0.0000000000
25226  -30.819  -60.319  -7.424 0.0000000000
24084  -30.973  -61.458  -7.459 0.0000000000
22885  -31.484  -62.262  -6.729 0.0000000000
22895  -32.489  -62.954  -7.982 0.0000000000
21698  -32.767  -63.414  -8.702 0.0000000000
21709  -32.530  -63.110  -9.698 0.0000000000
21721  -32.752  -62.884  -10.266 0.0000000000
22927  -33.774  -62.106  -10.936 0.0000000000
24127  -33.492  -61.401  -10.647 0.0000000000
25290  -36.069  -60.729  -11.430 0.0000000000
10676  -38.333  -73.165  -10.595 0.0000000000
10675  -37.724  -73.590  -10.605 0.0000000000
11695  -37.306  -72.528  -13.547 0.0000000000
12711  -35.625  -71.926  -12.657 0.0000000000
12712  -36.204  -72.222  -12.620 0.0000000000
11667  -35.944  -72.533  -11.984 0.0000000000
22984  -39.291  -62.494  -13.104 0.0000000000
20643  -41.114  -64.180  -13.894 0.0000000000
19561  -41.142  -65.176  -14.712 0.0000000000
19582  -41.234  -65.669  -15.382 0.0000000000
18468  -41.122  -66.745  -16.816 0.0000000000
17288  -40.894  -67.317  -17.299 0.0000000000
18512  -40.688  -66.878  -19.039 0.0000000000
17305  -40.387  -68.078  -18.956 0.0000000000
15054  -39.635  -69.483  -20.101 0.0000000000
15053  -39.289  -69.635  -20.755 0.0000000000
13926  -38.579  -70.308  -20.736 0.0000000000
17322  -38.947  -67.385  -20.947 0.0000000000
17343  -38.912  -68.071  -21.114 0.0000000000
16202  -38.637  -68.918  -20.883 0.0000000000
15051  -37.499  -70.972  -20.187 0.0000000000
13885  -36.864  -71.421  -19.535 0.0000000000
13884  -36.395  -71.641  -19.122 0.0000000000
12813  -35.522  -71.875  -18.694 0.0000000000
13859  -35.331  -71.404  -17.956 0.0000000000
13858  -34.567  -71.500  -18.009 0.0000000000
13857  -33.823  -71.351  -18.071 0.0000000000
11740  -35.593  -72.282  -16.594 0.0000000000
11766  -37.545  -72.453  -16.998 0.0000000000
11784  -35.532  -72.839  -18.612 0.0000000000
11786  -37.175  -72.567  -17.970 0.0000000000
11804  -35.124  -72.684  -18.930 0.0000000000
11805  -35.401  -72.658  -18.931 0.0000000000
12679  -39.782  -71.696  -9.721 0.0000000000
12709  -33.727  -71.773  -12.709 0.0000000000
12789  -33.035  -71.568  -17.531 0.0000000000
12810  -33.466  -71.690  -18.153 0.0000000000
12837  -34.961  -72.616  -18.729 0.0000000000
12842  -38.574  -71.445  -19.082 0.0000000000
12864  -37.317  -71.878  -20.248 0.0000000000
12865  -37.505  -71.799  -20.105 0.0000000000
13770  -32.816  -70.522  -13.926 0.0000000000
13837  -33.170  -71.457  -16.999 0.0000000000
13862  -39.218  -70.833  -18.411 0.0000000000
13882  -32.830  -70.825  -18.670 0.0000000000
13927  -38.902  -70.059  -21.090 0.0000000000
14973  -36.170  -69.883  -16.734 0.0000000000
14994  -31.527  -69.717  -17.917 0.0000000000
14999  -37.768  -69.493  -18.693 0.0000000000
15026  -37.496  -70.320  -19.402 0.0000000000
15029  -39.877  -69.382  -19.612 0.0000000000
15070  -38.765  -69.692  -21.089 0.0000000000
16026  -36.986  -67.889  -11.737 0.0000000000
16028  -38.690  -68.456  -10.981 0.0000000000
16091  -36.208  -67.997  -15.710 0.0000000000
16163  -40.176  -68.957  -19.186 0.0000000000
16182  -39.832  -68.818  -20.284 0.0000000000
17136  -40.398  -67.149  -8.590 0.0000000000
17173  -37.660  -67.109  -10.157 0.0000000000
17175  -39.466  -67.851  -10.134 0.0000000000
17181  -35.919  -66.926  -11.726 0.0000000000
17240  -40.893  -66.994  -16.505 0.0000000000
17262  -40.711  -67.856  -16.925 0.0000000000
18343  -39.054  -66.303  -8.318 0.0000000000
18359  -37.227  -66.331  -9.536 0.0000000000
18373  -37.446  -66.635  -9.793 0.0000000000
18432  -38.109  -66.899  -14.337 0.0000000000
18447  -40.041  -66.768  -15.351 0.0000000000
18489  -39.140  -66.110  -18.692 0.0000000000
18529  -38.931  -67.170  -20.521 0.0000000000
19481  -34.767  -65.372  -10.354 0.0000000000
19509  -34.931  -65.375  -11.938 0.0000000000
19558  -38.672  -65.785  -14.226 0.0000000000
20540  -35.307  -64.339  -5.604 0.0000000000
20555  -35.313  -64.262  -6.347 0.0000000000
20562  -35.141  -64.301  -7.263 0.0000000000
20664  -40.802  -64.801  -14.349 0.0000000000
21699  -33.580  -63.894  -8.302 0.0000000000
21743  -36.398  -62.756  -12.032 0.0000000000
21765  -38.502  -63.114  -12.709 0.0000000000
21766  -39.054  -62.963  -12.861 0.0000000000
22887  -32.973  -63.304  -7.228 0.0000000000
22925  -32.550  -62.468  -10.163 0.0000000000
22926  -33.092  -62.394  -10.549 0.0000000000
22940  -33.541  -62.817  -10.976 0.0000000000
22964  -38.677  -62.417  -12.707 0.0000000000
24010  -29.775  -60.994  -2.867 0.0000000000
24105  -31.548  -61.662  -9.022 0.0000000000
24129  -35.063  -60.917  -11.124 0.0000000000
25117  -29.579  -60.791  -1.428 0.0000000000
25153  -29.758  -60.285  -2.893 0.0000000000
25154  -29.820  -60.613  -3.360 0.0000000000
25176  -29.825  -60.370  -3.903 0.0000000000
26255  -29.831  -59.764  -3.221 0.0000000000
26276  -29.749  -59.954  -3.647 0.0000000000
26328  -30.451  -59.245  -6.422 0.0000000000
26363  -31.482  -59.806  -8.660 0.0000000000
26381  -33.491  -59.502  -10.195 0.0000000000
27447  -30.779  -58.798  -6.811 0.0000000000
28571  -32.255  -57.455  -7.054 0.0000000000
