#!ascii label  , from subject abby vox2ras=TkReg
1046
68244  -23.217  -24.226  -18.347 0.4285714328
70564  -22.594  -22.158  -19.127 0.2857142985
69368  -22.735  -23.188  -18.749 0.4285714328
70565  -23.294  -22.263  -18.480 0.4285714328
71760  -23.857  -21.346  -18.317 0.4285714328
71759  -22.960  -21.421  -18.937 0.2857142985
74131  -23.807  -19.871  -19.108 0.4285714328
74155  -23.462  -19.672  -20.570 0.4285714328
74144  -23.714  -19.637  -19.539 0.4285714328
75319  -23.888  -19.078  -21.203 0.4285714328
75320  -24.422  -18.403  -20.741 0.4285714328
75345  -24.350  -18.456  -22.662 0.5714285970
75333  -24.385  -18.469  -21.703 0.5714285970
76482  -24.778  -17.810  -21.214 0.4285714328
76483  -25.081  -17.105  -21.639 0.2857142985
76494  -25.198  -17.219  -22.619 0.7142857313
80228  -26.071  -15.232  -22.411 0.7142857313
77715  -25.562  -16.487  -22.967 0.7142857313
78990  -25.751  -15.620  -22.046 0.5714285970
81302  -26.755  -14.110  -23.324 0.5714285970
78999  -26.062  -15.660  -23.312 0.5714285970
80241  -26.655  -14.842  -23.743 0.5714285970
81311  -27.107  -14.522  -24.223 0.5714285970
81303  -27.303  -13.690  -23.923 0.5714285970
79014  -26.540  -15.411  -24.111 0.5714285970
82332  -27.659  -12.687  -23.553 0.4285714328
82333  -28.294  -12.733  -24.508 0.5714285970
84358  -29.540  -11.051  -24.975 0.5714285970
80253  -27.951  -14.945  -25.443 0.7142857313
83392  -28.881  -12.140  -25.039 0.7142857313
83393  -29.652  -12.021  -25.779 0.7142857313
84359  -30.553  -10.805  -25.513 0.5714285970
81313  -28.287  -14.432  -25.500 0.5714285970
79041  -26.985  -15.794  -25.888 0.5714285970
82352  -29.276  -13.805  -26.517 0.8571428657
85338  -31.377  -10.224  -25.063 0.5714285970
81323  -28.695  -14.411  -26.432 0.7142857313
80272  -28.088  -15.167  -26.366 0.5714285970
84388  -31.483  -11.431  -26.780 0.7142857313
85353  -32.118  -10.504  -25.589 0.5714285970
82353  -29.787  -13.509  -26.887 0.7142857313
84374  -30.923  -11.338  -26.406 0.7142857313
84390  -32.757  -10.305  -26.653 0.5714285970
83405  -31.046  -11.975  -26.880 0.7142857313
84377  -33.246  -10.254  -25.984 0.5714285970
82362  -30.069  -13.063  -27.032 0.5714285970
83414  -30.605  -12.296  -27.065 0.7142857313
84389  -32.030  -11.036  -26.758 0.7142857313
85375  -32.749  -9.601  -27.037 0.7142857313
84391  -33.198  -10.030  -26.364 0.7142857313
84397  -30.637  -10.685  -27.416 0.7142857313
83424  -31.628  -10.909  -27.364 0.7142857313
85374  -32.172  -9.528  -27.393 0.7142857313
87314  -32.260  -7.485  -27.382 0.7142857313
86292  -32.763  -8.205  -27.226 0.5714285970
85372  -30.858  -10.066  -27.456 0.7142857313
83421  -29.775  -11.890  -27.395 0.5714285970
88426  -32.475  -7.089  -27.193 0.5714285970
89637  -32.519  -5.917  -26.579 0.5714285970
85364  -30.299  -9.488  -27.440 0.8571428657
84387  -29.901  -10.324  -27.279 0.8571428657
88427  -32.116  -6.546  -27.473 0.7142857313
88437  -30.770  -6.473  -28.688 0.7142857313
86291  -30.243  -8.707  -27.663 0.8571428657
86302  -30.118  -7.465  -27.870 0.7142857313
89646  -29.743  -5.133  -27.942 0.8571428657
89663  -31.113  -5.220  -28.336 0.5714285970
87331  -29.966  -6.337  -28.727 0.8571428657
87322  -29.788  -6.792  -28.039 0.8571428657
86290  -29.711  -8.147  -27.466 0.8571428657
90741  -29.399  -4.434  -26.366 0.8571428657
91845  -29.589  -3.495  -26.737 0.8571428657
92886  -29.425  -2.530  -25.426 0.8571428657
88436  -29.709  -5.862  -28.526 0.8571428657
91826  -29.198  -3.531  -25.585 0.8571428657
91805  -28.487  -3.423  -24.461 1.0000000000
91806  -28.921  -2.929  -25.091 1.0000000000
92872  -29.018  -2.377  -24.685 1.0000000000
91825  -28.762  -4.058  -25.084 1.0000000000
93864  -28.535  -1.767  -23.715 1.0000000000
94872  -26.335  -0.650  -23.565 0.7142857313
92871  -28.630  -2.363  -24.062 1.0000000000
91786  -27.945  -2.970  -23.707 1.0000000000
93845  -27.913  -1.430  -23.476 1.0000000000
98021  -26.331  2.501  -23.129 1.0000000000
98020  -25.657  2.437  -23.639 0.8571428657
100181  -26.071  4.358  -23.419 0.8571428657
104200  -26.551  8.510  -24.875 0.8571428657
102320  -26.345  6.403  -23.920 0.8571428657
105213  -26.905  9.796  -25.527 0.8571428657
106159  -26.543  10.012  -26.111 0.7142857313
105211  -25.869  8.852  -26.197 0.5714285970
106173  -25.385  10.091  -27.273 0.7142857313
106187  -26.187  10.737  -28.070 0.5714285970
105225  -24.236  9.259  -26.714 0.5714285970
105226  -25.381  9.092  -26.639 0.5714285970
106171  -23.675  10.257  -26.449 0.4285714328
107101  -24.083  11.451  -27.018 0.4285714328
107112  -24.659  11.633  -28.068 0.4285714328
107082  -23.577  11.330  -25.001 0.2857142985
108025  -23.866  11.772  -24.713 0.2857142985
106158  -23.286  10.523  -25.570 0.2857142985
107083  -24.002  11.495  -24.396 0.2857142985
71758  -22.677  -21.704  -19.207 0.2857142985
82339  -27.998  -13.570  -24.648 0.5714285970
84375  -31.829  -10.888  -26.223 0.5714285970
89648  -31.837  -5.218  -27.450 0.5714285970
86304  -31.831  -8.434  -27.550 0.7142857313
87324  -31.270  -7.134  -27.935 0.7142857313
89673  -30.279  -5.562  -28.909 0.8571428657
90768  -30.043  -4.259  -27.952 0.8571428657
91859  -29.923  -3.432  -27.454 0.8571428657
92904  -29.640  -2.724  -26.293 0.8571428657
94873  -27.246  -0.497  -23.383 0.8571428657
107063  -25.260  11.811  -22.633 0.1428571492
72987  -22.632  -20.879  -20.284 0.2857142985
71771  -22.893  -20.854  -19.500 0.2857142985
74145  -24.296  -19.079  -19.468 0.4285714328
72997  -22.936  -20.307  -20.858 0.2857142985
72988  -23.131  -20.237  -19.914 0.4285714328
75303  -24.670  -18.279  -19.793 0.4285714328
75332  -23.793  -19.003  -22.215 0.5714285970
76493  -24.857  -17.888  -22.172 0.5714285970
77707  -25.345  -16.491  -22.074 0.4285714328
76507  -25.267  -17.234  -23.649 0.2857142985
79000  -26.406  -15.182  -23.496 0.4285714328
79013  -26.181  -15.919  -24.496 0.5714285970
83387  -28.273  -11.820  -23.698 0.4285714328
79028  -26.964  -15.561  -25.182 0.7142857313
80252  -27.460  -15.110  -25.070 0.7142857313
84357  -28.801  -11.239  -24.201 0.4285714328
83403  -29.408  -12.916  -26.168 0.7142857313
83404  -30.216  -12.377  -26.682 0.7142857313
79051  -27.879  -15.819  -26.317 0.5714285970
80264  -28.245  -15.346  -25.988 0.5714285970
85367  -33.426  -9.657  -26.135 0.5714285970
81329  -28.884  -14.129  -27.105 0.5714285970
84361  -33.165  -10.494  -25.203 0.5714285970
83415  -31.340  -11.655  -27.082 0.7142857313
86293  -33.117  -8.936  -26.790 0.5714285970
82368  -30.142  -12.602  -27.176 0.8571428657
85373  -31.206  -9.478  -27.547 0.7142857313
90769  -30.433  -4.328  -28.125 0.5714285970
88412  -29.307  -6.180  -26.725 1.0000000000
90720  -27.888  -4.684  -24.259 1.0000000000
93844  -26.966  -1.476  -23.568 0.8571428657
95922  -26.367  0.484  -23.403 0.7142857313
95923  -27.631  0.548  -22.930 1.0000000000
96969  -26.035  1.590  -23.397 0.7142857313
96970  -26.853  1.543  -22.994 1.0000000000
95921  -25.753  1.018  -23.609 0.7142857313
99087  -26.706  3.558  -22.945 0.8571428657
103251  -26.335  7.359  -24.291 0.8571428657
101273  -26.269  5.441  -23.573 1.0000000000
100182  -26.724  4.611  -23.039 1.0000000000
105212  -26.327  9.090  -25.797 0.7142857313
107100  -23.851  10.792  -26.694 0.7142857313
106186  -25.606  10.637  -28.142 0.7142857313
105224  -23.375  9.482  -26.164 0.4285714328
107091  -23.718  11.998  -26.273 0.2857142985
106196  -25.804  11.002  -28.495 0.4285714328
108052  -24.166  12.523  -27.446 0.4285714328
77729  -25.762  -16.599  -24.047 0.4285714328
77744  -25.825  -16.598  -24.896 0.4285714328
106172  -24.359  10.118  -27.143 0.7142857313
107090  -23.580  11.367  -25.979 0.2857142985
108033  -23.720  11.890  -25.089 0.2857142985
69369  -23.625  -23.194  -18.119 0.4285714328
69383  -22.233  -22.816  -19.363 0.2857142985
70566  -24.138  -22.306  -17.860 0.4285714328
71770  -22.548  -21.563  -19.662 0.2857142985
72978  -23.544  -20.374  -18.973 0.4285714328
75302  -24.028  -18.986  -20.198 0.4285714328
76506  -24.833  -17.892  -23.188 0.2857142985
80251  -26.933  -15.112  -24.471 0.5714285970
81312  -27.711  -14.390  -24.788 0.5714285970
82340  -28.748  -13.494  -25.560 0.7142857313
85336  -29.611  -10.440  -24.319 0.5714285970
79042  -27.816  -15.856  -25.947 0.7142857313
81324  -29.453  -14.162  -26.941 0.5714285970
84376  -32.748  -10.687  -25.835 0.5714285970
84400  -32.476  -10.029  -27.176 0.7142857313
81335  -29.449  -13.486  -27.244 0.7142857313
83422  -30.641  -11.755  -27.353 0.8571428657
84396  -30.021  -11.116  -27.421 0.8571428657
88438  -31.312  -6.009  -28.407 0.8571428657
89636  -29.516  -5.257  -27.032 0.8571428657
90753  -29.727  -4.314  -27.298 0.8571428657
87311  -29.157  -7.642  -26.738 0.8571428657
90740  -28.983  -4.615  -25.502 1.0000000000
92850  -27.504  -2.276  -23.582 1.0000000000
95938  -25.870  -0.104  -23.650 0.8571428657
104210  -26.162  8.479  -25.507 0.8571428657
105227  -25.986  9.761  -26.581 0.7142857313
106185  -24.784  10.656  -27.822 0.4285714328
106146  -23.526  10.782  -24.331 0.2857142985
107072  -24.419  11.698  -23.808 0.2857142985
107073  -24.975  11.942  -23.412 0.1428571492
110765  -24.567  15.700  -28.949 0.2857142985
111596  -24.618  16.739  -28.160 0.1428571492
108961  -24.453  13.395  -28.877 0.2857142985
109829  -24.639  14.482  -29.681 0.2857142985
110758  -24.677  15.413  -27.638 0.1428571492
111578  -25.172  16.924  -26.573 0.1428571492
108940  -23.937  13.532  -25.917 0.1428571492
108954  -24.199  13.475  -27.851 0.2857142985
109800  -24.165  14.311  -26.434 0.1428571492
109842  -25.245  14.380  -30.847 0.2857142985
108965  -29.351  13.446  -29.040 0.2857142985
108974  -26.617  12.686  -30.208 0.2857142985
110740  -24.911  15.810  -26.082 0.1428571492
108063  -24.436  12.509  -28.368 0.2857142985
108053  -27.303  11.663  -28.074 0.2857142985
108973  -24.838  12.954  -30.787 0.2857142985
107105  -29.688  11.728  -26.603 0.1428571492
108963  -27.475  12.657  -29.137 0.2857142985
108077  -26.056  12.133  -30.059 0.2857142985
109801  -24.497  15.093  -26.162 0.1428571492
107136  -25.559  11.801  -29.604 0.2857142985
108064  -24.483  12.266  -29.256 0.2857142985
105234  -31.822  9.617  -27.319 0.1428571492
106177  -30.627  10.899  -26.281 0.1428571492
108055  -28.973  12.364  -27.514 0.4285714328
107127  -26.275  11.164  -28.654 0.2857142985
104203  -29.584  8.371  -24.044 0.2857142985
106161  -28.546  10.731  -25.425 0.4285714328
107115  -27.306  11.491  -27.495 0.2857142985
107113  -25.101  11.025  -28.261 0.2857142985
103255  -31.117  7.546  -24.806 0.1428571492
105214  -29.533  9.829  -24.886 0.2857142985
107103  -27.579  11.329  -26.609 0.4285714328
105201  -27.866  9.413  -24.551 0.5714285970
106160  -27.377  10.594  -25.851 0.7142857313
101276  -30.480  5.274  -23.687 0.1428571492
103245  -30.053  6.939  -23.648 0.1428571492
106148  -27.436  9.879  -25.114 0.7142857313
106174  -26.328  10.649  -27.005 0.4285714328
104193  -28.826  7.918  -23.582 0.4285714328
100183  -30.405  4.248  -23.621 0.2857142985
101268  -30.164  4.840  -23.245 0.7142857313
104201  -27.445  8.664  -24.339 0.7142857313
102303  -28.654  5.706  -22.831 0.8571428657
104192  -27.875  7.998  -23.697 0.5714285970
98038  -30.437  2.550  -24.901 0.2857142985
99099  -30.519  3.399  -24.241 0.2857142985
103243  -28.348  7.172  -23.306 0.7142857313
102327  -25.314  6.441  -25.205 0.5714285970
102312  -26.927  6.255  -23.420 0.8571428657
99075  -29.161  3.377  -22.515 0.7142857313
96989  -30.304  1.534  -25.294 0.1428571492
89623  -26.188  -5.767  -24.461 0.5714285970
91804  -27.532  -3.791  -23.797 0.8571428657
91785  -27.230  -3.022  -23.642 0.8571428657
91803  -26.448  -3.560  -23.851 0.4285714328
92849  -26.664  -2.428  -23.675 0.5714285970
98022  -27.173  2.513  -22.790 0.8571428657
95924  -28.716  0.269  -23.044 0.8571428657
99073  -27.535  3.253  -22.686 0.8571428657
95940  -30.249  0.713  -25.277 0.2857142985
96954  -29.043  1.720  -22.500 0.8571428657
99074  -28.267  3.378  -22.551 0.8571428657
102313  -27.900  6.215  -22.994 0.8571428657
95966  -30.842  0.811  -26.780 0.4285714328
96972  -30.008  1.413  -24.074 0.7142857313
99088  -29.701  3.042  -22.835 0.7142857313
88410  -25.262  -6.291  -24.870 0.2857142985
90719  -26.864  -4.714  -24.088 0.5714285970
91787  -28.328  -2.768  -23.945 0.8571428657
94874  -28.197  -0.475  -23.305 0.8571428657
95904  -28.462  1.146  -22.659 0.8571428657
96953  -28.383  1.912  -22.479 0.8571428657
95952  -30.305  0.105  -25.436 0.4285714328
95925  -29.451  0.414  -23.724 0.8571428657
95905  -29.217  0.983  -22.940 0.8571428657
94917  -30.670  -0.394  -26.613 0.4285714328
84371  -27.901  -10.943  -26.230 0.7142857313
85349  -27.350  -9.928  -25.382 0.4285714328
84385  -28.555  -11.259  -26.898 0.7142857313
86289  -29.017  -8.543  -26.598 0.8571428657
86276  -27.675  -8.823  -25.087 0.5714285970
87284  -26.570  -7.620  -24.614 0.5714285970
87295  -25.179  -7.399  -24.828 0.4285714328
87297  -28.748  -7.542  -25.768 0.8571428657
87286  -28.262  -7.307  -24.900 0.5714285970
89635  -29.218  -5.415  -26.082 0.8571428657
89625  -28.193  -5.635  -24.671 0.7142857313
89624  -27.313  -5.685  -24.437 0.5714285970
93916  -29.945  -2.171  -26.690 0.7142857313
93898  -29.863  -1.943  -26.002 0.7142857313
93880  -29.700  -1.571  -25.016 0.7142857313
94890  -29.554  -0.570  -24.377 0.8571428657
94903  -31.201  -1.100  -26.949 0.2857142985
93900  -30.610  -1.599  -27.026 0.4285714328
83402  -27.498  -12.012  -26.395 0.4285714328
84370  -26.991  -10.918  -25.658 0.4285714328
85363  -29.467  -9.490  -27.080 0.7142857313
88411  -29.065  -6.389  -25.808 0.8571428657
91860  -30.420  -3.421  -27.730 0.7142857313
92905  -30.837  -2.419  -27.286 0.2857142985
92924  -30.436  -2.573  -27.399 0.5714285970
92923  -30.112  -2.691  -27.418 0.5714285970
81328  -27.762  -14.182  -26.563 0.4285714328
81322  -27.049  -13.679  -26.013 0.5714285970
83412  -28.329  -12.104  -26.908 0.5714285970
90756  -31.961  -4.490  -26.601 0.4285714328
91847  -31.084  -3.162  -27.429 0.4285714328
92887  -31.294  -2.416  -26.864 0.4285714328
91861  -30.752  -3.027  -27.643 0.4285714328
79027  -26.209  -15.670  -25.170 0.5714285970
85339  -32.661  -10.286  -24.918 0.4285714328
85354  -33.632  -9.864  -25.471 0.4285714328
88415  -33.082  -6.498  -25.926 0.4285714328
87300  -32.938  -7.559  -27.102 0.4285714328
89638  -32.865  -5.323  -25.411 0.4285714328
89649  -32.374  -5.018  -26.376 0.4285714328
76449  -25.225  -17.565  -19.825 0.1428571492
86280  -33.705  -8.692  -25.922 0.4285714328
87302  -33.449  -7.296  -25.307 0.4285714328
88416  -33.359  -6.169  -24.989 0.4285714328
77693  -25.587  -16.212  -21.075 0.1428571492
78991  -26.038  -15.353  -21.439 0.1428571492
82324  -27.666  -12.417  -22.235 0.2857142985
85311  -32.294  -9.390  -23.006 0.2857142985
87262  -34.673  -9.279  -22.718 0.2857142985
85327  -34.034  -10.215  -23.369 0.2857142985
85323  -29.715  -10.005  -23.791 0.4285714328
87278  -34.579  -9.375  -23.132 0.2857142985
86256  -34.267  -9.851  -23.900 0.2857142985
85325  -31.900  -9.438  -24.075 0.2857142985
87277  -34.378  -8.950  -23.497 0.2857142985
86266  -33.984  -9.372  -24.665 0.4285714328
77673  -25.695  -16.641  -20.026 0.1428571492
77694  -25.998  -16.014  -20.320 0.1428571492
76469  -25.164  -17.176  -20.681 0.1428571492
80206  -26.636  -14.594  -20.944 0.2857142985
81279  -26.824  -14.094  -21.341 0.2857142985
83369  -29.323  -11.195  -21.777 0.2857142985
84328  -31.178  -10.166  -21.623 0.2857142985
84345  -30.294  -9.980  -22.409 0.2857142985
84343  -28.870  -10.994  -22.655 0.2857142985
85291  -31.709  -9.486  -22.335 0.2857142985
78976  -26.319  -15.339  -20.658 0.1428571492
81265  -28.183  -13.249  -20.760 0.2857142985
80207  -27.147  -14.617  -20.305 0.2857142985
81281  -27.937  -12.854  -21.313 0.2857142985
81280  -27.378  -13.238  -21.601 0.2857142985
80221  -26.247  -14.883  -21.772 0.2857142985
82325  -28.081  -11.997  -22.039 0.2857142985
68229  -23.861  -24.766  -18.000 0.2857142985
67188  -22.707  -24.738  -18.485 0.2857142985
74132  -24.230  -19.670  -18.879 0.2857142985
69355  -24.067  -23.985  -17.830 0.1428571492
67171  -23.120  -25.361  -18.135 0.1428571492
81264  -27.376  -13.867  -20.790 0.2857142985
82317  -29.311  -11.928  -21.253 0.2857142985
85292  -32.414  -9.603  -22.037 0.2857142985
84344  -29.362  -10.450  -22.736 0.2857142985
85312  -33.316  -9.879  -22.747 0.2857142985
85340  -33.627  -10.237  -24.605 0.4285714328
88385  -34.206  -7.293  -23.246 0.2857142985
85350  -28.188  -9.826  -25.806 0.7142857313
88401  -33.747  -6.741  -24.278 0.4285714328
88399  -27.833  -6.599  -24.611 0.5714285970
88414  -32.729  -6.892  -26.810 0.4285714328
90755  -31.347  -4.103  -27.139 0.4285714328
91827  -31.572  -3.204  -26.608 0.2857142985
93883  -31.476  -1.587  -26.555 0.2857142985
101272  -25.753  4.891  -23.809 0.7142857313
94901  -30.089  -0.585  -25.189 0.7142857313
100173  -27.593  4.234  -22.754 0.8571428657
104209  -25.747  8.428  -26.030 0.4285714328
104199  -25.911  7.912  -25.274 0.5714285970
103252  -27.087  7.959  -24.129 0.7142857313
100174  -28.596  4.255  -22.605 0.8571428657
103242  -27.281  7.152  -23.578 0.8571428657
99089  -30.083  3.359  -23.377 0.5714285970
107137  -25.897  11.571  -29.335 0.2857142985
103253  -29.782  7.546  -23.764 0.4285714328
105203  -29.852  9.205  -24.595 0.4285714328
109793  -24.892  15.081  -25.232 0.1428571492
108044  -28.646  12.085  -26.990 0.2857142985
106176  -29.992  10.919  -25.996 0.1428571492
108984  -25.509  13.194  -31.437 0.2857142985
69370  -24.424  -23.186  -17.684 0.1428571492
68257  -22.142  -23.456  -19.312 0.2857142985
71761  -24.918  -21.361  -17.671 0.1428571492
75283  -24.856  -18.855  -18.930 0.1428571492
77674  -26.514  -15.972  -19.632 0.1428571492
78956  -27.237  -15.160  -19.717 0.1428571492
81290  -26.656  -13.980  -22.273 0.2857142985
82315  -27.816  -12.670  -21.602 0.2857142985
83379  -28.999  -11.037  -22.360 0.2857142985
83386  -27.898  -11.978  -22.825 0.2857142985
85293  -33.368  -9.917  -21.800 0.2857142985
84352  -29.171  -10.591  -23.888 0.2857142985
83401  -26.673  -11.883  -25.762 0.2857142985
87261  -34.452  -8.287  -22.514 0.2857142985
89586  -33.652  -6.284  -22.369 0.2857142985
84372  -28.475  -10.485  -26.595 0.7142857313
85351  -28.756  -9.648  -26.563 0.5714285970
86274  -25.612  -8.560  -25.037 0.4285714328
89634  -25.336  -5.351  -24.749 0.2857142985
88397  -25.965  -6.941  -24.602 0.5714285970
86279  -33.332  -8.127  -26.893 0.4285714328
87296  -28.206  -8.054  -25.120 0.7142857313
89627  -32.949  -5.087  -24.296 0.1428571492
90743  -32.316  -4.237  -25.704 0.4285714328
91807  -32.391  -3.334  -24.879 0.1428571492
93846  -28.591  -1.156  -23.579 0.8571428657
92873  -32.231  -2.380  -25.225 0.1428571492
93917  -30.121  -2.096  -27.044 0.5714285970
94902  -30.382  -0.502  -25.981 0.5714285970
101265  -28.156  5.142  -22.808 0.8571428657
97015  -30.821  1.698  -27.023 0.2857142985
97002  -30.528  1.594  -26.427 0.1428571492
108042  -23.841  12.594  -26.514 0.2857142985
96973  -30.242  1.995  -24.586 0.4285714328
98053  -30.419  2.510  -25.944 0.1428571492
102304  -29.333  5.658  -22.892 0.5714285970
99112  -30.613  3.459  -25.267 0.1428571492
102321  -30.883  6.642  -24.660 0.1428571492
109792  -24.260  14.384  -25.655 0.1428571492
104194  -29.391  7.768  -23.666 0.5714285970
101282  -30.823  5.512  -24.724 0.1428571492
103254  -30.451  7.440  -24.162 0.1428571492
108043  -28.244  11.876  -27.056 0.2857142985
107093  -29.032  11.349  -25.817 0.2857142985
104211  -30.895  9.112  -25.257 0.1428571492
105228  -31.455  9.555  -26.336 0.1428571492
106164  -31.027  10.194  -26.121 0.1428571492
108068  -29.060  12.881  -28.272 0.2857142985
108069  -30.069  12.848  -28.340 0.1428571492
107118  -30.452  12.114  -27.596 0.1428571492
70550  -25.705  -22.053  -17.401 0.1428571492
76450  -26.119  -17.239  -18.951 0.1428571492
85313  -34.067  -10.215  -22.419 0.2857142985
94904  -31.680  -0.436  -26.362 0.2857142985
106188  -31.662  10.797  -27.709 0.1428571492
68243  -22.337  -24.232  -18.927 0.2857142985
70567  -24.971  -22.562  -17.497 0.1428571492
72979  -24.461  -20.470  -18.283 0.1428571492
76468  -24.819  -17.824  -20.361 0.1428571492
80220  -26.010  -15.236  -22.066 0.2857142985
80229  -26.343  -14.801  -22.899 0.4285714328
78975  -25.889  -15.609  -21.296 0.1428571492
81291  -27.104  -13.255  -22.819 0.2857142985
85337  -30.203  -10.301  -24.625 0.4285714328
82361  -28.901  -13.046  -27.329 0.4285714328
84386  -29.154  -10.764  -27.239 0.7142857313
87298  -29.215  -6.972  -26.425 0.7142857313
89626  -28.781  -5.554  -25.264 0.8571428657
90721  -28.541  -4.675  -24.810 0.8571428657
93865  -29.103  -1.514  -24.059 0.8571428657
103250  -25.553  7.204  -24.950 0.5714285970
105200  -26.966  9.247  -24.977 0.7142857313
106175  -27.014  10.995  -26.594 0.5714285970
106197  -25.983  10.811  -28.379 0.2857142985
107128  -26.930  11.411  -28.200 0.2857142985
107125  -24.551  11.855  -28.724 0.2857142985
90754  -30.886  -3.881  -27.989 0.4285714328
76448  -24.863  -17.855  -19.977 0.1428571492
83378  -28.468  -11.526  -22.358 0.2857142985
98007  -27.963  2.549  -22.554 0.8571428657
101274  -27.231  5.344  -23.014 0.8571428657
107126  -25.287  11.479  -28.881 0.2857142985
108947  -23.957  13.475  -26.902 0.2857142985
109817  -24.441  14.653  -28.244 0.2857142985
110757  -24.594  15.644  -28.258 0.1428571492
110748  -24.970  15.769  -26.915 0.1428571492
109807  -24.293  14.274  -27.279 0.2857142985
109808  -24.671  14.893  -26.935 0.1428571492
109830  -24.879  13.682  -30.300 0.2857142985
108964  -28.262  13.196  -29.065 0.2857142985
108985  -26.407  13.092  -31.066 0.2857142985
108078  -26.878  12.464  -29.653 0.2857142985
108066  -27.125  11.778  -28.897 0.2857142985
108067  -28.086  12.528  -28.362 0.2857142985
108054  -27.928  11.972  -27.669 0.2857142985
108076  -25.136  12.252  -29.965 0.2857142985
108086  -25.345  12.423  -30.838 0.2857142985
107104  -28.474  11.710  -26.516 0.2857142985
107117  -29.736  12.249  -27.320 0.1428571492
107106  -30.899  11.430  -26.889 0.1428571492
108065  -26.349  11.610  -29.264 0.2857142985
107107  -31.387  11.136  -27.162 0.1428571492
106163  -30.423  10.274  -25.778 0.1428571492
107119  -31.213  11.527  -27.506 0.1428571492
108056  -29.679  12.497  -27.785 0.1428571492
104204  -30.694  8.534  -24.762 0.1428571492
106150  -28.971  10.246  -24.896 0.4285714328
107092  -28.178  11.280  -25.915 0.5714285970
102316  -30.538  6.346  -23.926 0.1428571492
106162  -29.560  10.524  -25.462 0.2857142985
105216  -31.002  9.604  -25.639 0.2857142985
105202  -28.932  9.472  -24.471 0.4285714328
104202  -28.418  8.692  -24.032 0.5714285970
102305  -29.762  5.560  -23.014 0.4285714328
102314  -28.924  6.380  -23.000 0.5714285970
100176  -29.952  4.239  -23.058 0.5714285970
100175  -29.375  4.276  -22.690 0.7142857313
101266  -28.973  5.027  -22.736 0.7142857313
98024  -30.200  2.516  -24.068 0.5714285970
98008  -28.725  2.556  -22.434 0.8571428657
92870  -25.827  -2.580  -24.074 0.4285714328
90718  -25.828  -4.599  -24.314 0.4285714328
94875  -28.975  -0.520  -23.640 0.8571428657
95939  -30.001  0.351  -24.690 0.4285714328
95953  -30.485  0.561  -26.042 0.5714285970
98023  -29.783  2.416  -23.349 0.8571428657
86277  -28.499  -8.778  -25.736 0.7142857313
86275  -26.702  -8.984  -24.939 0.4285714328
87285  -27.514  -7.647  -24.696 0.5714285970
88398  -26.899  -6.716  -24.500 0.5714285970
86264  -26.249  -8.261  -24.776 0.4285714328
86263  -25.882  -8.227  -24.820 0.2857142985
88400  -28.556  -6.527  -25.055 0.8571428657
93899  -30.231  -1.421  -26.564 0.5714285970
93881  -30.096  -1.209  -25.794 0.7142857313
82360  -28.086  -13.182  -27.007 0.5714285970
82351  -27.335  -12.989  -26.158 0.5714285970
90742  -31.872  -3.869  -26.358 0.4285714328
92888  -31.797  -2.386  -26.132 0.2857142985
85326  -33.065  -9.987  -23.805 0.2857142985
87301  -33.269  -7.495  -26.356 0.4285714328
89639  -33.173  -5.567  -24.720 0.4285714328
87287  -33.899  -8.077  -24.486 0.4285714328
86257  -34.525  -9.733  -23.148 0.2857142985
85324  -30.648  -9.606  -23.984 0.2857142985
85310  -31.086  -9.400  -22.895 0.2857142985
81263  -26.970  -14.270  -20.825 0.2857142985
84327  -30.015  -10.530  -21.887 0.2857142985
78955  -26.668  -15.337  -19.962 0.1428571492
82301  -28.801  -12.909  -20.798 0.2857142985
68230  -24.589  -24.669  -17.639 0.1428571492
69356  -24.876  -23.819  -17.560 0.1428571492
91828  -32.119  -3.237  -25.830 0.2857142985
69371  -25.005  -23.215  -17.510 0.1428571492
108932  -24.396  13.711  -24.746 0.1428571492
101280  -25.583  5.457  -24.471 0.5714285970
99098  -24.888  3.430  -24.621 0.4285714328
100188  -24.366  3.930  -25.079 0.4285714328
100189  -24.998  4.591  -25.075 0.5714285970
98037  -25.171  2.423  -24.286 0.4285714328
100180  -25.530  4.178  -24.141 0.5714285970
95937  -25.388  0.462  -24.068 0.4285714328
96987  -25.467  1.572  -23.905 0.4285714328
96986  -24.885  1.499  -24.540 0.4285714328
99086  -25.843  3.376  -23.433 0.5714285970
99085  -25.410  3.167  -24.016 0.5714285970
93843  -26.068  -1.596  -23.734 0.5714285970
86204  -34.561  -8.833  -20.776 0.1428571492
87244  -34.685  -8.861  -22.037 0.1428571492
88368  -34.003  -7.214  -21.984 0.1428571492
75344  -23.802  -18.864  -23.051 0.2857142985
85328  -34.435  -10.050  -22.748 0.1428571492
85234  -34.160  -9.682  -18.660 0.1428571492
86185  -34.713  -9.435  -20.357 0.1428571492
86154  -33.671  -8.799  -17.959 0.1428571492
86184  -34.359  -8.875  -19.842 0.1428571492
87179  -33.361  -7.676  -17.589 0.1428571492
84330  -33.449  -10.227  -20.982 0.1428571492
84332  -34.536  -10.258  -20.508 0.1428571492
85294  -34.130  -10.187  -21.572 0.1428571492
85255  -34.615  -9.867  -19.582 0.1428571492
84230  -33.554  -10.088  -16.571 0.1428571492
85235  -34.475  -10.248  -18.948 0.1428571492
85178  -35.080  -9.418  -14.085 0.1428571492
85190  -33.426  -9.313  -15.905 0.1428571492
86129  -34.219  -8.248  -15.215 0.1428571492
74178  -23.351  -19.395  -22.821 0.2857142985
74177  -22.652  -19.867  -22.756 0.2857142985
82303  -30.202  -12.099  -20.793 0.1428571492
83347  -31.049  -11.295  -20.688 0.1428571492
84304  -31.842  -10.714  -20.686 0.1428571492
83370  -30.179  -11.086  -21.213 0.1428571492
84305  -32.753  -10.712  -20.444 0.1428571492
83328  -34.332  -11.384  -19.311 0.1428571492
83349  -33.176  -11.264  -19.871 0.1428571492
84268  -34.262  -10.671  -18.345 0.1428571492
83351  -34.314  -10.908  -19.830 0.1428571492
83273  -33.652  -10.956  -16.516 0.1428571492
83248  -33.628  -10.929  -14.822 0.1428571492
83235  -34.686  -11.094  -13.859 0.1428571492
84205  -34.063  -10.453  -14.625 0.1428571492
74166  -23.160  -19.860  -21.811 0.2857142985
73009  -22.463  -20.454  -22.003 0.2857142985
71800  -22.113  -21.190  -21.609 0.2857142985
81266  -29.228  -13.472  -20.344 0.1428571492
81268  -30.692  -12.780  -20.479 0.1428571492
82304  -31.178  -12.346  -20.360 0.1428571492
83348  -32.029  -11.551  -19.903 0.1428571492
82237  -34.115  -11.743  -17.472 0.1428571492
82186  -33.500  -11.678  -14.935 0.1428571492
82215  -33.825  -11.822  -16.906 0.1428571492
84207  -36.090  -10.406  -14.007 0.1428571492
84193  -35.646  -10.893  -13.704 0.1428571492
80209  -28.570  -13.763  -20.249 0.1428571492
81245  -29.566  -14.010  -19.895 0.1428571492
82280  -31.856  -12.662  -19.727 0.1428571492
81247  -31.162  -13.458  -20.121 0.1428571492
82259  -33.443  -13.063  -18.736 0.1428571492
82260  -34.247  -12.499  -18.598 0.1428571492
83326  -32.878  -11.939  -19.406 0.1428571492
82238  -34.316  -12.354  -17.558 0.1428571492
82187  -33.906  -12.380  -14.320 0.1428571492
82216  -33.851  -12.670  -16.381 0.1428571492
83236  -35.217  -11.334  -13.590 0.1428571492
82174  -34.555  -11.933  -13.768 0.1428571492
80191  -28.847  -14.325  -19.709 0.1428571492
80189  -27.378  -14.783  -19.909 0.1428571492
80193  -30.905  -14.481  -19.674 0.1428571492
81246  -30.185  -13.850  -20.060 0.1428571492
81248  -32.081  -13.592  -19.548 0.1428571492
81267  -30.165  -13.082  -20.492 0.1428571492
81204  -34.452  -13.503  -17.798 0.1428571492
81224  -33.989  -13.627  -18.395 0.1428571492
81162  -33.770  -13.715  -15.657 0.1428571492
78960  -31.507  -15.434  -19.386 0.1428571492
80192  -29.929  -14.491  -19.519 0.1428571492
80169  -32.853  -14.636  -19.037 0.1428571492
80194  -31.982  -14.598  -19.650 0.1428571492
80144  -34.230  -14.486  -18.024 0.1428571492
81223  -33.197  -13.803  -18.655 0.1428571492
80123  -34.480  -14.476  -17.192 0.1428571492
82281  -32.685  -12.850  -19.193 0.1428571492
82283  -34.066  -11.998  -19.133 0.1428571492
83237  -36.079  -11.477  -13.650 0.1428571492
84208  -36.888  -10.510  -14.298 0.1428571492
83249  -34.114  -11.300  -14.353 0.1428571492
84248  -33.742  -10.430  -17.508 0.1428571492
84204  -33.664  -10.312  -15.122 0.1428571492
86225  -34.738  -9.540  -21.908 0.1428571492
87220  -33.963  -8.068  -20.434 0.1428571492
73010  -22.755  -20.363  -21.458 0.2857142985
81148  -33.814  -13.527  -14.590 0.1428571492
81136  -34.512  -13.186  -13.718 0.1428571492
83250  -36.543  -10.970  -13.986 0.1428571492
85181  -37.296  -9.933  -14.615 0.1428571492
94889  -25.585  -0.700  -23.954 0.4285714328
85179  -35.940  -9.481  -14.289 0.1428571492
85164  -34.364  -10.124  -14.473 0.1428571492
84206  -35.581  -9.924  -14.034 0.1428571492
86128  -33.575  -8.206  -15.845 0.1428571492
86113  -34.815  -8.463  -14.517 0.1428571492
88347  -33.733  -7.166  -20.926 0.1428571492
101289  -25.077  5.575  -25.463 0.4285714328
108966  -30.297  13.481  -29.122 0.1428571492
102319  -25.841  6.489  -24.475 0.4285714328
108976  -28.634  13.934  -30.151 0.1428571492
86224  -34.716  -8.988  -21.463 0.1428571492
82318  -29.742  -11.586  -21.234 0.1428571492
80190  -27.793  -14.650  -19.808 0.1428571492
82302  -29.352  -12.626  -20.801 0.1428571492
84329  -32.484  -10.131  -21.198 0.1428571492
89606  -33.659  -6.060  -23.339 0.1428571492
89628  -33.350  -5.787  -24.169 0.1428571492
85295  -34.630  -10.025  -21.221 0.1428571492
86205  -34.746  -9.499  -21.050 0.1428571492
87243  -34.286  -8.209  -21.468 0.1428571492
85254  -34.347  -9.284  -19.268 0.1428571492
86167  -34.031  -8.740  -18.968 0.1428571492
85218  -33.738  -9.710  -17.912 0.1428571492
84267  -33.886  -10.148  -18.160 0.1428571492
85272  -34.820  -9.990  -20.454 0.1428571492
85201  -33.559  -9.465  -17.111 0.1428571492
87201  -33.793  -7.996  -19.494 0.1428571492
86140  -33.381  -8.468  -16.807 0.1428571492
84306  -33.657  -10.710  -20.371 0.1428571492
84331  -34.161  -10.310  -20.801 0.1428571492
84308  -34.505  -10.509  -19.868 0.1428571492
84218  -33.504  -10.253  -15.821 0.1428571492
84288  -34.577  -10.719  -19.112 0.1428571492
85191  -33.794  -8.798  -15.405 0.1428571492
83327  -33.728  -11.695  -19.469 0.1428571492
83308  -34.403  -11.522  -18.474 0.1428571492
83289  -33.884  -11.259  -17.378 0.1428571492
83290  -34.270  -11.448  -17.866 0.1428571492
82199  -33.627  -11.802  -15.911 0.1428571492
83325  -32.310  -12.220  -19.486 0.1428571492
82200  -33.577  -12.650  -15.265 0.1428571492
82282  -33.549  -12.343  -19.088 0.1428571492
82258  -32.951  -13.354  -18.846 0.1428571492
81181  -34.309  -13.543  -16.824 0.1428571492
80099  -33.784  -14.567  -15.459 0.1428571492
81222  -32.626  -13.736  -19.049 0.1428571492
80168  -32.358  -14.154  -19.354 0.1428571492
67186  -21.310  -25.654  -18.483 0.1428571492
67187  -22.183  -25.101  -18.555 0.1428571492
67201  -20.259  -24.926  -19.438 0.1428571492
68242  -21.536  -24.784  -19.131 0.1428571492
68256  -21.594  -23.922  -19.537 0.1428571492
70576  -21.610  -22.436  -20.295 0.1428571492
69399  -21.176  -22.743  -20.509 0.1428571492
70591  -21.426  -22.052  -20.850 0.1428571492
70577  -22.061  -22.246  -19.904 0.1428571492
71783  -22.071  -21.649  -20.766 0.1428571492
70609  -21.114  -21.986  -21.256 0.1428571492
71782  -21.621  -21.775  -21.066 0.1428571492
71817  -21.236  -20.982  -22.212 0.1428571492
73021  -21.440  -20.381  -22.527 0.1428571492
73022  -22.047  -20.362  -22.630 0.1428571492
74188  -22.328  -19.014  -23.230 0.2857142985
74190  -23.426  -19.033  -23.237 0.1428571492
75358  -24.193  -18.338  -23.537 0.1428571492
74189  -23.019  -19.130  -23.343 0.2857142985
76522  -24.637  -17.674  -24.296 0.2857142985
79048  -26.410  -15.205  -26.254 0.4285714328
80271  -27.361  -15.083  -26.526 0.4285714328
81327  -27.045  -14.402  -26.272 0.4285714328
93863  -25.324  -1.650  -24.342 0.2857142985
98051  -23.755  2.831  -25.890 0.2857142985
99111  -23.900  3.571  -25.548 0.2857142985
100200  -24.313  4.586  -25.675 0.4285714328
74165  -22.773  -20.100  -22.218 0.1428571492
75356  -22.774  -18.262  -23.695 0.2857142985
69381  -21.012  -23.509  -20.139 0.1428571492
70590  -20.744  -22.125  -20.933 0.1428571492
71816  -20.864  -21.103  -21.950 0.1428571492
74176  -21.779  -19.561  -22.885 0.1428571492
75343  -21.815  -18.816  -23.086 0.1428571492
75368  -22.997  -17.947  -23.944 0.2857142985
75370  -23.878  -18.159  -24.090 0.2857142985
75369  -23.291  -18.022  -23.996 0.2857142985
76521  -23.632  -17.550  -24.423 0.2857142985
76523  -25.370  -17.112  -24.496 0.2857142985
77754  -25.494  -16.050  -25.118 0.4285714328
80261  -25.260  -14.528  -25.596 0.2857142985
91802  -25.484  -3.567  -24.472 0.2857142985
92869  -25.131  -2.613  -24.746 0.2857142985
94900  -24.481  -1.197  -25.392 0.2857142985
94888  -24.795  -0.625  -24.847 0.2857142985
95936  -24.651  0.551  -24.952 0.2857142985
97014  -23.830  1.560  -25.806 0.2857142985
97013  -23.483  1.441  -26.259 0.2857142985
99097  -24.312  3.207  -25.061 0.2857142985
93862  -24.727  -1.747  -25.024 0.2857142985
91823  -24.198  -3.438  -25.671 0.2857142985
94899  -23.984  -0.664  -25.965 0.2857142985
95950  -23.639  0.462  -26.128 0.2857142985
94887  -24.478  -0.052  -25.391 0.2857142985
95951  -24.128  0.489  -25.573 0.2857142985
97000  -23.762  1.097  -25.734 0.2857142985
97001  -24.241  1.546  -25.357 0.2857142985
93897  -23.669  -1.163  -26.542 0.2857142985
94916  -23.688  -0.831  -26.488 0.2857142985
79040  -26.120  -15.357  -25.711 0.4285714328
79049  -26.870  -15.443  -26.315 0.4285714328
72996  -22.494  -20.823  -21.168 0.1428571492
69382  -21.647  -23.006  -19.816 0.1428571492
98036  -24.558  2.451  -24.846 0.2857142985
75357  -23.492  -18.575  -23.591 0.1428571492
73008  -21.803  -20.934  -22.207 0.1428571492
68255  -20.761  -24.334  -19.627 0.1428571492
71799  -21.374  -21.576  -21.559 0.1428571492
71798  -20.580  -21.351  -21.386 0.1428571492
98069  -23.895  2.096  -25.940 0.2857142985
94898  -23.589  -0.086  -26.524 0.2857142985
81321  -26.265  -13.802  -25.875 0.2857142985
111613  -28.287  16.381  -31.341 0.1428571492
111632  -29.482  16.382  -32.936 0.1428571492
109882  -27.699  15.089  -33.033 0.1428571492
109856  -28.287  14.430  -31.566 0.1428571492
110791  -28.555  16.236  -30.540 0.1428571492
109870  -27.689  14.519  -32.191 0.1428571492
111601  -25.221  16.778  -29.958 0.1428571492
82350  -26.417  -12.802  -25.791 0.2857142985
109843  -29.547  14.538  -30.445 0.1428571492
111633  -30.469  16.663  -33.250 0.1428571492
109883  -28.420  15.050  -32.944 0.1428571492
109857  -29.016  14.681  -31.139 0.1428571492
108975  -27.323  13.199  -30.004 0.1428571492
109854  -25.721  14.451  -32.096 0.1428571492
108986  -27.608  13.877  -31.237 0.1428571492
111621  -26.572  16.162  -32.138 0.1428571492
110787  -25.470  15.522  -31.810 0.1428571492
110775  -24.764  15.793  -29.868 0.1428571492
111600  -24.672  16.625  -29.304 0.1428571492
109841  -24.822  15.137  -30.328 0.1428571492
108995  -26.956  13.894  -31.923 0.1428571492
108994  -26.137  13.846  -32.002 0.1428571492
80270  -26.542  -14.833  -26.345 0.2857142985
111631  -28.325  16.172  -32.887 0.1428571492
110790  -27.604  16.213  -30.522 0.1428571492
110808  -28.653  15.726  -33.158 0.1428571492
109869  -26.574  14.710  -32.488 0.1428571492
110806  -26.918  15.576  -32.593 0.1428571492
110779  -27.905  15.867  -29.697 0.1428571492
110788  -25.700  15.126  -32.298 0.1428571492
110800  -29.566  15.682  -32.473 0.1428571492
92883  -23.702  -2.715  -26.491 0.1428571492
92884  -23.994  -2.635  -25.907 0.1428571492
93879  -24.237  -1.782  -25.641 0.1428571492
95965  -23.131  0.516  -26.933 0.1428571492
95978  -21.296  0.686  -28.080 0.1428571492
97027  -21.751  1.540  -27.732 0.1428571492
91824  -24.743  -3.526  -25.088 0.1428571492
95964  -22.647  0.998  -27.281 0.1428571492
98080  -21.381  2.543  -27.465 0.1428571492
99141  -21.789  3.258  -27.317 0.1428571492
99140  -21.131  3.562  -27.246 0.2857142985
85347  -25.345  -9.679  -25.449 0.1428571492
89633  -24.641  -5.530  -25.421 0.1428571492
90737  -23.905  -4.022  -25.970 0.1428571492
93877  -23.579  -2.269  -26.684 0.1428571492
98068  -23.380  2.548  -26.392 0.1428571492
99127  -23.129  3.540  -26.563 0.1428571492
99126  -22.416  3.619  -27.029 0.1428571492
99125  -21.741  3.999  -27.215 0.2857142985
101296  -23.648  5.479  -26.325 0.2857142985
103259  -22.683  7.866  -25.585 0.2857142985
104208  -23.009  8.639  -25.883 0.2857142985
108034  -23.799  12.521  -25.517 0.1428571492
106138  -23.569  10.597  -23.165 0.1428571492
100201  -24.799  5.057  -25.653 0.2857142985
100217  -23.005  4.544  -26.706 0.2857142985
101297  -24.109  6.022  -26.296 0.2857142985
103261  -25.233  7.387  -26.057 0.2857142985
102332  -23.934  6.498  -26.509 0.2857142985
103265  -22.827  7.057  -25.924 0.2857142985
104221  -24.870  8.265  -27.017 0.2857142985
103266  -23.458  7.442  -26.292 0.2857142985
103258  -22.288  7.192  -25.315 0.2857142985
104197  -22.080  8.350  -24.503 0.2857142985
108026  -24.099  12.343  -24.398 0.1428571492
108016  -24.678  12.327  -23.732 0.1428571492
103257  -21.783  6.915  -24.857 0.1428571492
102318  -21.352  6.224  -24.863 0.1428571492
100232  -20.821  3.983  -27.006 0.2857142985
103249  -22.325  7.983  -24.913 0.2857142985
105210  -22.887  9.753  -25.175 0.1428571492
104198  -22.546  8.808  -24.664 0.2857142985
105198  -22.961  9.920  -23.941 0.1428571492
104191  -22.512  9.390  -23.438 0.1428571492
98066  -20.092  2.649  -26.507 0.2857142985
104189  -21.319  8.173  -23.255 0.1428571492
106134  -23.355  10.396  -22.026 0.1428571492
104184  -21.925  9.326  -22.945 0.1428571492
96984  -18.210  1.208  -24.727 0.1428571492
95981  -30.950  1.315  -27.033 0.1428571492
93866  -31.943  -1.452  -25.686 0.1428571492
90752  -23.942  -4.557  -26.144 0.1428571492
95967  -31.250  0.907  -26.864 0.1428571492
90751  -23.674  -4.234  -26.508 0.1428571492
92921  -23.176  -2.519  -27.512 0.1428571492
93915  -23.015  -1.545  -27.729 0.1428571492
94915  -23.429  -0.684  -26.962 0.1428571492
95997  -21.642  -0.107  -28.370 0.1428571492
97028  -22.373  1.420  -27.458 0.1428571492
97011  -20.239  2.178  -27.173 0.1428571492
98067  -22.752  2.783  -26.806 0.1428571492
99139  -20.630  3.442  -26.813 0.2857142985
101295  -22.694  5.519  -26.425 0.1428571492
102331  -23.216  6.393  -26.248 0.2857142985
102325  -22.579  6.354  -25.836 0.1428571492
104183  -21.533  8.748  -22.490 0.1428571492
103240  -21.372  7.883  -23.865 0.2857142985
104190  -21.655  8.749  -23.842 0.1428571492
105187  -22.461  9.761  -22.382 0.1428571492
94918  -31.059  -0.209  -26.863 0.1428571492
94919  -31.395  0.235  -26.661 0.1428571492
103268  -25.081  7.737  -26.835 0.2857142985
104220  -23.908  8.397  -26.543 0.2857142985
106147  -24.099  11.243  -24.021 0.1428571492
105192  -23.054  9.961  -22.970 0.1428571492
88409  -24.562  -6.760  -25.432 0.1428571492
90739  -24.981  -4.508  -24.866 0.1428571492
102326  -24.825  6.414  -25.889 0.2857142985
99110  -23.532  3.364  -26.102 0.1428571492
100199  -23.625  4.310  -26.141 0.1428571492
91822  -23.804  -3.412  -26.210 0.1428571492
93896  -23.442  -1.814  -26.967 0.1428571492
95980  -23.039  -0.081  -27.445 0.1428571492
91844  -23.565  -3.433  -26.808 0.1428571492
95979  -22.417  0.346  -27.885 0.1428571492
98081  -22.229  2.441  -27.347 0.1428571492
90738  -24.320  -4.404  -25.595 0.1428571492
98079  -20.694  2.681  -27.175 0.1428571492
89645  -24.089  -5.185  -26.195 0.1428571492
100216  -22.174  4.632  -26.871 0.2857142985
101288  -24.433  5.572  -26.015 0.2857142985
101287  -24.076  4.969  -26.164 0.2857142985
103247  -21.419  7.024  -24.187 0.1428571492
103260  -24.765  6.886  -26.338 0.2857142985
103267  -24.527  7.334  -26.718 0.2857142985
102324  -21.938  6.334  -25.439 0.1428571492
108922  -24.596  13.069  -23.781 0.1428571492
101294  -21.934  5.248  -26.433 0.1428571492
101286  -22.161  5.776  -25.974 0.2857142985
76504  -21.517  -17.343  -23.451 0.1428571492
76520  -22.895  -17.573  -24.167 0.1428571492
77741  -23.071  -16.788  -24.652 0.1428571492
77726  -20.961  -16.538  -23.483 0.1428571492
79011  -21.404  -15.559  -23.770 0.1428571492
79024  -21.752  -14.991  -24.133 0.1428571492
79037  -22.984  -15.064  -24.998 0.1428571492
79026  -23.305  -16.212  -24.872 0.1428571492
77742  -24.041  -16.675  -24.834 0.1428571492
80259  -23.097  -14.547  -25.440 0.1428571492
79038  -23.698  -15.662  -25.218 0.1428571492
80260  -24.054  -14.569  -25.584 0.1428571492
79039  -24.895  -15.411  -25.345 0.1428571492
80258  -22.505  -14.482  -24.898 0.1428571492
81318  -23.243  -13.593  -25.754 0.1428571492
81320  -25.215  -13.563  -25.757 0.1428571492
83400  -25.655  -11.730  -25.535 0.1428571492
84369  -26.012  -10.794  -25.368 0.1428571492
99124  -20.212  3.650  -26.186 0.1428571492
77743  -25.125  -16.955  -25.025 0.1428571492
75354  -21.336  -17.869  -23.290 0.1428571492
79012  -22.155  -16.061  -23.892 0.1428571492
80269  -26.064  -14.916  -26.072 0.1428571492
76505  -22.260  -17.430  -23.693 0.1428571492
77753  -24.584  -16.228  -25.171 0.1428571492
80262  -25.917  -14.372  -25.855 0.1428571492
77728  -22.449  -16.689  -24.137 0.1428571492
77727  -21.867  -16.565  -23.604 0.1428571492
79025  -22.505  -15.614  -24.548 0.1428571492
81317  -22.526  -13.609  -25.277 0.1428571492
80250  -21.854  -14.447  -24.435 0.1428571492
76492  -20.369  -17.521  -22.488 0.1428571492
70592  -21.776  -22.085  -20.430 0.1428571492
70608  -20.926  -21.840  -21.379 0.1428571492
77752  -24.101  -16.226  -25.144 0.1428571492
78977  -26.786  -15.050  -20.090 0.1428571492
79029  -27.587  -15.540  -25.566 0.7142857313
79043  -28.036  -15.660  -26.229 0.5714285970
79050  -27.622  -15.642  -26.263 0.5714285970
80208  -27.994  -14.070  -20.257 0.1428571492
80263  -27.876  -15.468  -25.671 0.7142857313
81330  -29.680  -13.726  -27.091 0.7142857313
81336  -29.838  -13.238  -27.137 0.7142857313
82175  -35.276  -12.301  -13.434 0.1428571492
82316  -28.418  -12.345  -21.422 0.2857142985
82367  -29.556  -12.779  -27.286 0.8571428657
83238  -36.508  -12.024  -13.758 0.1428571492
83260  -33.505  -10.990  -15.501 0.1428571492
83350  -34.000  -11.148  -19.904 0.1428571492
83368  -28.840  -11.703  -21.637 0.2857142985
83377  -28.021  -11.966  -22.350 0.2857142985
83413  -29.025  -11.999  -27.283 0.5714285970
83416  -31.702  -11.135  -27.222 0.7142857313
83423  -31.292  -11.189  -27.342 0.7142857313
84191  -34.505  -10.554  -14.191 0.1428571492
84192  -35.156  -10.403  -13.791 0.1428571492
84249  -33.977  -10.995  -17.839 0.1428571492
84307  -34.251  -10.636  -20.221 0.1428571492
84351  -28.723  -11.022  -23.241 0.2857142985
84360  -31.265  -10.679  -25.857 0.5714285970
84362  -33.310  -10.397  -25.401 0.5714285970
84373  -30.211  -11.561  -25.873 0.7142857313
84398  -31.309  -10.526  -27.442 0.7142857313
84399  -32.007  -10.472  -27.324 0.7142857313
85165  -34.648  -9.985  -14.230 0.1428571492
85176  -33.643  -9.836  -15.398 0.1428571492
85177  -34.150  -9.483  -14.856 0.1428571492
85180  -36.726  -9.630  -14.460 0.1428571492
85309  -30.086  -9.664  -23.126 0.2857142985
85314  -34.502  -10.002  -22.115 0.1428571492
85352  -31.680  -10.583  -25.686 0.5714285970
85365  -30.549  -8.957  -27.624 0.8571428657
85366  -33.145  -9.663  -26.585 0.7142857313
86115  -36.428  -8.792  -14.583 0.1428571492
86244  -34.667  -9.801  -22.563 0.1428571492
86265  -26.954  -8.291  -24.716 0.4285714328
86278  -33.077  -7.950  -27.153 0.5714285970
86294  -33.384  -9.247  -26.378 0.5714285970
86303  -30.626  -8.162  -27.776 0.8571428657
86305  -32.532  -8.948  -27.237 0.7142857313
87283  -25.876  -7.837  -24.737 0.4285714328
87299  -32.815  -7.361  -27.120 0.4285714328
87312  -29.423  -6.959  -27.222 0.7142857313
87313  -32.588  -7.323  -27.209 0.4285714328
87323  -30.376  -6.886  -28.301 0.7142857313
87332  -30.300  -6.281  -28.879 0.8571428657
88413  -32.715  -7.154  -27.074 0.4285714328
88425  -29.428  -6.023  -27.698 0.8571428657
88444  -30.039  -5.855  -29.010 0.8571428657
88445  -30.571  -5.860  -28.931 0.8571428657
88446  -30.854  -5.538  -28.702 0.8571428657
89644  -23.844  -4.855  -26.491 0.1428571492
89647  -31.217  -4.601  -27.984 0.5714285970
89661  -30.152  -5.141  -28.588 0.8571428657
89662  -30.697  -4.811  -28.413 0.5714285970
89674  -30.525  -5.374  -28.756 0.8571428657
89675  -30.787  -5.220  -28.587 0.5714285970
91846  -30.792  -3.341  -27.784 0.4285714328
91858  -23.248  -3.352  -27.352 0.1428571492
92851  -28.189  -2.284  -23.677 1.0000000000
92885  -24.519  -2.620  -25.354 0.1428571492
92903  -23.513  -2.684  -27.015 0.1428571492
92922  -29.826  -2.717  -27.058 0.5714285970
93878  -23.766  -1.858  -26.290 0.1428571492
93882  -31.090  -1.796  -27.044 0.2857142985
93914  -22.481  -1.853  -28.208 0.1428571492
93918  -30.290  -2.267  -27.225 0.5714285970
94933  -22.930  -0.563  -27.719 0.1428571492
95906  -29.582  1.093  -23.424 0.8571428657
95968  -31.786  0.613  -26.502 0.1428571492
95982  -31.126  1.337  -27.080 0.1428571492
96955  -29.510  1.668  -23.120 0.8571428657
96971  -27.724  1.684  -22.656 0.8571428657
96988  -30.136  1.002  -24.845 0.4285714328
97012  -22.846  1.741  -26.931 0.1428571492
98009  -29.384  2.444  -22.668 0.7142857313
98052  -24.117  2.614  -25.456 0.2857142985
99076  -29.699  3.662  -22.828 0.7142857313
100231  -20.672  4.026  -26.656 0.1428571492
101267  -29.688  5.013  -22.906 0.4285714328
101275  -30.056  5.379  -23.161 0.4285714328
101281  -26.046  5.948  -24.132 0.4285714328
102315  -29.906  6.128  -23.213 0.5714285970
102333  -24.447  6.453  -26.352 0.2857142985
103241  -26.683  6.826  -23.744 0.8571428657
103244  -29.339  7.151  -23.396 0.5714285970
103248  -21.839  7.747  -24.512 0.2857142985
103262  -31.418  7.616  -25.461 0.1428571492
104222  -25.271  8.153  -26.653 0.2857142985
105199  -26.636  8.949  -25.207 0.8571428657
105215  -30.292  9.580  -25.189 0.2857142985
106149  -28.181  10.135  -24.949 0.5714285970
106178  -31.398  10.572  -26.751 0.1428571492
107062  -24.670  11.534  -23.144 0.1428571492
107094  -29.586  11.165  -25.929 0.2857142985
107102  -26.930  11.174  -27.065 0.2857142985
107114  -26.630  11.115  -27.753 0.2857142985
107116  -27.913  11.683  -27.069 0.2857142985
108087  -25.758  12.480  -31.063 0.2857142985
108962  -24.764  13.118  -29.828 0.2857142985
108987  -28.367  14.215  -31.006 0.1428571492
108996  -27.368  14.103  -31.785 0.1428571492
109818  -24.543  14.803  -27.485 0.1428571492
109855  -25.901  14.956  -32.436 0.1428571492
109868  -26.101  14.296  -32.245 0.1428571492
109871  -28.831  14.979  -32.226 0.1428571492
109881  -27.270  15.252  -32.766 0.1428571492
110776  -25.143  15.691  -30.683 0.1428571492
110797  -25.817  15.995  -32.197 0.1428571492
110798  -25.985  15.522  -32.487 0.1428571492
110799  -29.050  15.524  -32.876 0.1428571492
110807  -27.704  15.671  -33.021 0.1428571492
110809  -29.834  16.133  -32.967 0.1428571492
110810  -30.690  16.366  -33.069 0.1428571492
111620  -25.884  16.113  -31.745 0.1428571492
111623  -28.956  16.559  -32.302 0.1428571492
111630  -27.436  16.035  -32.668 0.1428571492
111634  -30.861  16.576  -33.197 0.1428571492
