#!ascii label  , from subject abby vox2ras=TkReg
420
81303  -27.303  -13.690  -23.923 0.0000000000
83402  -27.498  -12.012  -26.395 0.0000000000
98037  -25.171  2.423  -24.286 0.0000000000
92850  -27.504  -2.276  -23.582 0.0000000000
88436  -29.709  -5.862  -28.526 0.0000000000
85354  -33.632  -9.864  -25.471 0.0000000000
100200  -24.313  4.586  -25.675 0.0000000000
91825  -28.762  -4.058  -25.084 0.0000000000
87286  -28.262  -7.307  -24.900 0.0000000000
81323  -28.695  -14.411  -26.432 0.0000000000
83415  -31.340  -11.655  -27.082 0.0000000000
84359  -30.553  -10.805  -25.513 0.0000000000
75332  -23.793  -19.003  -22.215 0.0000000000
79027  -26.209  -15.670  -25.170 0.0000000000
107100  -23.851  10.792  -26.694 0.0000000000
105226  -25.381  9.092  -26.639 0.0000000000
104200  -26.551  8.510  -24.875 0.0000000000
102312  -26.927  6.255  -23.420 0.0000000000
100174  -28.596  4.255  -22.605 0.0000000000
95922  -26.367  0.484  -23.403 0.0000000000
95905  -29.217  0.983  -22.940 0.0000000000
94901  -30.089  -0.585  -25.189 0.0000000000
92924  -30.436  -2.573  -27.399 0.0000000000
90756  -31.961  -4.490  -26.601 0.0000000000
85363  -29.467  -9.490  -27.080 0.0000000000
87314  -32.260  -7.485  -27.382 0.0000000000
89623  -26.188  -5.767  -24.461 0.0000000000
87295  -25.179  -7.399  -24.828 0.0000000000
81313  -28.287  -14.432  -25.500 0.0000000000
83403  -29.408  -12.916  -26.168 0.0000000000
83392  -28.881  -12.140  -25.039 0.0000000000
70565  -23.294  -22.263  -18.480 0.0000000000
71760  -23.857  -21.346  -18.317 0.0000000000
74131  -23.807  -19.871  -19.108 0.0000000000
79040  -26.120  -15.357  -25.711 0.0000000000
77754  -25.494  -16.050  -25.118 0.0000000000
105212  -26.327  9.090  -25.797 0.0000000000
100188  -24.366  3.930  -25.079 0.0000000000
101280  -25.583  5.457  -24.471 0.0000000000
100181  -26.071  4.358  -23.419 0.0000000000
101274  -27.231  5.344  -23.014 0.0000000000
99087  -26.706  3.558  -22.945 0.0000000000
94872  -26.335  -0.650  -23.565 0.0000000000
95923  -27.631  0.548  -22.930 0.0000000000
94874  -28.197  -0.475  -23.305 0.0000000000
95925  -29.451  0.414  -23.724 0.0000000000
93865  -29.103  -1.514  -24.059 0.0000000000
90741  -29.399  -4.434  -26.366 0.0000000000
91845  -29.589  -3.495  -26.737 0.0000000000
90768  -30.043  -4.259  -27.952 0.0000000000
91847  -31.084  -3.162  -27.429 0.0000000000
89663  -31.113  -5.220  -28.336 0.0000000000
84370  -26.991  -10.918  -25.658 0.0000000000
85350  -28.188  -9.826  -25.806 0.0000000000
84385  -28.555  -11.259  -26.898 0.0000000000
84390  -32.757  -10.305  -26.653 0.0000000000
85374  -32.172  -9.528  -27.393 0.0000000000
86293  -33.117  -8.936  -26.790 0.0000000000
87301  -33.269  -7.495  -26.356 0.0000000000
87287  -33.899  -8.077  -24.486 0.0000000000
75320  -24.422  -18.403  -20.741 0.0000000000
75345  -24.350  -18.456  -22.662 0.0000000000
76483  -25.081  -17.105  -21.639 0.0000000000
77715  -25.562  -16.487  -22.967 0.0000000000
91803  -26.448  -3.560  -23.851 0.0000000000
91787  -28.328  -2.768  -23.945 0.0000000000
90720  -27.888  -4.684  -24.259 0.0000000000
89625  -28.193  -5.635  -24.671 0.0000000000
88411  -29.065  -6.389  -25.808 0.0000000000
81329  -28.884  -14.129  -27.105 0.0000000000
83421  -29.775  -11.890  -27.395 0.0000000000
82362  -30.069  -13.063  -27.032 0.0000000000
84374  -30.923  -11.338  -26.406 0.0000000000
85353  -32.118  -10.504  -25.589 0.0000000000
75302  -24.028  -18.986  -20.198 0.0000000000
81322  -27.049  -13.679  -26.013 0.0000000000
80271  -27.361  -15.083  -26.526 0.0000000000
79042  -27.816  -15.856  -25.947 0.0000000000
80251  -26.933  -15.112  -24.471 0.0000000000
108052  -24.166  12.523  -27.446 0.0000000000
105224  -23.375  9.482  -26.164 0.0000000000
106172  -24.359  10.118  -27.143 0.0000000000
106174  -26.328  10.649  -27.005 0.0000000000
106160  -27.377  10.594  -25.851 0.0000000000
105201  -27.866  9.413  -24.551 0.0000000000
102327  -25.314  6.441  -25.205 0.0000000000
103252  -27.087  7.959  -24.129 0.0000000000
104202  -28.418  8.692  -24.032 0.0000000000
104194  -29.391  7.768  -23.666 0.0000000000
102304  -29.333  5.658  -22.892 0.0000000000
101268  -30.164  4.840  -23.245 0.0000000000
96987  -25.467  1.572  -23.905 0.0000000000
98022  -27.173  2.513  -22.790 0.0000000000
98008  -28.725  2.556  -22.434 0.0000000000
99089  -30.083  3.359  -23.377 0.0000000000
96973  -30.242  1.995  -24.586 0.0000000000
94917  -30.670  -0.394  -26.613 0.0000000000
92886  -29.425  -2.530  -25.426 0.0000000000
93899  -30.231  -1.421  -26.564 0.0000000000
86275  -26.702  -8.984  -24.939 0.0000000000
87296  -28.206  -8.054  -25.120 0.0000000000
87311  -29.157  -7.642  -26.738 0.0000000000
84387  -29.901  -10.324  -27.279 0.0000000000
86291  -30.243  -8.707  -27.663 0.0000000000
88437  -30.770  -6.473  -28.688 0.0000000000
89637  -32.519  -5.917  -26.579 0.0000000000
89638  -32.865  -5.323  -25.411 0.0000000000
77729  -25.762  -16.599  -24.047 0.0000000000
78999  -26.062  -15.660  -23.312 0.0000000000
80229  -26.343  -14.801  -22.899 0.0000000000
82339  -27.998  -13.570  -24.648 0.0000000000
82333  -28.294  -12.733  -24.508 0.0000000000
83387  -28.273  -11.820  -23.698 0.0000000000
82332  -27.659  -12.687  -23.553 0.0000000000
70566  -24.138  -22.306  -17.860 0.0000000000
71759  -22.960  -21.421  -18.937 0.0000000000
99098  -24.888  3.430  -24.621 0.0000000000
100180  -25.530  4.178  -24.141 0.0000000000
99085  -25.410  3.167  -24.016 0.0000000000
99086  -25.843  3.376  -23.433 0.0000000000
92849  -26.664  -2.428  -23.675 0.0000000000
93843  -26.068  -1.596  -23.734 0.0000000000
93844  -26.966  -1.476  -23.568 0.0000000000
94873  -27.246  -0.497  -23.383 0.0000000000
93845  -27.913  -1.430  -23.476 0.0000000000
93846  -28.591  -1.156  -23.579 0.0000000000
93864  -28.535  -1.767  -23.715 0.0000000000
89636  -29.516  -5.257  -27.032 0.0000000000
90753  -29.727  -4.314  -27.298 0.0000000000
89646  -29.743  -5.133  -27.942 0.0000000000
90769  -30.433  -4.328  -28.125 0.0000000000
89673  -30.279  -5.562  -28.909 0.0000000000
84371  -27.901  -10.943  -26.230 0.0000000000
83412  -28.329  -12.104  -26.908 0.0000000000
84377  -33.246  -10.254  -25.984 0.0000000000
84391  -33.198  -10.030  -26.364 0.0000000000
85367  -33.426  -9.657  -26.135 0.0000000000
86280  -33.705  -8.692  -25.922 0.0000000000
86266  -33.984  -9.372  -24.665 0.0000000000
76482  -24.778  -17.810  -21.214 0.0000000000
90718  -25.828  -4.599  -24.314 0.0000000000
91804  -27.532  -3.791  -23.797 0.0000000000
90719  -26.864  -4.714  -24.088 0.0000000000
88398  -26.899  -6.716  -24.500 0.0000000000
89624  -27.313  -5.685  -24.437 0.0000000000
88399  -27.833  -6.599  -24.611 0.0000000000
88400  -28.556  -6.527  -25.055 0.0000000000
81335  -29.449  -13.486  -27.244 0.0000000000
81324  -29.453  -14.162  -26.941 0.0000000000
83393  -29.652  -12.021  -25.779 0.0000000000
83404  -30.216  -12.377  -26.682 0.0000000000
84375  -31.829  -10.888  -26.223 0.0000000000
85338  -31.377  -10.224  -25.063 0.0000000000
85337  -30.203  -10.301  -24.625 0.0000000000
69368  -22.735  -23.188  -18.749 0.0000000000
74144  -23.714  -19.637  -19.539 0.0000000000
74145  -24.296  -19.079  -19.468 0.0000000000
81327  -27.045  -14.402  -26.272 0.0000000000
79041  -26.985  -15.794  -25.888 0.0000000000
79028  -26.964  -15.561  -25.182 0.0000000000
80252  -27.460  -15.110  -25.070 0.0000000000
107101  -24.083  11.451  -27.018 0.0000000000
107112  -24.659  11.633  -28.068 0.0000000000
106185  -24.784  10.656  -27.822 0.0000000000
105225  -24.236  9.259  -26.714 0.0000000000
106173  -25.385  10.091  -27.273 0.0000000000
106186  -25.606  10.637  -28.142 0.0000000000
106187  -26.187  10.737  -28.070 0.0000000000
105227  -25.986  9.761  -26.581 0.0000000000
104210  -26.162  8.479  -25.507 0.0000000000
105213  -26.905  9.796  -25.527 0.0000000000
106148  -27.436  9.879  -25.114 0.0000000000
105200  -26.966  9.247  -24.977 0.0000000000
101289  -25.077  5.575  -25.463 0.0000000000
102320  -26.345  6.403  -23.920 0.0000000000
103242  -27.281  7.152  -23.578 0.0000000000
104192  -27.875  7.998  -23.697 0.0000000000
104193  -28.826  7.918  -23.582 0.0000000000
103243  -28.348  7.172  -23.306 0.0000000000
101265  -28.156  5.142  -22.808 0.0000000000
102303  -28.654  5.706  -22.831 0.0000000000
101266  -28.973  5.027  -22.736 0.0000000000
102305  -29.762  5.560  -23.014 0.0000000000
100175  -29.375  4.276  -22.690 0.0000000000
94889  -25.585  -0.700  -23.954 0.0000000000
95937  -25.388  0.462  -24.068 0.0000000000
95921  -25.753  1.018  -23.609 0.0000000000
96969  -26.035  1.590  -23.397 0.0000000000
96970  -26.853  1.543  -22.994 0.0000000000
95904  -28.462  1.146  -22.659 0.0000000000
96953  -28.383  1.912  -22.479 0.0000000000
96954  -29.043  1.720  -22.500 0.0000000000
99088  -29.701  3.042  -22.835 0.0000000000
98023  -29.783  2.416  -23.349 0.0000000000
98024  -30.200  2.516  -24.068 0.0000000000
96972  -30.008  1.413  -24.074 0.0000000000
94890  -29.554  -0.570  -24.377 0.0000000000
95939  -30.001  0.351  -24.690 0.0000000000
95952  -30.305  0.105  -25.436 0.0000000000
95953  -30.485  0.561  -26.042 0.0000000000
94902  -30.382  -0.502  -25.981 0.0000000000
91805  -28.487  -3.423  -24.461 0.0000000000
92872  -29.018  -2.377  -24.685 0.0000000000
91806  -28.921  -2.929  -25.091 0.0000000000
92923  -30.112  -2.691  -27.418 0.0000000000
93916  -29.945  -2.171  -26.690 0.0000000000
93917  -30.121  -2.096  -27.044 0.0000000000
93900  -30.610  -1.599  -27.026 0.0000000000
90742  -31.872  -3.869  -26.358 0.0000000000
90743  -32.316  -4.237  -25.704 0.0000000000
86274  -25.612  -8.560  -25.037 0.0000000000
85351  -28.756  -9.648  -26.563 0.0000000000
86277  -28.499  -8.778  -25.736 0.0000000000
86289  -29.017  -8.543  -26.598 0.0000000000
83422  -30.641  -11.755  -27.353 0.0000000000
84396  -30.021  -11.116  -27.421 0.0000000000
84397  -30.637  -10.685  -27.416 0.0000000000
86304  -31.831  -8.434  -27.550 0.0000000000
85373  -31.206  -9.478  -27.547 0.0000000000
86302  -30.118  -7.465  -27.870 0.0000000000
87324  -31.270  -7.134  -27.935 0.0000000000
88427  -32.116  -6.546  -27.473 0.0000000000
88426  -32.475  -7.089  -27.193 0.0000000000
88416  -33.359  -6.169  -24.989 0.0000000000
88415  -33.082  -6.498  -25.926 0.0000000000
89639  -33.173  -5.567  -24.720 0.0000000000
78990  -25.751  -15.620  -22.046 0.0000000000
80228  -26.071  -15.232  -22.411 0.0000000000
79000  -26.406  -15.182  -23.496 0.0000000000
88397  -25.965  -6.941  -24.602 0.0000000000
87284  -26.570  -7.620  -24.614 0.0000000000
82352  -29.276  -13.805  -26.517 0.0000000000
82340  -28.748  -13.494  -25.560 0.0000000000
84358  -29.540  -11.051  -24.975 0.0000000000
85336  -29.611  -10.440  -24.319 0.0000000000
84357  -28.801  -11.239  -24.201 0.0000000000
69369  -23.625  -23.194  -18.119 0.0000000000
72988  -23.131  -20.237  -19.914 0.0000000000
72978  -23.544  -20.374  -18.973 0.0000000000
79048  -26.410  -15.205  -26.254 0.0000000000
106171  -23.675  10.257  -26.449 0.0000000000
105211  -25.869  8.852  -26.197 0.0000000000
104209  -25.747  8.428  -26.030 0.0000000000
104199  -25.911  7.912  -25.274 0.0000000000
100189  -24.998  4.591  -25.075 0.0000000000
101272  -25.753  4.891  -23.809 0.0000000000
101273  -26.269  5.441  -23.573 0.0000000000
102313  -27.900  6.215  -22.994 0.0000000000
100182  -26.724  4.611  -23.039 0.0000000000
100173  -27.593  4.234  -22.754 0.0000000000
95938  -25.870  -0.104  -23.650 0.0000000000
95924  -28.716  0.269  -23.044 0.0000000000
94875  -28.975  -0.520  -23.640 0.0000000000
93880  -29.700  -1.571  -25.016 0.0000000000
90740  -28.983  -4.615  -25.502 0.0000000000
91826  -29.198  -3.531  -25.585 0.0000000000
91859  -29.923  -3.432  -27.454 0.0000000000
91860  -30.420  -3.421  -27.730 0.0000000000
91861  -30.752  -3.027  -27.643 0.0000000000
90754  -30.886  -3.881  -27.989 0.0000000000
90755  -31.347  -4.103  -27.139 0.0000000000
85349  -27.350  -9.928  -25.382 0.0000000000
84372  -28.475  -10.485  -26.595 0.0000000000
84389  -32.030  -11.036  -26.758 0.0000000000
83424  -31.628  -10.909  -27.364 0.0000000000
84400  -32.476  -10.029  -27.176 0.0000000000
85375  -32.749  -9.601  -27.037 0.0000000000
86292  -32.763  -8.205  -27.226 0.0000000000
87300  -32.938  -7.559  -27.102 0.0000000000
86279  -33.332  -8.127  -26.893 0.0000000000
87302  -33.449  -7.296  -25.307 0.0000000000
88401  -33.747  -6.741  -24.278 0.0000000000
75333  -24.385  -18.469  -21.703 0.0000000000
76493  -24.857  -17.888  -22.172 0.0000000000
76494  -25.198  -17.219  -22.619 0.0000000000
77707  -25.345  -16.491  -22.074 0.0000000000
92870  -25.827  -2.580  -24.074 0.0000000000
91785  -27.230  -3.022  -23.642 0.0000000000
91786  -27.945  -2.970  -23.707 0.0000000000
90721  -28.541  -4.675  -24.810 0.0000000000
89626  -28.781  -5.554  -25.264 0.0000000000
89635  -29.218  -5.415  -26.082 0.0000000000
88412  -29.307  -6.180  -26.725 0.0000000000
82360  -28.086  -13.182  -27.007 0.0000000000
82361  -28.901  -13.046  -27.329 0.0000000000
82368  -30.142  -12.602  -27.176 0.0000000000
83414  -30.605  -12.296  -27.065 0.0000000000
82353  -29.787  -13.509  -26.887 0.0000000000
83405  -31.046  -11.975  -26.880 0.0000000000
84388  -31.483  -11.431  -26.780 0.0000000000
84376  -32.748  -10.687  -25.835 0.0000000000
84361  -33.165  -10.494  -25.203 0.0000000000
85340  -33.627  -10.237  -24.605 0.0000000000
85339  -32.661  -10.286  -24.918 0.0000000000
85323  -29.715  -10.005  -23.791 0.0000000000
68244  -23.217  -24.226  -18.347 0.0000000000
75319  -23.888  -19.078  -21.203 0.0000000000
74155  -23.462  -19.672  -20.570 0.0000000000
75303  -24.670  -18.279  -19.793 0.0000000000
82351  -27.335  -12.989  -26.158 0.0000000000
81328  -27.762  -14.182  -26.563 0.0000000000
80272  -28.088  -15.167  -26.366 0.0000000000
79049  -26.870  -15.443  -26.315 0.0000000000
79051  -27.879  -15.819  -26.317 0.0000000000
80264  -28.245  -15.346  -25.988 0.0000000000
80253  -27.951  -14.945  -25.443 0.0000000000
81312  -27.711  -14.390  -24.788 0.0000000000
81311  -27.107  -14.522  -24.223 0.0000000000
107091  -23.718  11.998  -26.273 0.0000000000
106196  -25.804  11.002  -28.495 0.0000000000
106159  -26.543  10.012  -26.111 0.0000000000
106175  -27.014  10.995  -26.594 0.0000000000
107103  -27.579  11.329  -26.609 0.0000000000
107092  -28.178  11.280  -25.915 0.0000000000
106161  -28.546  10.731  -25.425 0.0000000000
106150  -28.971  10.246  -24.896 0.0000000000
103250  -25.553  7.204  -24.950 0.0000000000
102319  -25.841  6.489  -24.475 0.0000000000
103251  -26.335  7.359  -24.291 0.0000000000
104201  -27.445  8.664  -24.339 0.0000000000
105202  -28.932  9.472  -24.471 0.0000000000
105203  -29.852  9.205  -24.595 0.0000000000
103253  -29.782  7.546  -23.764 0.0000000000
102314  -28.924  6.380  -23.000 0.0000000000
96986  -24.885  1.499  -24.540 0.0000000000
98020  -25.657  2.437  -23.639 0.0000000000
98021  -26.331  2.501  -23.129 0.0000000000
99073  -27.535  3.253  -22.686 0.0000000000
98007  -27.963  2.549  -22.554 0.0000000000
99074  -28.267  3.378  -22.551 0.0000000000
99075  -29.161  3.377  -22.515 0.0000000000
100176  -29.952  4.239  -23.058 0.0000000000
96989  -30.304  1.534  -25.294 0.0000000000
97002  -30.528  1.594  -26.427 0.0000000000
95966  -30.842  0.811  -26.780 0.0000000000
92871  -28.630  -2.363  -24.062 0.0000000000
92904  -29.640  -2.724  -26.293 0.0000000000
93898  -29.863  -1.943  -26.002 0.0000000000
93881  -30.096  -1.209  -25.794 0.0000000000
92887  -31.294  -2.416  -26.864 0.0000000000
86264  -26.249  -8.261  -24.776 0.0000000000
87285  -27.514  -7.647  -24.696 0.0000000000
86276  -27.675  -8.823  -25.087 0.0000000000
87297  -28.748  -7.542  -25.768 0.0000000000
87298  -29.215  -6.972  -26.425 0.0000000000
87322  -29.788  -6.792  -28.039 0.0000000000
84386  -29.154  -10.764  -27.239 0.0000000000
85372  -30.858  -10.066  -27.456 0.0000000000
85364  -30.299  -9.488  -27.440 0.0000000000
86290  -29.711  -8.147  -27.466 0.0000000000
87331  -29.966  -6.337  -28.727 0.0000000000
88438  -31.312  -6.009  -28.407 0.0000000000
89648  -31.837  -5.218  -27.450 0.0000000000
89649  -32.374  -5.018  -26.376 0.0000000000
88414  -32.729  -6.892  -26.810 0.0000000000
77744  -25.825  -16.598  -24.896 0.0000000000
79013  -26.181  -15.919  -24.496 0.0000000000
79014  -26.540  -15.411  -24.111 0.0000000000
80241  -26.655  -14.842  -23.743 0.0000000000
81302  -26.755  -14.110  -23.324 0.0000000000
79029  -27.587  -15.540  -25.566 0.0000000000
79043  -28.036  -15.660  -26.229 0.0000000000
79050  -27.622  -15.642  -26.263 0.0000000000
80263  -27.876  -15.468  -25.671 0.0000000000
81330  -29.680  -13.726  -27.091 0.0000000000
81336  -29.838  -13.238  -27.137 0.0000000000
82367  -29.556  -12.779  -27.286 0.0000000000
83413  -29.025  -11.999  -27.283 0.0000000000
83416  -31.702  -11.135  -27.222 0.0000000000
83423  -31.292  -11.189  -27.342 0.0000000000
84360  -31.265  -10.679  -25.857 0.0000000000
84362  -33.310  -10.397  -25.401 0.0000000000
84373  -30.211  -11.561  -25.873 0.0000000000
84398  -31.309  -10.526  -27.442 0.0000000000
84399  -32.007  -10.472  -27.324 0.0000000000
85352  -31.680  -10.583  -25.686 0.0000000000
85365  -30.549  -8.957  -27.624 0.0000000000
85366  -33.145  -9.663  -26.585 0.0000000000
86263  -25.882  -8.227  -24.820 0.0000000000
86265  -26.954  -8.291  -24.716 0.0000000000
86278  -33.077  -7.950  -27.153 0.0000000000
86294  -33.384  -9.247  -26.378 0.0000000000
86303  -30.626  -8.162  -27.776 0.0000000000
86305  -32.532  -8.948  -27.237 0.0000000000
87283  -25.876  -7.837  -24.737 0.0000000000
87299  -32.815  -7.361  -27.120 0.0000000000
87312  -29.423  -6.959  -27.222 0.0000000000
87313  -32.588  -7.323  -27.209 0.0000000000
87323  -30.376  -6.886  -28.301 0.0000000000
87332  -30.300  -6.281  -28.879 0.0000000000
88413  -32.715  -7.154  -27.074 0.0000000000
88425  -29.428  -6.023  -27.698 0.0000000000
88444  -30.039  -5.855  -29.010 0.0000000000
88445  -30.571  -5.860  -28.931 0.0000000000
88446  -30.854  -5.538  -28.702 0.0000000000
89647  -31.217  -4.601  -27.984 0.0000000000
89661  -30.152  -5.141  -28.588 0.0000000000
89662  -30.697  -4.811  -28.413 0.0000000000
89674  -30.525  -5.374  -28.756 0.0000000000
89675  -30.787  -5.220  -28.587 0.0000000000
91846  -30.792  -3.341  -27.784 0.0000000000
92851  -28.189  -2.284  -23.677 0.0000000000
92922  -29.826  -2.717  -27.058 0.0000000000
93918  -30.290  -2.267  -27.225 0.0000000000
95906  -29.582  1.093  -23.424 0.0000000000
96955  -29.510  1.668  -23.120 0.0000000000
96971  -27.724  1.684  -22.656 0.0000000000
96988  -30.136  1.002  -24.845 0.0000000000
98009  -29.384  2.444  -22.668 0.0000000000
99076  -29.699  3.662  -22.828 0.0000000000
100201  -24.799  5.057  -25.653 0.0000000000
101267  -29.688  5.013  -22.906 0.0000000000
101275  -30.056  5.379  -23.161 0.0000000000
101281  -26.046  5.948  -24.132 0.0000000000
102315  -29.906  6.128  -23.213 0.0000000000
103241  -26.683  6.826  -23.744 0.0000000000
103244  -29.339  7.151  -23.396 0.0000000000
105199  -26.636  8.949  -25.207 0.0000000000
106149  -28.181  10.135  -24.949 0.0000000000
108042  -23.841  12.594  -26.514 0.0000000000
