#!ascii label  , from subject abby vox2ras=TkReg
2116
72959  51.700  -14.967  25.843 0.0000000000
46749  43.502  -37.735  43.664 0.0000000000
41298  36.796  -42.691  51.311 0.0000000000
44597  29.289  -39.237  48.633 0.0000000000
47593  39.807  -36.677  53.912 0.0000000000
47783  33.610  -36.077  43.408 0.0000000000
69552  43.557  -17.362  27.794 0.0000000000
77147  57.557  -10.885  23.210 0.0000000000
65094  47.593  -21.233  36.319 0.0000000000
54543  41.871  -30.177  34.482 0.0000000000
48901  33.879  -35.384  32.386 0.0000000000
42417  33.987  -41.708  55.774 0.0000000000
41313  33.246  -42.469  49.881 0.0000000000
46553  31.070  -38.151  55.277 0.0000000000
47598  33.751  -37.122  53.336 0.0000000000
69399  50.684  -17.499  38.812 0.0000000000
48727  48.174  -35.593  46.683 0.0000000000
49747  49.433  -34.087  41.626 0.0000000000
55678  48.355  -29.499  38.518 0.0000000000
49793  42.697  -34.075  38.410 0.0000000000
50979  37.780  -33.720  33.710 0.0000000000
46803  38.415  -37.948  38.124 0.0000000000
41388  33.094  -42.930  43.001 0.0000000000
44695  29.890  -39.309  38.524 0.0000000000
73981  54.661  -13.197  24.147 0.0000000000
76172  52.858  -11.572  18.589 0.0000000000
38972  36.382  -44.554  45.513 0.0000000000
36866  36.917  -46.933  49.175 0.0000000000
45628  43.204  -38.487  48.603 0.0000000000
47801  39.263  -37.077  42.794 0.0000000000
48672  37.487  -35.591  48.908 0.0000000000
44613  33.317  -38.841  47.785 0.0000000000
70750  47.669  -16.503  26.872 0.0000000000
43526  27.213  -41.058  54.795 0.0000000000
41316  25.438  -42.234  49.168 0.0000000000
73910  56.784  -13.375  30.482 0.0000000000
71810  53.571  -15.506  31.898 0.0000000000
70647  49.517  -16.496  33.460 0.0000000000
67328  46.344  -19.520  32.021 0.0000000000
63980  45.785  -21.841  32.498 0.0000000000
63863  52.157  -23.059  40.167 0.0000000000
61584  46.354  -24.526  37.069 0.0000000000
60547  40.550  -25.745  32.550 0.0000000000
57079  36.102  -28.628  31.621 0.0000000000
47851  34.424  -36.500  38.247 0.0000000000
46517  32.881  -38.021  57.844 0.0000000000
43515  31.991  -40.443  55.966 0.0000000000
45498  30.482  -37.293  58.275 0.0000000000
46515  35.016  -37.559  57.010 0.0000000000
46729  46.671  -37.533  45.298 0.0000000000
48799  46.403  -35.172  42.812 0.0000000000
50907  46.237  -33.869  40.086 0.0000000000
48835  43.075  -35.404  41.383 0.0000000000
48862  40.466  -35.404  38.104 0.0000000000
46784  40.652  -37.838  40.681 0.0000000000
37915  34.140  -44.681  41.799 0.0000000000
40203  32.535  -43.902  39.343 0.0000000000
72957  53.153  -14.228  25.061 0.0000000000
73992  51.807  -13.775  22.711 0.0000000000
72977  50.762  -14.386  22.598 0.0000000000
41338  37.094  -43.026  47.951 0.0000000000
37851  37.778  -45.903  48.045 0.0000000000
38909  37.363  -44.570  50.135 0.0000000000
43601  31.261  -40.552  49.249 0.0000000000
40127  32.985  -43.092  47.212 0.0000000000
42533  30.891  -41.154  46.151 0.0000000000
43649  27.850  -40.242  44.472 0.0000000000
48670  43.323  -35.807  49.369 0.0000000000
46628  41.799  -37.485  50.827 0.0000000000
47684  40.731  -36.744  48.765 0.0000000000
46617  39.222  -37.130  51.813 0.0000000000
44548  33.946  -40.038  51.878 0.0000000000
46631  33.336  -37.358  50.634 0.0000000000
43599  35.291  -41.218  49.243 0.0000000000
42539  35.469  -42.060  46.458 0.0000000000
70735  46.175  -16.372  27.664 0.0000000000
70781  45.387  -17.264  23.685 0.0000000000
68418  44.013  -18.612  24.293 0.0000000000
40084  23.459  -43.199  51.284 0.0000000000
70662  51.244  -16.186  32.251 0.0000000000
70606  52.638  -16.554  35.521 0.0000000000
68246  46.907  -19.008  37.491 0.0000000000
68275  47.421  -18.237  35.197 0.0000000000
66264  47.035  -20.286  34.203 0.0000000000
65169  47.217  -21.115  31.169 0.0000000000
63951  49.143  -21.800  33.541 0.0000000000
54521  45.158  -29.927  36.518 0.0000000000
59379  46.773  -26.825  38.038 0.0000000000
58229  44.082  -27.585  35.833 0.0000000000
60517  42.802  -25.738  34.547 0.0000000000
57046  41.594  -28.363  33.530 0.0000000000
57076  38.665  -28.043  31.614 0.0000000000
55736  39.067  -29.704  33.359 0.0000000000
51036  35.898  -33.411  30.453 0.0000000000
48780  36.637  -35.613  43.791 0.0000000000
47829  37.329  -37.019  40.500 0.0000000000
48841  33.671  -35.856  40.673 0.0000000000
46837  29.800  -37.880  36.193 0.0000000000
78349  59.497  -9.400  19.754 0.0000000000
77183  57.344  -10.010  20.811 0.0000000000
42448  35.385  -42.702  53.333 0.0000000000
40079  35.610  -43.576  51.947 0.0000000000
41279  33.657  -42.825  53.303 0.0000000000
43552  31.736  -40.442  52.598 0.0000000000
45589  30.497  -38.641  51.975 0.0000000000
48600  38.030  -35.295  54.902 0.0000000000
47595  36.709  -36.558  53.809 0.0000000000
47566  36.286  -36.527  55.668 0.0000000000
44518  33.755  -39.772  54.518 0.0000000000
70546  52.715  -16.830  38.663 0.0000000000
67248  46.940  -19.857  38.813 0.0000000000
52186  49.479  -32.040  39.824 0.0000000000
52207  45.406  -32.311  38.049 0.0000000000
52239  41.928  -32.102  36.605 0.0000000000
53433  38.680  -31.703  35.181 0.0000000000
49807  40.249  -34.099  36.087 0.0000000000
48874  38.732  -35.889  35.492 0.0000000000
46848  36.663  -36.912  34.532 0.0000000000
44659  32.285  -39.539  43.648 0.0000000000
46779  31.916  -37.340  41.559 0.0000000000
43667  30.597  -40.660  41.325 0.0000000000
75057  56.168  -12.223  24.198 0.0000000000
76151  55.366  -11.342  21.546 0.0000000000
75070  53.681  -12.229  21.684 0.0000000000
40117  35.135  -43.973  48.696 0.0000000000
46671  45.731  -37.572  47.419 0.0000000000
44623  44.046  -39.459  46.224 0.0000000000
44657  40.989  -39.586  43.213 0.0000000000
46711  41.930  -37.603  45.595 0.0000000000
47720  38.960  -35.751  46.474 0.0000000000
48733  35.388  -35.884  46.569 0.0000000000
48644  35.755  -35.877  51.370 0.0000000000
47687  34.292  -36.329  48.977 0.0000000000
46691  32.903  -36.850  46.168 0.0000000000
43636  33.763  -40.573  45.451 0.0000000000
40160  35.201  -43.691  44.087 0.0000000000
71877  49.781  -15.589  26.369 0.0000000000
71908  49.610  -15.322  23.477 0.0000000000
70779  47.105  -16.198  24.111 0.0000000000
45555  28.630  -38.454  54.343 0.0000000000
44553  27.854  -39.731  50.953 0.0000000000
42488  26.610  -41.676  51.521 0.0000000000
43615  27.034  -40.519  48.038 0.0000000000
75017  56.981  -12.120  26.782 0.0000000000
73947  55.767  -13.003  27.235 0.0000000000
73938  53.981  -13.905  28.437 0.0000000000
72919  52.348  -14.849  28.764 0.0000000000
71838  50.800  -15.719  29.431 0.0000000000
70688  48.411  -16.016  30.087 0.0000000000
70690  46.308  -16.858  30.826 0.0000000000
70608  50.193  -16.986  35.742 0.0000000000
70649  47.571  -17.248  33.296 0.0000000000
68361  45.246  -18.727  30.734 0.0000000000
66320  45.608  -20.514  29.942 0.0000000000
65188  43.707  -21.438  30.188 0.0000000000
65070  49.385  -21.972  38.206 0.0000000000
59358  50.596  -26.673  39.487 0.0000000000
61571  50.093  -23.962  37.792 0.0000000000
62706  50.087  -22.477  35.889 0.0000000000
62741  46.503  -22.970  34.883 0.0000000000
63958  42.728  -23.247  33.591 0.0000000000
54567  36.090  -30.931  33.024 0.0000000000
44683  38.898  -39.253  40.733 0.0000000000
45752  36.014  -38.134  37.518 0.0000000000
47880  34.083  -36.228  35.434 0.0000000000
47865  30.837  -36.981  38.427 0.0000000000
47882  31.453  -36.046  35.657 0.0000000000
45496  31.641  -38.096  58.223 0.0000000000
47534  30.920  -36.509  58.550 0.0000000000
46731  44.686  -37.634  44.438 0.0000000000
47775  46.756  -36.337  44.303 0.0000000000
47777  44.882  -36.443  43.689 0.0000000000
49736  44.468  -35.264  42.104 0.0000000000
48803  43.267  -36.136  42.357 0.0000000000
47827  41.388  -36.670  40.806 0.0000000000
46763  42.387  -37.789  42.512 0.0000000000
72958  52.439  -14.569  25.402 0.0000000000
72967  52.463  -14.251  24.319 0.0000000000
72969  50.882  -14.969  24.315 0.0000000000
41326  37.117  -42.952  49.346 0.0000000000
40115  37.679  -44.371  48.987 0.0000000000
40092  37.503  -43.976  50.628 0.0000000000
43614  30.742  -40.143  48.579 0.0000000000
43621  31.240  -41.127  47.948 0.0000000000
44628  30.262  -40.063  47.134 0.0000000000
43647  29.645  -40.804  44.842 0.0000000000
44630  28.598  -39.504  46.694 0.0000000000
49613  39.770  -34.847  54.207 0.0000000000
48629  40.678  -35.775  53.226 0.0000000000
47610  41.870  -36.225  51.799 0.0000000000
46601  40.997  -36.910  52.536 0.0000000000
46616  40.077  -37.248  51.688 0.0000000000
46603  39.391  -37.290  52.707 0.0000000000
42496  35.444  -41.602  51.070 0.0000000000
43583  35.137  -41.175  50.167 0.0000000000
42505  35.849  -41.702  49.930 0.0000000000
42520  36.569  -42.420  48.747 0.0000000000
70736  44.818  -16.608  27.668 0.0000000000
70762  43.894  -17.119  25.320 0.0000000000
69566  43.525  -17.659  25.406 0.0000000000
70584  55.387  -15.748  36.369 0.0000000000
70605  53.779  -16.294  35.465 0.0000000000
70566  54.311  -16.384  37.855 0.0000000000
67266  46.453  -19.621  36.958 0.0000000000
67275  46.496  -19.612  35.898 0.0000000000
66244  47.256  -20.923  35.354 0.0000000000
66279  48.557  -20.976  33.881 0.0000000000
65114  48.866  -21.225  34.461 0.0000000000
54533  43.682  -29.978  35.574 0.0000000000
57018  45.159  -28.655  36.508 0.0000000000
55722  43.175  -28.980  34.801 0.0000000000
57038  42.757  -28.331  34.541 0.0000000000
55724  41.962  -29.595  34.069 0.0000000000
55734  40.751  -29.267  33.413 0.0000000000
55726  40.555  -29.834  33.987 0.0000000000
48782  34.918  -35.577  43.309 0.0000000000
48806  35.657  -35.513  42.623 0.0000000000
48808  34.008  -35.805  42.395 0.0000000000
78321  58.734  -9.948  21.760 0.0000000000
77158  58.134  -10.394  22.427 0.0000000000
42431  34.434  -41.910  54.608 0.0000000000
40050  34.525  -42.997  53.561 0.0000000000
41245  33.827  -42.338  54.880 0.0000000000
44508  31.642  -39.491  55.749 0.0000000000
43535  32.153  -40.740  54.391 0.0000000000
44529  31.572  -39.580  54.204 0.0000000000
44550  31.361  -39.303  52.107 0.0000000000
45565  30.659  -38.238  53.642 0.0000000000
49607  36.832  -34.796  55.758 0.0000000000
47565  37.186  -36.402  55.278 0.0000000000
47554  36.032  -36.454  56.260 0.0000000000
44493  33.738  -40.175  56.516 0.0000000000
45539  34.044  -39.070  56.076 0.0000000000
43513  33.977  -40.452  55.428 0.0000000000
43534  34.387  -41.080  53.617 0.0000000000
49721  49.564  -35.130  43.279 0.0000000000
49729  51.012  -33.856  42.412 0.0000000000
50888  50.724  -33.245  41.322 0.0000000000
52173  50.836  -32.276  40.574 0.0000000000
50903  49.834  -32.924  40.520 0.0000000000
50926  44.455  -33.883  39.157 0.0000000000
50940  46.064  -32.920  38.740 0.0000000000
50952  44.539  -33.000  38.092 0.0000000000
52224  44.400  -32.324  37.631 0.0000000000
50954  42.885  -33.279  37.696 0.0000000000
52240  41.417  -32.647  36.611 0.0000000000
49803  41.172  -33.881  36.842 0.0000000000
47858  39.065  -36.495  37.400 0.0000000000
47867  39.047  -36.031  36.618 0.0000000000
47868  38.566  -36.557  36.355 0.0000000000
46847  37.193  -36.844  34.292 0.0000000000
46820  37.412  -37.577  36.258 0.0000000000
43653  32.153  -40.414  43.559 0.0000000000
44668  31.200  -39.589  42.249 0.0000000000
42574  31.525  -41.806  42.183 0.0000000000
75049  55.217  -12.795  24.046 0.0000000000
75064  55.378  -12.332  23.032 0.0000000000
73985  54.426  -12.975  23.509 0.0000000000
73999  51.270  -12.909  20.739 0.0000000000
37883  36.069  -44.996  44.569 0.0000000000
36908  36.542  -46.092  46.044 0.0000000000
40095  34.641  -43.421  51.154 0.0000000000
40094  35.997  -44.055  50.774 0.0000000000
40118  34.113  -43.337  48.973 0.0000000000
40136  32.642  -43.599  46.569 0.0000000000
38950  33.674  -44.602  47.223 0.0000000000
46641  43.785  -37.697  49.619 0.0000000000
47681  44.225  -37.110  48.439 0.0000000000
45644  44.518  -38.538  48.063 0.0000000000
44609  44.998  -38.878  47.077 0.0000000000
45661  43.460  -38.993  46.966 0.0000000000
44625  42.915  -39.072  45.809 0.0000000000
46689  42.735  -37.916  47.260 0.0000000000
47670  39.191  -36.301  49.264 0.0000000000
47702  39.837  -36.105  47.517 0.0000000000
48689  38.333  -35.699  47.607 0.0000000000
48731  37.014  -35.671  46.407 0.0000000000
48713  35.990  -35.671  47.479 0.0000000000
47596  35.615  -36.367  54.044 0.0000000000
47615  36.792  -36.309  52.775 0.0000000000
47617  34.660  -36.250  52.654 0.0000000000
44595  33.460  -39.053  48.906 0.0000000000
46645  33.326  -37.313  49.562 0.0000000000
45647  32.976  -37.853  47.757 0.0000000000
47705  33.609  -36.544  47.225 0.0000000000
45663  32.990  -38.411  46.724 0.0000000000
44638  33.289  -39.486  45.479 0.0000000000
43627  33.785  -40.079  45.992 0.0000000000
40134  35.810  -43.317  46.014 0.0000000000
41362  35.322  -42.690  45.690 0.0000000000
40147  35.745  -43.722  45.228 0.0000000000
71865  48.804  -16.192  26.871 0.0000000000
71900  48.565  -15.844  24.668 0.0000000000
71888  47.687  -16.281  25.377 0.0000000000
69583  45.689  -17.469  22.930 0.0000000000
44520  27.993  -39.157  54.968 0.0000000000
44540  28.109  -39.124  52.609 0.0000000000
44531  27.542  -39.859  53.141 0.0000000000
41292  25.502  -42.594  51.443 0.0000000000
41302  25.954  -42.130  50.358 0.0000000000
42508  26.863  -41.142  50.162 0.0000000000
42516  26.208  -41.440  48.831 0.0000000000
42534  26.094  -41.228  47.250 0.0000000000
41343  25.212  -41.968  46.921 0.0000000000
76078  57.894  -11.560  26.673 0.0000000000
74978  57.342  -12.755  28.923 0.0000000000
73936  55.711  -13.192  28.490 0.0000000000
73948  54.776  -13.480  27.573 0.0000000000
73921  55.761  -13.436  29.635 0.0000000000
72879  54.186  -14.879  31.643 0.0000000000
72904  53.327  -14.601  29.590 0.0000000000
72894  52.672  -15.351  30.404 0.0000000000
71848  51.474  -15.370  28.855 0.0000000000
71825  51.841  -15.870  30.674 0.0000000000
70646  50.797  -16.353  33.345 0.0000000000
71814  50.478  -15.921  31.054 0.0000000000
70677  48.482  -16.103  31.251 0.0000000000
70689  47.381  -16.182  30.513 0.0000000000
70678  47.392  -16.508  31.631 0.0000000000
69398  51.556  -17.203  38.565 0.0000000000
70569  51.541  -17.008  37.794 0.0000000000
69428  50.414  -17.196  37.141 0.0000000000
68290  46.652  -18.530  33.832 0.0000000000
69462  47.629  -17.732  34.527 0.0000000000
68307  46.479  -18.427  33.115 0.0000000000
69504  46.256  -17.943  32.044 0.0000000000
68347  45.828  -18.840  31.852 0.0000000000
67342  45.330  -19.624  30.280 0.0000000000
67341  45.898  -20.030  30.629 0.0000000000
63979  46.821  -22.007  31.963 0.0000000000
65171  45.764  -21.421  30.704 0.0000000000
65172  44.770  -21.513  30.900 0.0000000000
65153  43.677  -21.841  32.264 0.0000000000
63865  50.383  -22.596  39.568 0.0000000000
55661  49.857  -29.523  39.148 0.0000000000
58188  51.132  -27.555  39.583 0.0000000000
58200  49.490  -27.740  39.123 0.0000000000
60488  46.406  -25.967  37.678 0.0000000000
61561  48.118  -25.310  38.393 0.0000000000
62694  48.236  -23.956  37.146 0.0000000000
62693  49.421  -23.671  36.960 0.0000000000
62708  48.479  -23.485  36.160 0.0000000000
62723  48.628  -22.974  35.158 0.0000000000
62725  46.253  -23.524  35.727 0.0000000000
60533  41.719  -25.769  33.501 0.0000000000
62745  42.797  -24.422  34.199 0.0000000000
62764  41.730  -24.405  33.331 0.0000000000
62811  41.066  -23.298  32.209 0.0000000000
61672  39.915  -24.753  31.701 0.0000000000
60561  39.511  -25.752  31.333 0.0000000000
58274  36.900  -28.081  31.439 0.0000000000
58289  37.752  -27.420  30.769 0.0000000000
52258  37.600  -32.731  34.381 0.0000000000
53442  37.204  -31.775  34.116 0.0000000000
52266  36.476  -32.781  32.935 0.0000000000
52310  34.886  -32.262  29.974 0.0000000000
45696  40.424  -39.136  43.128 0.0000000000
44666  40.121  -39.421  42.093 0.0000000000
46776  39.105  -38.729  41.513 0.0000000000
47842  35.534  -36.781  39.098 0.0000000000
46796  36.611  -37.892  39.201 0.0000000000
47850  35.231  -37.027  38.010 0.0000000000
46835  35.188  -37.248  36.226 0.0000000000
47861  34.578  -36.770  37.211 0.0000000000
46799  30.802  -38.011  40.121 0.0000000000
47846  31.679  -36.983  40.205 0.0000000000
46807  30.646  -37.621  39.063 0.0000000000
47883  30.448  -36.761  36.130 0.0000000000
48895  30.963  -35.892  34.113 0.0000000000
76161  54.039  -11.218  20.451 0.0000000000
77195  54.454  -10.721  19.836 0.0000000000
71917  48.877  -15.799  22.015 0.0000000000
43494  33.269  -40.479  57.082 0.0000000000
42418  32.906  -41.945  56.148 0.0000000000
44484  32.253  -39.650  57.306 0.0000000000
45513  31.535  -38.429  57.571 0.0000000000
45528  30.865  -37.825  57.274 0.0000000000
46516  34.066  -38.136  57.404 0.0000000000
46707  47.559  -37.273  46.178 0.0000000000
47730  49.287  -35.956  45.756 0.0000000000
47750  48.161  -36.630  44.930 0.0000000000
48775  47.799  -35.670  43.627 0.0000000000
49732  47.984  -34.663  42.267 0.0000000000
50891  48.067  -33.969  41.052 0.0000000000
49750  46.302  -34.336  41.251 0.0000000000
49765  44.494  -34.464  40.419 0.0000000000
49783  42.368  -34.877  39.675 0.0000000000
49794  41.515  -34.896  38.654 0.0000000000
48857  41.283  -35.448  39.333 0.0000000000
47839  40.475  -36.675  39.853 0.0000000000
46794  39.589  -37.707  39.220 0.0000000000
40184  33.750  -43.750  42.173 0.0000000000
40190  33.023  -43.603  40.999 0.0000000000
39012  33.153  -44.444  40.436 0.0000000000
73982  53.605  -13.745  24.462 0.0000000000
73986  53.781  -13.228  23.257 0.0000000000
73983  52.952  -13.960  24.233 0.0000000000
72976  51.352  -14.125  22.835 0.0000000000
40124  36.993  -44.145  47.143 0.0000000000
38959  37.226  -45.341  46.765 0.0000000000
40123  37.473  -44.220  48.097 0.0000000000
38921  37.658  -45.180  49.349 0.0000000000
37836  37.589  -46.174  49.194 0.0000000000
42506  32.213  -41.486  49.505 0.0000000000
41327  33.370  -42.769  49.073 0.0000000000
42523  32.005  -41.816  47.975 0.0000000000
41354  32.048  -42.118  47.106 0.0000000000
41379  28.779  -42.397  44.071 0.0000000000
47649  42.612  -36.618  50.662 0.0000000000
46642  42.547  -37.806  50.019 0.0000000000
46657  41.949  -37.749  49.018 0.0000000000
46644  41.051  -37.521  49.949 0.0000000000
47651  39.719  -36.792  50.168 0.0000000000
47653  38.091  -36.105  50.574 0.0000000000
45575  33.293  -38.504  52.749 0.0000000000
46618  33.369  -37.464  51.689 0.0000000000
44562  33.619  -39.137  50.987 0.0000000000
44594  34.024  -39.918  49.249 0.0000000000
44612  34.084  -39.860  47.954 0.0000000000
44626  34.364  -40.165  47.099 0.0000000000
43619  35.515  -41.345  47.776 0.0000000000
41339  36.290  -42.405  47.454 0.0000000000
70751  46.799  -16.434  26.751 0.0000000000
70759  46.489  -16.446  25.770 0.0000000000
70760  45.498  -16.626  25.476 0.0000000000
70771  44.727  -17.214  24.527 0.0000000000
40083  24.487  -43.097  51.652 0.0000000000
41304  24.225  -42.643  50.333 0.0000000000
41330  24.531  -42.457  48.254 0.0000000000
41318  23.352  -42.797  49.630 0.0000000000
71788  54.141  -15.548  33.527 0.0000000000
70660  52.631  -16.167  32.192 0.0000000000
70644  52.968  -16.036  33.207 0.0000000000
70645  51.952  -16.342  33.323 0.0000000000
70628  51.704  -16.541  34.436 0.0000000000
69416  48.978  -17.854  37.663 0.0000000000
69430  48.587  -17.759  36.467 0.0000000000
68263  47.567  -18.266  36.303 0.0000000000
67287  46.575  -19.547  34.903 0.0000000000
66281  47.043  -20.221  33.252 0.0000000000
66302  47.426  -20.684  31.659 0.0000000000
66291  47.839  -20.743  32.610 0.0000000000
63977  48.119  -21.511  32.473 0.0000000000
63953  47.788  -22.155  32.772 0.0000000000
54508  46.825  -30.065  37.799 0.0000000000
56999  47.575  -28.706  38.261 0.0000000000
57011  45.914  -28.877  37.048 0.0000000000
59387  45.449  -26.889  37.111 0.0000000000
60496  45.168  -25.974  36.694 0.0000000000
61595  44.565  -24.912  35.873 0.0000000000
59396  43.692  -26.608  35.531 0.0000000000
59407  42.553  -26.611  34.414 0.0000000000
58259  40.686  -27.076  32.617 0.0000000000
58261  39.594  -27.579  31.802 0.0000000000
57058  39.852  -28.097  32.206 0.0000000000
57060  37.989  -28.765  32.335 0.0000000000
57061  36.999  -28.963  32.401 0.0000000000
49837  37.434  -34.698  32.071 0.0000000000
51013  36.635  -33.756  31.403 0.0000000000
49857  36.144  -34.951  30.372 0.0000000000
48958  35.184  -34.888  28.962 0.0000000000
49910  34.435  -34.362  27.953 0.0000000000
47782  38.008  -36.158  43.082 0.0000000000
47815  38.353  -37.182  41.538 0.0000000000
48821  37.160  -35.870  42.244 0.0000000000
48839  35.477  -35.768  40.821 0.0000000000
47843  34.302  -36.069  39.394 0.0000000000
45748  29.902  -38.632  37.843 0.0000000000
44706  29.508  -39.893  35.555 0.0000000000
78320  59.838  -9.537  21.562 0.0000000000
78336  58.023  -9.834  20.936 0.0000000000
78351  56.898  -9.506  19.557 0.0000000000
41287  36.169  -42.652  52.498 0.0000000000
41285  36.953  -43.425  51.486 0.0000000000
40047  36.125  -43.560  52.958 0.0000000000
40080  34.621  -43.356  52.307 0.0000000000
41289  33.704  -42.853  52.191 0.0000000000
42432  32.884  -41.888  55.190 0.0000000000
41280  32.946  -42.277  52.996 0.0000000000
42486  32.401  -41.311  51.480 0.0000000000
43585  32.068  -40.677  51.135 0.0000000000
43587  30.803  -39.625  50.067 0.0000000000
44565  29.681  -38.910  50.307 0.0000000000
48611  38.654  -35.788  54.672 0.0000000000
46567  38.847  -36.772  54.045 0.0000000000
47579  37.673  -36.656  54.396 0.0000000000
47580  36.599  -36.735  54.851 0.0000000000
47597  34.376  -36.841  54.100 0.0000000000
46533  35.192  -37.660  56.644 0.0000000000
46551  34.412  -38.027  55.892 0.0000000000
45563  33.429  -38.639  53.695 0.0000000000
44537  34.035  -40.142  52.741 0.0000000000
42485  34.928  -41.359  52.008 0.0000000000
68387  42.820  -18.588  27.644 0.0000000000
68410  42.495  -19.055  25.978 0.0000000000
67374  42.514  -19.499  26.609 0.0000000000
70544  54.362  -16.049  39.004 0.0000000000
69385  50.587  -17.584  39.861 0.0000000000
68244  48.515  -18.367  38.949 0.0000000000
67258  46.762  -19.579  38.057 0.0000000000
66215  46.716  -20.445  38.208 0.0000000000
54478  50.445  -30.439  39.698 0.0000000000
54480  48.866  -30.889  39.079 0.0000000000
50922  47.753  -32.820  39.648 0.0000000000
52188  47.806  -31.986  39.205 0.0000000000
54499  46.909  -30.931  38.093 0.0000000000
53396  45.483  -31.389  37.488 0.0000000000
53410  43.542  -31.071  36.579 0.0000000000
53420  42.090  -30.868  35.660 0.0000000000
54536  40.804  -30.796  35.253 0.0000000000
53422  40.621  -31.619  35.875 0.0000000000
52250  39.635  -32.601  35.861 0.0000000000
50971  38.835  -33.618  34.992 0.0000000000
49805  39.983  -34.717  36.398 0.0000000000
48873  39.217  -35.183  35.497 0.0000000000
48888  38.191  -35.364  33.634 0.0000000000
47897  37.381  -36.227  33.164 0.0000000000
47898  36.539  -36.353  33.066 0.0000000000
47900  35.238  -36.235  33.796 0.0000000000
46754  32.513  -37.677  43.485 0.0000000000
47805  32.617  -37.079  42.763 0.0000000000
46769  31.822  -38.130  42.544 0.0000000000
45714  30.750  -39.005  41.471 0.0000000000
43670  30.118  -40.581  40.172 0.0000000000
41404  31.640  -42.711  40.959 0.0000000000
42583  30.645  -41.959  39.984 0.0000000000
76125  57.121  -11.333  23.834 0.0000000000
77160  56.397  -11.276  22.091 0.0000000000
76140  55.516  -11.865  22.422 0.0000000000
76152  54.370  -11.623  21.435 0.0000000000
76162  53.156  -11.712  20.325 0.0000000000
73990  53.496  -12.996  22.554 0.0000000000
75075  52.580  -12.254  20.642 0.0000000000
40093  37.032  -44.221  50.885 0.0000000000
38923  36.364  -44.658  49.590 0.0000000000
38934  35.873  -45.027  48.598 0.0000000000
40125  34.678  -44.194  48.072 0.0000000000
38949  34.714  -44.724  47.712 0.0000000000
47697  46.853  -36.496  47.074 0.0000000000
45659  46.352  -38.221  46.752 0.0000000000
45675  45.290  -38.695  45.653 0.0000000000
45687  43.693  -38.819  44.620 0.0000000000
44655  42.492  -39.130  43.559 0.0000000000
44646  42.161  -39.393  44.249 0.0000000000
45689  41.675  -38.882  44.457 0.0000000000
46734  40.655  -37.291  44.171 0.0000000000
47717  41.308  -36.857  47.342 0.0000000000
47734  40.572  -36.418  45.871 0.0000000000
47756  39.501  -36.312  44.630 0.0000000000
48760  37.923  -35.880  44.620 0.0000000000
48762  35.932  -35.561  44.625 0.0000000000
47759  34.469  -35.987  45.162 0.0000000000
46604  38.502  -37.046  53.122 0.0000000000
47634  37.786  -36.295  51.536 0.0000000000
48657  36.592  -35.668  50.123 0.0000000000
47636  34.369  -36.306  51.277 0.0000000000
48675  34.959  -36.026  49.680 0.0000000000
48692  35.830  -35.742  48.447 0.0000000000
48714  35.123  -35.899  47.695 0.0000000000
47722  33.819  -36.342  46.341 0.0000000000
47738  33.365  -36.436  45.111 0.0000000000
45690  32.594  -38.414  44.349 0.0000000000
44649  32.778  -39.445  44.461 0.0000000000
42562  33.047  -42.002  43.857 0.0000000000
43635  34.331  -41.000  45.782 0.0000000000
42550  34.410  -41.872  45.273 0.0000000000
40162  33.763  -43.202  43.512 0.0000000000
39003  34.643  -44.326  42.610 0.0000000000
71876  50.847  -15.287  26.407 0.0000000000
71898  50.367  -15.175  24.363 0.0000000000
71899  49.435  -15.526  24.514 0.0000000000
70780  46.185  -16.708  23.540 0.0000000000
70788  46.469  -17.115  22.588 0.0000000000
68419  43.460  -19.084  24.761 0.0000000000
47536  29.184  -36.540  58.856 0.0000000000
46502  29.781  -37.065  58.449 0.0000000000
46537  29.414  -37.663  56.798 0.0000000000
46538  28.569  -38.115  57.025 0.0000000000
45554  29.197  -38.021  54.874 0.0000000000
45566  29.661  -38.006  53.698 0.0000000000
45591  28.999  -38.721  51.201 0.0000000000
44581  28.554  -39.355  49.426 0.0000000000
42473  26.826  -41.418  52.914 0.0000000000
43569  27.300  -40.496  51.424 0.0000000000
43588  27.357  -40.386  50.296 0.0000000000
44598  28.357  -39.507  48.487 0.0000000000
43630  27.224  -40.177  46.179 0.0000000000
77123  58.028  -10.809  24.903 0.0000000000
76099  57.784  -11.218  25.634 0.0000000000
75038  56.544  -12.175  25.795 0.0000000000
75039  55.893  -12.692  25.397 0.0000000000
74994  58.252  -12.119  28.022 0.0000000000
74996  56.491  -12.580  27.192 0.0000000000
73959  55.442  -13.167  25.906 0.0000000000
73976  53.876  -13.849  25.666 0.0000000000
72944  53.231  -14.311  26.093 0.0000000000
72945  52.499  -14.626  26.519 0.0000000000
72903  54.067  -14.063  29.315 0.0000000000
72918  53.423  -14.256  28.434 0.0000000000
72946  51.750  -14.864  27.001 0.0000000000
71862  51.223  -15.256  27.744 0.0000000000
71850  49.677  -15.899  28.056 0.0000000000
70712  49.088  -16.100  28.029 0.0000000000
71813  51.414  -16.122  31.432 0.0000000000
70687  49.272  -15.990  29.587 0.0000000000
70714  47.778  -16.401  28.421 0.0000000000
70715  46.810  -16.335  28.592 0.0000000000
70716  45.724  -16.430  28.739 0.0000000000
70717  44.842  -16.740  28.920 0.0000000000
70567  53.211  -16.694  37.751 0.0000000000
70607  51.444  -16.734  35.611 0.0000000000
70629  50.476  -16.634  34.548 0.0000000000
69446  48.570  -17.570  35.563 0.0000000000
70631  48.500  -17.179  34.313 0.0000000000
70648  48.267  -17.006  33.603 0.0000000000
70679  46.681  -17.195  31.831 0.0000000000
70691  45.666  -17.222  30.483 0.0000000000
69531  44.146  -17.943  29.431 0.0000000000
67351  43.605  -19.070  28.931 0.0000000000
67357  44.003  -20.127  28.837 0.0000000000
65185  46.410  -20.955  30.347 0.0000000000
65186  45.791  -21.184  30.008 0.0000000000
65071  47.898  -21.985  38.645 0.0000000000
65082  49.042  -21.735  37.400 0.0000000000
61543  52.361  -24.310  39.588 0.0000000000
59369  48.924  -26.813  38.950 0.0000000000
60475  50.241  -25.553  39.195 0.0000000000
62676  51.617  -23.271  38.439 0.0000000000
63902  51.199  -22.410  37.489 0.0000000000
63913  50.587  -22.292  36.506 0.0000000000
65102  49.661  -21.584  35.385 0.0000000000
62738  49.118  -22.308  34.086 0.0000000000
63932  47.736  -22.486  33.639 0.0000000000
63955  45.689  -22.318  33.401 0.0000000000
62743  44.365  -23.970  35.065 0.0000000000
63957  43.431  -23.004  33.913 0.0000000000
63982  43.593  -22.277  33.061 0.0000000000
64004  41.960  -22.290  31.953 0.0000000000
58287  38.909  -27.172  30.917 0.0000000000
59472  37.642  -26.581  29.602 0.0000000000
54555  38.891  -30.290  33.978 0.0000000000
55738  37.468  -30.128  33.430 0.0000000000
55750  35.805  -30.227  32.504 0.0000000000
52279  35.651  -32.421  31.730 0.0000000000
54587  35.063  -31.081  31.618 0.0000000000
44665  40.927  -39.289  42.229 0.0000000000
44681  39.699  -39.100  40.525 0.0000000000
45727  39.076  -38.563  39.415 0.0000000000
46785  37.943  -38.300  40.299 0.0000000000
45729  37.475  -38.470  39.436 0.0000000000
45744  37.406  -38.371  37.821 0.0000000000
46834  35.789  -37.355  35.810 0.0000000000
47878  35.469  -36.800  34.993 0.0000000000
48882  34.222  -35.887  33.848 0.0000000000
47818  33.063  -36.303  41.290 0.0000000000
47845  32.314  -36.458  39.785 0.0000000000
47852  33.389  -36.070  38.455 0.0000000000
46824  30.265  -37.413  36.823 0.0000000000
47872  31.461  -36.222  36.876 0.0000000000
47862  33.483  -36.226  37.358 0.0000000000
48876  32.517  -35.659  35.539 0.0000000000
48884  32.622  -35.587  34.595 0.0000000000
77172  56.243  -10.948  21.473 0.0000000000
77193  56.258  -9.858  19.689 0.0000000000
77204  55.958  -10.263  18.014 0.0000000000
72974  50.135  -15.021  23.466 0.0000000000
46748  44.254  -37.157  43.853 0.0000000000
47778  44.019  -36.833  43.497 0.0000000000
47798  44.136  -36.270  43.119 0.0000000000
46762  43.028  -37.238  42.895 0.0000000000
47800  42.837  -36.741  42.378 0.0000000000
72968  51.470  -14.775  24.607 0.0000000000
71884  50.951  -15.198  25.187 0.0000000000
41312  37.046  -42.827  50.392 0.0000000000
41311  37.468  -43.501  50.124 0.0000000000
41297  37.259  -43.315  51.098 0.0000000000
44596  30.156  -39.464  48.970 0.0000000000
44614  30.003  -39.737  47.874 0.0000000000
44629  29.627  -39.764  46.669 0.0000000000
44615  29.014  -39.318  47.624 0.0000000000
47576  39.975  -36.093  54.266 0.0000000000
48618  40.290  -35.545  53.803 0.0000000000
47592  40.377  -36.536  53.461 0.0000000000
47612  40.878  -36.315  52.802 0.0000000000
46583  40.404  -36.982  53.076 0.0000000000
46602  40.314  -37.168  52.633 0.0000000000
46584  39.879  -37.086  53.416 0.0000000000
42495  36.200  -42.273  51.414 0.0000000000
42504  36.408  -42.222  50.641 0.0000000000
42512  36.533  -42.328  49.657 0.0000000000
70737  43.958  -16.847  26.837 0.0000000000
69562  43.301  -17.514  26.606 0.0000000000
70585  54.552  -16.159  36.543 0.0000000000
71725  54.783  -15.849  38.314 0.0000000000
65095  46.832  -20.965  36.781 0.0000000000
66230  46.723  -20.637  36.162 0.0000000000
66229  47.292  -21.079  35.781 0.0000000000
65115  48.332  -21.209  34.905 0.0000000000
65103  48.594  -21.298  35.435 0.0000000000
54534  42.685  -30.362  35.295 0.0000000000
55714  43.198  -29.604  35.037 0.0000000000
55723  42.562  -29.307  34.466 0.0000000000
54542  42.313  -29.930  34.490 0.0000000000
55725  41.289  -29.738  33.981 0.0000000000
54544  41.024  -30.275  34.544 0.0000000000
48764  34.279  -35.756  43.732 0.0000000000
48783  34.275  -35.675  43.056 0.0000000000
77146  58.402  -10.436  23.509 0.0000000000
42416  34.203  -41.590  55.398 0.0000000000
41244  34.193  -42.128  55.077 0.0000000000
41228  33.711  -42.016  55.673 0.0000000000
45541  31.330  -38.675  55.396 0.0000000000
44519  31.479  -39.415  54.980 0.0000000000
45552  31.381  -38.830  54.626 0.0000000000
45564  31.388  -38.801  53.808 0.0000000000
45553  30.942  -38.302  54.390 0.0000000000
50644  36.450  -33.712  55.714 0.0000000000
48590  36.293  -35.530  56.140 0.0000000000
43501  33.867  -40.951  56.282 0.0000000000
44506  33.947  -39.946  55.995 0.0000000000
43512  34.078  -40.817  55.800 0.0000000000
43522  34.279  -41.104  54.745 0.0000000000
49731  49.228  -34.723  42.589 0.0000000000
49730  50.412  -34.166  42.180 0.0000000000
50872  50.968  -33.735  42.059 0.0000000000
49746  50.068  -33.803  41.513 0.0000000000
50902  50.367  -32.700  40.629 0.0000000000
50889  49.606  -33.516  40.998 0.0000000000
49792  43.529  -33.821  38.663 0.0000000000
50942  44.229  -33.559  38.610 0.0000000000
50943  43.437  -33.542  38.262 0.0000000000
50953  43.833  -33.069  37.904 0.0000000000
49798  42.312  -33.690  37.742 0.0000000000
50955  42.043  -33.299  37.375 0.0000000000
46810  38.665  -37.201  37.512 0.0000000000
47859  38.589  -36.983  37.132 0.0000000000
46811  38.208  -37.621  37.240 0.0000000000
46819  37.938  -37.098  35.842 0.0000000000
42563  32.177  -41.653  43.129 0.0000000000
42564  31.559  -41.158  42.639 0.0000000000
42573  32.073  -42.245  42.521 0.0000000000
73980  55.201  -12.962  24.406 0.0000000000
37870  36.288  -45.340  45.299 0.0000000000
40096  33.979  -43.005  50.894 0.0000000000
40107  33.953  -43.018  50.108 0.0000000000
38961  32.996  -44.555  46.709 0.0000000000
45614  43.666  -38.066  49.725 0.0000000000
45626  44.148  -38.207  49.203 0.0000000000
45627  43.795  -38.472  48.867 0.0000000000
45645  43.794  -38.863  47.743 0.0000000000
45646  43.185  -38.562  47.601 0.0000000000
46673  42.611  -38.106  48.335 0.0000000000
48671  38.338  -35.778  48.587 0.0000000000
48690  37.546  -35.561  47.930 0.0000000000
48691  36.686  -35.545  48.201 0.0000000000
45629  33.099  -38.087  48.730 0.0000000000
44627  33.638  -39.598  46.685 0.0000000000
40133  36.318  -43.888  46.207 0.0000000000
40146  36.154  -44.132  45.483 0.0000000000
38982  36.193  -44.756  44.918 0.0000000000
70749  48.331  -16.419  26.933 0.0000000000
70757  48.081  -16.465  26.359 0.0000000000
70758  47.464  -16.418  25.978 0.0000000000
44510  27.582  -40.065  55.528 0.0000000000
44521  27.597  -40.021  54.334 0.0000000000
43537  27.208  -40.790  53.616 0.0000000000
41303  25.121  -42.570  50.273 0.0000000000
41315  25.990  -41.939  49.589 0.0000000000
42510  25.969  -41.775  49.165 0.0000000000
42517  25.762  -41.743  48.468 0.0000000000
41329  25.235  -42.131  47.911 0.0000000000
76076  59.558  -11.137  27.742 0.0000000000
76057  59.677  -11.175  28.550 0.0000000000
73909  57.714  -13.053  30.241 0.0000000000
73920  56.874  -13.075  29.415 0.0000000000
72880  53.526  -15.250  31.385 0.0000000000
72893  53.273  -15.068  30.701 0.0000000000
71823  53.162  -15.520  31.295 0.0000000000
71836  52.210  -15.488  30.198 0.0000000000
71824  52.589  -15.634  30.896 0.0000000000
70663  49.891  -15.881  32.082 0.0000000000
70664  48.482  -16.503  32.447 0.0000000000
69414  50.803  -17.251  37.974 0.0000000000
69415  49.960  -17.428  37.914 0.0000000000
67314  46.481  -19.365  32.996 0.0000000000
68329  46.218  -18.663  32.492 0.0000000000
67337  45.942  -19.630  31.123 0.0000000000
65151  45.761  -21.557  31.563 0.0000000000
65152  44.720  -21.652  31.915 0.0000000000
65173  43.664  -21.630  31.272 0.0000000000
63864  51.516  -22.815  39.493 0.0000000000
55677  49.067  -29.472  38.790 0.0000000000
56984  50.089  -28.613  39.235 0.0000000000
56997  49.314  -28.654  38.896 0.0000000000
61575  46.102  -25.280  37.293 0.0000000000
61574  46.731  -25.049  37.699 0.0000000000
61583  47.064  -24.353  37.392 0.0000000000
62709  47.123  -23.745  36.677 0.0000000000
62710  45.937  -24.181  36.364 0.0000000000
60546  41.172  -25.745  32.958 0.0000000000
61658  41.434  -24.923  33.160 0.0000000000
61659  40.803  -24.844  32.627 0.0000000000
60548  39.925  -25.734  32.137 0.0000000000
57097  35.897  -28.071  30.827 0.0000000000
52265  36.997  -32.759  33.704 0.0000000000
50980  37.107  -33.405  33.074 0.0000000000
46752  40.421  -37.932  43.459 0.0000000000
46765  40.056  -38.646  42.857 0.0000000000
46766  39.390  -38.059  42.294 0.0000000000
45731  30.258  -38.543  39.583 0.0000000000
44694  30.027  -38.834  38.596 0.0000000000
76166  53.495  -11.237  19.490 0.0000000000
45511  33.262  -39.099  57.592 0.0000000000
44483  32.812  -39.853  57.523 0.0000000000
45512  32.330  -38.731  57.749 0.0000000000
45497  31.008  -37.685  58.244 0.0000000000
45527  31.378  -38.423  56.435 0.0000000000
47545  33.383  -37.076  57.571 0.0000000000
46728  47.487  -37.192  45.501 0.0000000000
47732  48.174  -36.712  45.633 0.0000000000
48776  46.800  -35.724  43.647 0.0000000000
48757  47.348  -36.084  44.160 0.0000000000
48798  47.405  -35.132  42.934 0.0000000000
48797  48.383  -35.181  43.080 0.0000000000
49733  46.915  -34.602  42.130 0.0000000000
49734  45.886  -34.707  42.080 0.0000000000
49753  43.525  -35.234  41.334 0.0000000000
49752  44.206  -35.039  41.474 0.0000000000
49766  43.269  -34.926  40.661 0.0000000000
49767  42.541  -35.189  40.427 0.0000000000
48850  42.150  -35.440  40.352 0.0000000000
46783  41.014  -37.353  40.970 0.0000000000
47838  41.070  -36.198  40.112 0.0000000000
47828  40.812  -37.110  40.636 0.0000000000
47840  39.956  -37.218  39.424 0.0000000000
46793  40.106  -37.767  39.822 0.0000000000
39008  33.937  -44.393  41.656 0.0000000000
40189  33.594  -43.945  41.279 0.0000000000
39011  33.594  -44.458  40.970 0.0000000000
72966  53.048  -14.067  24.528 0.0000000000
72972  51.611  -14.291  23.478 0.0000000000
40104  37.663  -44.225  49.825 0.0000000000
38922  37.077  -45.387  49.588 0.0000000000
42499  31.616  -41.029  49.739 0.0000000000
42514  32.201  -41.696  48.607 0.0000000000
42507  31.687  -41.147  48.950 0.0000000000
42525  31.008  -41.080  46.873 0.0000000000
42524  31.501  -41.497  47.504 0.0000000000
42532  31.435  -41.678  46.621 0.0000000000
41365  31.836  -42.498  46.247 0.0000000000
41366  30.972  -42.417  45.551 0.0000000000
42543  30.494  -41.394  45.425 0.0000000000
43648  29.002  -40.486  44.510 0.0000000000
42555  29.086  -41.502  44.100 0.0000000000
41390  28.035  -42.358  43.598 0.0000000000
42566  27.587  -41.487  43.501 0.0000000000
49644  42.329  -34.443  51.532 0.0000000000
46614  41.794  -37.035  51.693 0.0000000000
47630  42.226  -36.639  51.344 0.0000000000
46613  42.214  -37.044  51.250 0.0000000000
46627  42.549  -37.275  50.541 0.0000000000
46643  41.761  -37.719  49.934 0.0000000000
46629  40.921  -37.407  50.740 0.0000000000
46630  40.126  -37.162  50.759 0.0000000000
47632  39.443  -36.953  51.022 0.0000000000
47652  38.896  -36.467  50.334 0.0000000000
47633  38.673  -36.672  51.274 0.0000000000
44549  33.549  -39.267  51.854 0.0000000000
44561  33.978  -39.779  51.193 0.0000000000
43600  34.617  -40.600  49.748 0.0000000000
43612  34.710  -40.653  48.636 0.0000000000
43620  34.921  -40.836  47.527 0.0000000000
43611  35.461  -41.260  48.294 0.0000000000
42521  36.118  -41.884  47.926 0.0000000000
41351  36.634  -43.456  47.035 0.0000000000
70752  45.752  -16.518  26.592 0.0000000000
69565  43.934  -17.243  24.998 0.0000000000
70761  44.465  -16.930  25.117 0.0000000000
69573  44.223  -17.688  24.470 0.0000000000
68429  44.533  -18.896  23.630 0.0000000000
41294  24.095  -42.810  51.018 0.0000000000
41305  23.611  -42.842  50.534 0.0000000000
40097  23.071  -43.139  50.286 0.0000000000
70643  53.619  -15.751  33.547 0.0000000000
70626  53.927  -15.841  34.331 0.0000000000
70627  52.849  -16.346  34.361 0.0000000000
68253  48.279  -18.345  37.942 0.0000000000
68262  48.160  -18.106  37.144 0.0000000000
68254  47.522  -18.546  37.308 0.0000000000
66245  46.822  -20.422  35.128 0.0000000000
68264  46.734  -18.761  35.618 0.0000000000
67300  46.647  -19.479  33.969 0.0000000000
66280  47.850  -20.689  33.574 0.0000000000
65131  48.977  -21.436  33.545 0.0000000000
65148  48.381  -21.318  32.786 0.0000000000
63952  48.577  -21.797  33.038 0.0000000000
55693  46.017  -29.824  37.100 0.0000000000
55692  46.510  -29.626  37.499 0.0000000000
55702  45.491  -29.540  36.679 0.0000000000
57019  44.511  -28.518  36.070 0.0000000000
58220  45.317  -27.813  36.836 0.0000000000
58221  44.664  -27.702  36.359 0.0000000000
59388  44.915  -26.833  36.520 0.0000000000
59395  44.335  -26.708  36.011 0.0000000000
60502  44.615  -25.868  36.217 0.0000000000
57039  42.206  -28.353  34.006 0.0000000000
58241  42.369  -27.492  34.206 0.0000000000
58248  41.805  -27.518  33.627 0.0000000000
59417  42.039  -26.633  33.833 0.0000000000
58249  41.075  -27.558  32.992 0.0000000000
58260  40.310  -27.551  32.387 0.0000000000
58250  40.678  -28.085  32.761 0.0000000000
55735  39.846  -29.497  33.430 0.0000000000
57049  39.624  -28.960  32.772 0.0000000000
55747  38.594  -29.293  32.785 0.0000000000
55748  37.671  -29.465  32.883 0.0000000000
48915  36.751  -35.451  31.558 0.0000000000
49838  37.056  -34.626  31.529 0.0000000000
48933  36.241  -35.401  30.830 0.0000000000
48959  34.862  -35.159  28.957 0.0000000000
49895  34.942  -34.558  28.601 0.0000000000
49896  34.132  -34.968  28.709 0.0000000000
48779  37.493  -35.833  43.848 0.0000000000
47803  37.729  -36.198  42.371 0.0000000000
48805  36.497  -35.595  42.851 0.0000000000
48824  34.662  -35.628  41.592 0.0000000000
48823  35.551  -35.584  41.714 0.0000000000
48840  34.511  -35.728  40.662 0.0000000000
47831  35.204  -36.042  39.989 0.0000000000
48853  34.159  -35.794  40.123 0.0000000000
78322  58.079  -10.094  21.487 0.0000000000
78337  57.368  -9.689  20.356 0.0000000000
42469  35.586  -42.394  52.957 0.0000000000
41278  36.159  -42.914  53.048 0.0000000000
40065  34.168  -43.075  53.413 0.0000000000
40064  34.703  -43.268  53.113 0.0000000000
40081  34.116  -43.222  52.908 0.0000000000
43514  32.425  -41.327  56.109 0.0000000000
43524  32.301  -41.036  55.111 0.0000000000
43536  31.811  -40.471  53.731 0.0000000000
42450  32.523  -41.367  53.883 0.0000000000
42471  32.334  -41.334  52.551 0.0000000000
43567  32.145  -40.750  51.968 0.0000000000
44551  30.894  -39.034  51.385 0.0000000000
44563  31.276  -39.556  51.157 0.0000000000
44564  30.604  -39.193  50.619 0.0000000000
45603  29.731  -38.738  50.926 0.0000000000
49606  37.653  -34.720  55.251 0.0000000000
50652  38.348  -33.707  54.648 0.0000000000
49605  38.066  -34.742  54.877 0.0000000000
49615  38.673  -34.710  54.681 0.0000000000
47578  38.460  -36.435  54.418 0.0000000000
47564  37.900  -36.058  54.854 0.0000000000
47581  35.595  -36.753  55.217 0.0000000000
47543  35.340  -37.306  57.098 0.0000000000
47555  35.675  -37.096  56.944 0.0000000000
45540  33.689  -38.953  55.394 0.0000000000
46552  33.728  -38.409  55.193 0.0000000000
46570  33.675  -38.060  54.707 0.0000000000
45551  33.521  -38.867  54.538 0.0000000000
44528  33.740  -39.526  53.616 0.0000000000
42449  34.741  -41.967  53.682 0.0000000000
42470  34.939  -41.678  52.834 0.0000000000
42484  35.703  -42.101  52.110 0.0000000000
69400  49.546  -17.876  38.915 0.0000000000
68243  49.042  -18.064  39.650 0.0000000000
68236  47.914  -18.919  39.428 0.0000000000
67257  47.358  -19.377  38.848 0.0000000000
47748  49.371  -36.135  45.337 0.0000000000
52174  49.990  -32.239  40.226 0.0000000000
54457  50.802  -31.034  40.088 0.0000000000
53355  49.787  -31.794  39.872 0.0000000000
53365  49.889  -30.941  39.543 0.0000000000
53366  49.365  -31.391  39.495 0.0000000000
49762  47.115  -33.879  40.587 0.0000000000
50905  47.682  -33.585  40.399 0.0000000000
50906  46.735  -33.688  40.101 0.0000000000
50939  46.568  -32.720  38.906 0.0000000000
52206  46.344  -32.243  38.470 0.0000000000
53383  47.457  -31.317  38.582 0.0000000000
53384  46.427  -31.395  38.048 0.0000000000
53385  45.887  -31.822  38.037 0.0000000000
53399  42.894  -31.980  37.120 0.0000000000
53398  43.512  -31.705  37.140 0.0000000000
54524  43.061  -30.788  36.149 0.0000000000
53411  42.486  -31.399  36.425 0.0000000000
53421  41.528  -31.188  35.762 0.0000000000
53412  41.470  -31.821  36.313 0.0000000000
50963  40.294  -33.306  36.277 0.0000000000
52242  39.993  -33.026  36.206 0.0000000000
50967  39.917  -33.566  35.919 0.0000000000
50970  39.504  -33.869  35.426 0.0000000000
49795  40.894  -35.175  38.347 0.0000000000
49800  40.903  -34.850  37.735 0.0000000000
48866  40.327  -35.182  37.327 0.0000000000
48881  38.715  -35.419  34.540 0.0000000000
48880  39.173  -34.921  34.840 0.0000000000
47896  37.828  -35.784  33.453 0.0000000000
47886  38.009  -36.027  33.995 0.0000000000
46862  36.953  -36.725  33.726 0.0000000000
47888  36.370  -36.502  33.801 0.0000000000
47899  35.718  -36.186  33.313 0.0000000000
47889  35.787  -36.516  34.290 0.0000000000
45697  32.260  -38.598  43.404 0.0000000000
45704  31.980  -38.267  42.817 0.0000000000
45698  31.995  -39.090  43.226 0.0000000000
43662  31.107  -40.647  42.153 0.0000000000
44678  30.674  -39.619  41.573 0.0000000000
44684  30.237  -39.747  40.818 0.0000000000
41403  32.299  -43.347  40.631 0.0000000000
41407  32.294  -43.539  40.029 0.0000000000
41409  30.967  -42.567  39.359 0.0000000000
42586  30.533  -42.164  38.772 0.0000000000
43674  30.092  -41.135  39.099 0.0000000000
76126  56.354  -11.785  23.561 0.0000000000
76127  55.858  -12.027  23.052 0.0000000000
75065  54.786  -12.377  22.652 0.0000000000
76141  54.876  -11.863  22.043 0.0000000000
75069  54.332  -12.139  22.084 0.0000000000
76153  53.662  -11.745  21.006 0.0000000000
75074  53.181  -12.098  21.042 0.0000000000
73987  52.709  -13.780  23.562 0.0000000000
73991  52.800  -13.203  22.339 0.0000000000
75072  52.262  -12.660  21.184 0.0000000000
37859  37.418  -45.827  47.148 0.0000000000
36890  37.575  -46.421  47.641 0.0000000000
40078  36.557  -43.643  51.604 0.0000000000
40077  37.168  -43.740  51.167 0.0000000000
40105  35.793  -44.189  49.716 0.0000000000
38911  36.298  -44.368  50.117 0.0000000000
40116  35.837  -44.438  49.127 0.0000000000
41341  32.758  -42.479  47.943 0.0000000000
41340  33.526  -43.044  48.405 0.0000000000
40126  33.799  -43.672  47.722 0.0000000000
37853  34.851  -45.598  47.584 0.0000000000
49661  43.494  -34.384  49.652 0.0000000000
49669  43.576  -35.193  48.833 0.0000000000
47699  44.957  -36.707  47.692 0.0000000000
48709  44.727  -35.886  47.694 0.0000000000
47698  45.992  -36.632  47.275 0.0000000000
46670  46.678  -37.461  47.097 0.0000000000
45642  46.146  -38.013  47.191 0.0000000000
44622  44.814  -39.221  46.315 0.0000000000
45660  45.565  -38.746  46.579 0.0000000000
44634  44.728  -39.155  45.797 0.0000000000
45676  44.411  -38.985  45.398 0.0000000000
45677  43.953  -39.209  45.273 0.0000000000
44645  42.766  -39.310  44.086 0.0000000000
44636  43.375  -39.287  45.226 0.0000000000
46710  42.630  -37.939  46.253 0.0000000000
45678  42.493  -38.622  45.384 0.0000000000
45679  41.911  -38.206  44.934 0.0000000000
46733  41.262  -37.729  44.534 0.0000000000
47754  41.173  -37.007  45.387 0.0000000000
47683  41.413  -37.191  48.875 0.0000000000
46674  41.973  -37.376  48.007 0.0000000000
47700  41.244  -36.872  48.199 0.0000000000
47703  39.040  -35.838  47.169 0.0000000000
47718  40.578  -36.394  46.892 0.0000000000
47719  39.734  -35.973  46.468 0.0000000000
47735  39.819  -36.140  45.476 0.0000000000
48741  39.269  -35.996  45.289 0.0000000000
48759  38.685  -35.974  44.873 0.0000000000
48743  38.159  -35.759  45.448 0.0000000000
48732  36.281  -35.700  46.689 0.0000000000
48745  36.283  -35.704  45.720 0.0000000000
48746  35.234  -35.853  45.414 0.0000000000
46586  38.379  -36.885  53.834 0.0000000000
47594  37.666  -36.748  53.477 0.0000000000
48630  36.452  -35.925  51.958 0.0000000000
47635  37.143  -36.119  52.046 0.0000000000
48643  36.707  -35.764  51.191 0.0000000000
48642  37.359  -35.777  50.690 0.0000000000
48658  35.746  -35.835  50.401 0.0000000000
45601  33.251  -38.296  50.808 0.0000000000
47637  33.791  -36.707  51.564 0.0000000000
47673  33.709  -36.695  49.286 0.0000000000
47672  34.287  -36.338  49.932 0.0000000000
48674  35.761  -35.821  49.415 0.0000000000
48693  35.014  -35.992  48.702 0.0000000000
47704  34.305  -36.215  47.982 0.0000000000
46676  32.966  -36.941  46.824 0.0000000000
47706  33.285  -36.626  46.485 0.0000000000
47723  33.284  -36.523  45.831 0.0000000000
46712  32.763  -36.996  45.361 0.0000000000
46735  32.652  -37.455  44.394 0.0000000000
45681  32.733  -38.304  45.449 0.0000000000
44639  32.866  -38.919  44.914 0.0000000000
43645  33.148  -40.461  44.672 0.0000000000
42551  33.688  -41.585  44.743 0.0000000000
42531  35.183  -41.388  46.802 0.0000000000
43626  34.405  -40.618  46.384 0.0000000000
42540  34.767  -41.631  45.920 0.0000000000
41374  35.264  -43.169  44.911 0.0000000000
41363  34.772  -42.210  45.427 0.0000000000
41375  34.597  -42.669  44.761 0.0000000000
41376  33.689  -42.706  44.036 0.0000000000
40161  34.336  -43.347  43.797 0.0000000000
40174  34.762  -43.854  43.168 0.0000000000
40173  35.160  -44.037  43.385 0.0000000000
71885  50.095  -15.371  25.391 0.0000000000
71886  49.207  -15.759  25.486 0.0000000000
71901  47.788  -16.096  24.792 0.0000000000
71910  47.931  -15.869  23.858 0.0000000000
70769  46.285  -16.502  24.732 0.0000000000
69598  46.183  -17.905  22.041 0.0000000000
69609  46.807  -17.758  21.736 0.0000000000
67386  42.904  -19.638  25.347 0.0000000000
68409  43.075  -18.639  25.367 0.0000000000
67398  43.474  -19.830  24.803 0.0000000000
48573  29.720  -35.827  58.968 0.0000000000
46503  28.618  -37.262  58.550 0.0000000000
46520  29.092  -37.582  57.834 0.0000000000
46519  30.046  -37.372  57.502 0.0000000000
45544  28.523  -38.257  55.690 0.0000000000
46556  28.939  -37.840  56.283 0.0000000000
45579  28.816  -38.644  52.096 0.0000000000
44552  28.307  -39.138  51.543 0.0000000000
44566  28.720  -39.116  50.460 0.0000000000
41291  26.266  -42.227  51.671 0.0000000000
41281  26.370  -42.687  52.915 0.0000000000
42474  26.611  -41.973  52.345 0.0000000000
42453  26.615  -42.159  53.291 0.0000000000
42487  26.830  -41.233  51.926 0.0000000000
43603  26.933  -40.667  49.177 0.0000000000
44582  27.702  -39.818  49.305 0.0000000000
44599  27.566  -39.982  48.357 0.0000000000
44631  27.724  -39.828  46.841 0.0000000000
43623  27.087  -40.405  47.116 0.0000000000
43642  26.166  -40.790  45.773 0.0000000000
41344  24.536  -42.308  47.173 0.0000000000
77121  59.635  -10.321  26.042 0.0000000000
76079  57.144  -11.655  26.059 0.0000000000
75018  56.151  -12.626  26.381 0.0000000000
74976  58.664  -12.098  28.559 0.0000000000
74977  58.059  -12.488  28.719 0.0000000000
73935  56.534  -12.807  28.299 0.0000000000
73946  56.466  -12.686  27.669 0.0000000000
73960  54.756  -13.525  26.384 0.0000000000
73949  53.952  -13.819  27.859 0.0000000000
73961  53.938  -13.818  26.787 0.0000000000
72931  53.254  -14.242  27.207 0.0000000000
73922  54.849  -13.763  29.921 0.0000000000
73912  54.913  -13.905  30.502 0.0000000000
72905  52.635  -15.115  29.855 0.0000000000
72932  52.506  -14.572  27.632 0.0000000000
72933  51.873  -14.852  27.896 0.0000000000
72920  51.718  -15.071  28.315 0.0000000000
71849  50.580  -15.638  28.412 0.0000000000
71839  49.953  -15.871  29.029 0.0000000000
70661  52.107  -16.265  32.441 0.0000000000
70674  52.097  -16.258  31.827 0.0000000000
70676  49.447  -15.935  30.679 0.0000000000
70701  48.451  -16.155  29.057 0.0000000000
70702  47.537  -16.209  29.398 0.0000000000
70703  46.507  -16.402  29.663 0.0000000000
70704  45.436  -16.837  29.833 0.0000000000
70545  53.671  -16.473  38.859 0.0000000000
70588  51.214  -16.972  36.813 0.0000000000
69431  47.981  -17.826  35.750 0.0000000000
69478  47.472  -17.443  33.778 0.0000000000
69477  48.053  -17.331  34.209 0.0000000000
70665  47.317  -17.054  32.668 0.0000000000
69505  45.795  -18.189  31.561 0.0000000000
69515  46.152  -17.596  31.434 0.0000000000
69516  45.565  -17.820  30.951 0.0000000000
69530  44.765  -17.701  29.889 0.0000000000
69517  45.101  -18.062  30.488 0.0000000000
68373  43.827  -18.561  29.196 0.0000000000
68372  44.358  -18.621  29.767 0.0000000000
67349  45.139  -20.111  29.704 0.0000000000
67350  44.373  -19.623  29.354 0.0000000000
66321  45.076  -20.538  29.409 0.0000000000
65214  44.297  -20.895  28.662 0.0000000000
65201  44.850  -21.060  29.098 0.0000000000
66309  47.006  -20.701  31.065 0.0000000000
65187  44.863  -21.350  29.918 0.0000000000
65202  43.784  -21.302  29.148 0.0000000000
63885  48.796  -22.284  39.069 0.0000000000
59357  51.397  -26.587  39.611 0.0000000000
59356  52.146  -26.418  39.761 0.0000000000
60461  52.283  -25.440  39.721 0.0000000000
60462  51.559  -25.553  39.510 0.0000000000
58203  47.202  -27.698  38.208 0.0000000000
58202  47.918  -27.784  38.539 0.0000000000
59370  48.181  -26.900  38.646 0.0000000000
61572  48.987  -24.327  37.788 0.0000000000
61559  49.669  -24.770  38.492 0.0000000000
61558  50.889  -24.333  38.495 0.0000000000
62677  51.281  -23.667  38.218 0.0000000000
63901  51.487  -22.772  37.942 0.0000000000
62692  50.738  -23.252  37.288 0.0000000000
62707  49.589  -23.085  35.953 0.0000000000
65101  50.314  -21.854  36.143 0.0000000000
62721  49.954  -22.204  35.243 0.0000000000
63920  49.837  -21.994  34.783 0.0000000000
62722  49.495  -22.428  34.860 0.0000000000
62740  47.627  -22.766  34.575 0.0000000000
63933  46.669  -22.558  33.982 0.0000000000
63934  45.562  -22.732  34.306 0.0000000000
61596  44.152  -24.958  35.540 0.0000000000
62727  44.612  -24.411  35.513 0.0000000000
61614  43.788  -24.798  35.132 0.0000000000
62763  42.320  -23.921  33.604 0.0000000000
62762  42.936  -23.518  33.893 0.0000000000
63956  44.572  -22.538  33.700 0.0000000000
63983  42.350  -22.684  32.817 0.0000000000
65154  43.000  -22.052  32.536 0.0000000000
62812  40.494  -23.729  31.820 0.0000000000
58271  38.942  -27.617  31.360 0.0000000000
58288  38.498  -27.304  30.818 0.0000000000
59454  36.685  -27.108  30.176 0.0000000000
59453  37.247  -26.965  30.237 0.0000000000
59473  36.620  -26.743  29.456 0.0000000000
53432  39.196  -31.074  35.040 0.0000000000
54545  39.819  -30.438  34.609 0.0000000000
54546  38.783  -30.885  34.635 0.0000000000
53443  36.470  -31.841  33.474 0.0000000000
54557  36.904  -30.827  33.608 0.0000000000
55749  36.632  -29.855  32.871 0.0000000000
51014  36.123  -33.453  31.014 0.0000000000
52292  36.078  -33.261  31.420 0.0000000000
52293  35.683  -32.794  31.183 0.0000000000
53502  34.522  -31.834  29.523 0.0000000000
53488  34.840  -31.751  30.484 0.0000000000
54606  34.372  -30.862  30.331 0.0000000000
44656  41.888  -39.301  43.236 0.0000000000
44664  41.532  -39.094  42.587 0.0000000000
44675  39.470  -39.329  41.218 0.0000000000
44674  40.104  -39.328  41.146 0.0000000000
44682  39.266  -39.210  40.413 0.0000000000
45718  39.507  -38.959  40.162 0.0000000000
44688  38.809  -39.108  39.843 0.0000000000
47816  37.576  -36.580  41.296 0.0000000000
46778  37.710  -37.303  40.660 0.0000000000
45739  36.309  -38.167  38.505 0.0000000000
45730  36.949  -38.334  39.185 0.0000000000
45738  36.711  -38.397  38.693 0.0000000000
45737  37.415  -38.560  38.592 0.0000000000
45745  36.660  -38.366  37.774 0.0000000000
46821  36.623  -37.870  36.765 0.0000000000
45751  36.247  -38.080  37.242 0.0000000000
47869  34.571  -36.733  36.232 0.0000000000
47879  34.878  -36.752  35.417 0.0000000000
47891  34.362  -36.304  34.909 0.0000000000
47890  34.782  -36.307  34.360 0.0000000000
48883  33.740  -35.841  34.437 0.0000000000
47819  32.552  -36.950  41.901 0.0000000000
46788  31.825  -37.219  41.005 0.0000000000
47854  31.456  -36.805  39.146 0.0000000000
47844  33.155  -35.933  39.433 0.0000000000
47853  32.366  -36.205  38.753 0.0000000000
45753  29.664  -38.785  36.873 0.0000000000
46825  29.932  -38.040  37.223 0.0000000000
47871  32.498  -35.823  36.416 0.0000000000
47881  32.074  -35.734  35.787 0.0000000000
48894  31.754  -35.609  33.805 0.0000000000
48893  32.749  -35.541  33.562 0.0000000000
77194  55.521  -10.209  19.483 0.0000000000
78367  55.885  -10.034  18.704 0.0000000000
47546  32.153  -36.944  58.323 0.0000000000
46518  32.105  -37.895  58.360 0.0000000000
47533  31.477  -36.838  58.474 0.0000000000
46500  31.398  -37.321  58.441 0.0000000000
46501  30.560  -37.022  58.485 0.0000000000
46730  45.721  -37.845  45.001 0.0000000000
47752  46.341  -37.008  44.645 0.0000000000
47753  45.524  -37.065  44.404 0.0000000000
47776  46.023  -36.383  44.021 0.0000000000
48777  45.777  -35.708  43.410 0.0000000000
48800  45.476  -35.309  42.706 0.0000000000
48801  44.609  -35.635  42.723 0.0000000000
48818  44.114  -35.457  42.158 0.0000000000
48820  42.824  -35.961  41.833 0.0000000000
48836  42.422  -35.637  41.039 0.0000000000
47813  42.191  -36.695  41.595 0.0000000000
47814  41.702  -37.129  41.470 0.0000000000
46774  41.361  -37.806  41.606 0.0000000000
72973  50.678  -14.803  23.698 0.0000000000
41337  37.493  -43.786  48.570 0.0000000000
41325  37.511  -43.634  49.163 0.0000000000
43613  31.214  -40.854  48.417 0.0000000000
43622  30.766  -40.655  47.612 0.0000000000
43628  30.375  -40.461  46.470 0.0000000000
43629  29.859  -40.123  46.134 0.0000000000
44641  29.079  -39.714  45.666 0.0000000000
44651  28.387  -39.845  45.046 0.0000000000
48628  41.119  -35.557  52.657 0.0000000000
48627  41.733  -35.382  52.051 0.0000000000
46600  41.439  -36.867  52.178 0.0000000000
46615  41.025  -37.265  51.760 0.0000000000
42497  34.757  -41.114  51.462 0.0000000000
43584  34.553  -40.603  50.964 0.0000000000
42513  36.028  -41.758  48.926 0.0000000000
70753  44.717  -16.695  26.252 0.0000000000
70754  43.871  -16.957  25.886 0.0000000000
69574  43.599  -18.304  24.803 0.0000000000
40085  22.456  -43.266  51.450 0.0000000000
70604  54.952  -16.002  35.386 0.0000000000
70586  53.537  -16.523  36.645 0.0000000000
68255  46.821  -18.864  36.623 0.0000000000
66263  47.896  -20.941  34.523 0.0000000000
66262  48.535  -21.030  34.242 0.0000000000
65130  49.291  -21.759  33.760 0.0000000000
54522  44.531  -30.232  36.319 0.0000000000
55703  44.924  -29.381  36.249 0.0000000000
54532  44.082  -29.689  35.749 0.0000000000
55712  44.344  -29.268  35.810 0.0000000000
57027  43.894  -28.409  35.595 0.0000000000
58230  43.486  -27.500  35.308 0.0000000000
57028  43.339  -28.320  35.041 0.0000000000
55732  42.000  -28.987  33.869 0.0000000000
55733  41.465  -29.118  33.607 0.0000000000
57047  40.975  -28.520  33.149 0.0000000000
54554  39.423  -29.994  33.810 0.0000000000
48781  35.735  -35.509  43.603 0.0000000000
48807  34.811  -35.555  42.450 0.0000000000
48825  33.817  -35.904  41.506 0.0000000000
78309  58.864  -10.052  22.470 0.0000000000
77170  58.108  -10.219  21.777 0.0000000000
77171  57.441  -10.348  21.460 0.0000000000
41263  34.548  -42.536  53.839 0.0000000000
41264  33.888  -42.709  54.020 0.0000000000
43525  31.755  -40.226  54.889 0.0000000000
44539  31.461  -39.606  53.218 0.0000000000
45576  31.204  -38.757  52.960 0.0000000000
45577  30.461  -38.350  52.826 0.0000000000
50643  37.366  -33.670  55.324 0.0000000000
48601  37.452  -35.612  55.410 0.0000000000
48602  36.747  -35.963  55.816 0.0000000000
45526  33.914  -39.333  56.465 0.0000000000
46534  34.431  -38.454  56.725 0.0000000000
44507  33.777  -39.788  55.455 0.0000000000
43523  33.917  -40.365  54.883 0.0000000000
44517  34.161  -40.490  54.259 0.0000000000
48773  49.495  -35.513  43.860 0.0000000000
49720  50.277  -34.841  43.395 0.0000000000
49719  51.080  -34.050  42.961 0.0000000000
52159  51.415  -32.527  41.118 0.0000000000
52172  51.639  -31.987  40.770 0.0000000000
52175  49.386  -32.504  40.053 0.0000000000
49780  45.353  -33.887  39.576 0.0000000000
50924  45.903  -33.600  39.443 0.0000000000
50925  45.006  -33.720  39.111 0.0000000000
50941  45.182  -33.169  38.518 0.0000000000
52208  44.904  -32.722  38.040 0.0000000000
52225  43.319  -32.473  37.461 0.0000000000
52226  42.347  -32.523  37.048 0.0000000000
52227  41.813  -32.972  37.007 0.0000000000
50961  41.500  -33.409  36.946 0.0000000000
48859  40.180  -35.921  38.525 0.0000000000
48863  39.847  -35.782  37.802 0.0000000000
47876  38.139  -36.449  35.065 0.0000000000
46831  37.770  -36.867  35.231 0.0000000000
46832  37.391  -37.070  35.101 0.0000000000
46833  36.674  -37.395  35.552 0.0000000000
44660  31.771  -39.612  43.092 0.0000000000
43654  31.586  -40.504  42.884 0.0000000000
43666  30.999  -41.258  41.764 0.0000000000
75048  55.671  -12.651  24.508 0.0000000000
75058  55.656  -12.384  23.689 0.0000000000
75059  54.930  -12.710  23.456 0.0000000000
75060  54.374  -12.791  23.091 0.0000000000
75066  53.959  -12.624  22.523 0.0000000000
73997  51.048  -13.771  21.937 0.0000000000
73996  51.722  -13.093  21.508 0.0000000000
36876  37.708  -46.775  48.372 0.0000000000
40106  34.958  -43.647  49.900 0.0000000000
40135  33.328  -44.090  46.986 0.0000000000
37861  33.293  -45.158  46.926 0.0000000000
47666  43.359  -36.835  49.594 0.0000000000
47682  43.622  -36.556  48.892 0.0000000000
46655  43.875  -37.322  49.159 0.0000000000
46654  44.335  -37.885  48.955 0.0000000000
46672  44.862  -37.771  47.957 0.0000000000
45643  45.487  -38.330  47.285 0.0000000000
44610  44.372  -39.115  47.049 0.0000000000
44611  43.840  -39.227  46.828 0.0000000000
44624  43.369  -39.233  46.109 0.0000000000
45662  43.001  -38.709  46.491 0.0000000000
47669  40.157  -36.741  49.406 0.0000000000
47685  39.932  -36.370  48.513 0.0000000000
47686  39.100  -35.987  48.123 0.0000000000
48710  38.374  -35.649  46.761 0.0000000000
48730  37.819  -35.659  46.202 0.0000000000
48711  37.640  -35.578  47.027 0.0000000000
48712  36.837  -35.572  47.280 0.0000000000
47616  35.813  -36.238  53.022 0.0000000000
48632  35.311  -36.069  52.439 0.0000000000
48645  35.083  -36.020  51.779 0.0000000000
45616  33.203  -38.212  49.776 0.0000000000
46658  33.246  -37.221  48.547 0.0000000000
47688  33.643  -36.621  48.282 0.0000000000
46675  33.083  -37.036  47.638 0.0000000000
45648  32.872  -37.533  47.050 0.0000000000
45664  32.757  -37.494  46.268 0.0000000000
45680  33.146  -38.982  46.070 0.0000000000
41352  36.131  -42.815  46.739 0.0000000000
38983  35.778  -44.476  44.438 0.0000000000
71878  49.009  -16.017  26.327 0.0000000000
71887  48.314  -16.216  25.659 0.0000000000
69599  45.491  -18.154  22.752 0.0000000000
44509  27.824  -39.225  56.069 0.0000000000
44530  28.032  -39.131  53.757 0.0000000000
44541  27.580  -39.734  52.005 0.0000000000
40082  25.029  -42.915  51.681 0.0000000000
42501  26.519  -41.664  50.725 0.0000000000
42509  26.418  -41.549  49.635 0.0000000000
43604  26.485  -41.170  49.051 0.0000000000
43616  26.535  -41.018  48.463 0.0000000000
43624  26.538  -40.893  47.575 0.0000000000
42526  26.174  -41.382  48.029 0.0000000000
42527  25.696  -41.657  47.526 0.0000000000
76098  58.508  -11.112  26.262 0.0000000000
76077  58.938  -11.316  27.058 0.0000000000
76059  58.357  -11.753  27.433 0.0000000000
74959  57.417  -12.866  29.459 0.0000000000
73937  54.598  -13.613  28.750 0.0000000000
72878  55.063  -14.276  31.348 0.0000000000
72892  54.294  -14.274  30.490 0.0000000000
71847  52.034  -15.285  29.506 0.0000000000
71837  51.554  -15.595  29.854 0.0000000000
71802  50.853  -16.036  31.712 0.0000000000
69383  52.277  -17.063  39.313 0.0000000000
70547  52.045  -16.945  38.301 0.0000000000
69427  51.031  -17.126  37.511 0.0000000000
70589  50.451  -17.096  36.517 0.0000000000
68289  47.050  -18.192  34.467 0.0000000000
69447  48.007  -17.745  35.165 0.0000000000
69479  46.804  -17.841  33.479 0.0000000000
69495  46.615  -17.771  32.770 0.0000000000
70666  46.710  -17.470  32.323 0.0000000000
68348  45.509  -18.788  31.260 0.0000000000
67338  45.487  -19.232  30.866 0.0000000000
66311  45.862  -20.341  30.359 0.0000000000
64003  46.999  -21.671  31.423 0.0000000000
65170  46.600  -21.305  30.867 0.0000000000
65150  46.449  -21.554  31.301 0.0000000000
63866  49.270  -22.576  39.743 0.0000000000
63884  49.890  -22.236  38.806 0.0000000000
55660  50.672  -29.393  39.536 0.0000000000
56982  51.698  -28.344  39.743 0.0000000000
56983  50.883  -28.498  39.520 0.0000000000
58189  50.300  -27.670  39.376 0.0000000000
60487  47.151  -25.847  38.232 0.0000000000
60478  47.756  -26.213  38.513 0.0000000000
61573  47.768  -24.771  37.943 0.0000000000
62724  47.465  -23.217  35.518 0.0000000000
62742  45.415  -23.407  35.027 0.0000000000
60532  42.274  -25.763  34.012 0.0000000000
61615  43.129  -24.928  34.545 0.0000000000
61637  42.534  -24.936  34.116 0.0000000000
62787  41.249  -23.919  32.797 0.0000000000
62786  41.857  -23.402  32.912 0.0000000000
61671  40.385  -24.481  32.176 0.0000000000
60575  38.564  -26.457  30.030 0.0000000000
57077  38.174  -28.228  31.747 0.0000000000
58272  38.279  -27.723  31.299 0.0000000000
58273  37.523  -27.859  31.358 0.0000000000
58290  36.670  -27.613  30.816 0.0000000000
54547  38.329  -31.297  34.640 0.0000000000
53434  37.940  -31.819  34.632 0.0000000000
51060  35.688  -33.602  29.636 0.0000000000
52309  35.374  -32.682  30.220 0.0000000000
52335  35.079  -32.636  29.568 0.0000000000
44658  40.402  -39.385  42.731 0.0000000000
45702  39.949  -39.136  42.549 0.0000000000
45703  39.558  -39.115  41.927 0.0000000000
45712  38.798  -39.005  41.034 0.0000000000
47830  36.474  -36.617  40.265 0.0000000000
46787  36.715  -37.379  39.703 0.0000000000
47841  36.308  -37.210  39.447 0.0000000000
46805  35.965  -37.707  38.542 0.0000000000
46814  35.528  -37.603  37.591 0.0000000000
46822  35.750  -37.743  36.852 0.0000000000
46815  35.107  -37.189  37.270 0.0000000000
47870  33.591  -36.089  36.231 0.0000000000
46790  30.936  -38.188  40.676 0.0000000000
47835  31.767  -37.138  40.741 0.0000000000
46798  31.159  -37.376  39.762 0.0000000000
47855  30.953  -37.120  38.967 0.0000000000
46850  29.616  -38.263  35.292 0.0000000000
47884  29.999  -37.274  35.954 0.0000000000
47893  30.543  -36.395  34.775 0.0000000000
47892  31.147  -36.012  34.984 0.0000000000
76160  54.745  -11.105  20.983 0.0000000000
77185  55.389  -10.750  20.728 0.0000000000
71913  48.604  -15.853  22.682 0.0000000000
43502  33.404  -40.781  56.768 0.0000000000
41216  33.278  -42.073  56.043 0.0000000000
43503  32.811  -41.105  56.722 0.0000000000
43504  32.278  -40.517  56.775 0.0000000000
44495  31.871  -39.547  56.715 0.0000000000
46535  31.047  -38.010  55.721 0.0000000000
47544  34.718  -37.005  57.259 0.0000000000
45510  33.802  -39.331  57.020 0.0000000000
44481  33.609  -39.974  56.930 0.0000000000
47716  48.115  -36.349  46.380 0.0000000000
47749  48.915  -36.472  45.080 0.0000000000
48755  48.858  -36.125  44.405 0.0000000000
47751  47.268  -36.705  44.766 0.0000000000
48756  48.044  -36.175  44.268 0.0000000000
48774  48.645  -35.673  43.752 0.0000000000
48796  49.096  -35.269  43.308 0.0000000000
49748  48.479  -34.267  41.609 0.0000000000
49749  47.412  -34.213  41.210 0.0000000000
49751  45.248  -34.537  41.269 0.0000000000
49764  45.641  -34.118  40.252 0.0000000000
49781  44.803  -34.073  39.606 0.0000000000
49782  43.743  -34.207  39.375 0.0000000000
48858  40.694  -35.635  38.970 0.0000000000
48837  41.874  -35.901  40.658 0.0000000000
48852  40.963  -35.870  39.692 0.0000000000
47848  40.279  -36.235  39.005 0.0000000000
47849  39.782  -36.713  38.685 0.0000000000
46802  38.896  -37.575  38.279 0.0000000000
41398  33.085  -43.360  42.203 0.0000000000
41399  32.294  -42.977  41.915 0.0000000000
40185  33.205  -43.546  41.682 0.0000000000
40194  32.791  -43.866  40.143 0.0000000000
37928  33.244  -44.785  40.586 0.0000000000
39013  32.780  -44.542  40.122 0.0000000000
73975  54.632  -13.506  25.231 0.0000000000
73988  52.084  -13.990  23.371 0.0000000000
38960  36.925  -44.827  46.379 0.0000000000
38947  37.118  -44.653  46.936 0.0000000000
38946  37.369  -45.013  47.374 0.0000000000
38932  37.741  -45.161  48.520 0.0000000000
37844  38.052  -46.073  48.886 0.0000000000
37837  37.154  -46.305  49.241 0.0000000000
41314  32.735  -41.946  50.153 0.0000000000
41328  32.768  -42.125  49.181 0.0000000000
42515  31.615  -41.368  48.226 0.0000000000
41342  32.049  -42.001  47.634 0.0000000000
41353  32.525  -42.736  46.841 0.0000000000
41364  32.354  -42.959  46.390 0.0000000000
40148  32.161  -43.099  46.187 0.0000000000
42553  30.101  -41.495  44.969 0.0000000000
41378  29.518  -42.257  44.466 0.0000000000
48641  42.193  -35.717  51.493 0.0000000000
48655  42.483  -36.063  51.005 0.0000000000
47648  43.042  -37.051  50.074 0.0000000000
45600  43.096  -37.912  50.045 0.0000000000
45615  43.186  -38.236  49.498 0.0000000000
46656  42.546  -38.130  49.284 0.0000000000
47667  41.410  -37.501  49.475 0.0000000000
47668  40.877  -37.158  49.464 0.0000000000
47650  40.450  -37.213  50.085 0.0000000000
47671  38.266  -35.911  49.613 0.0000000000
46605  33.396  -37.573  52.680 0.0000000000
47618  33.801  -36.871  52.687 0.0000000000
45587  33.233  -38.404  51.774 0.0000000000
44577  34.052  -39.876  50.357 0.0000000000
44578  33.558  -39.116  50.010 0.0000000000
42522  35.516  -41.462  47.433 0.0000000000
42530  35.823  -41.951  47.128 0.0000000000
70770  45.326  -16.880  24.436 0.0000000000
69572  44.918  -17.403  24.122 0.0000000000
69584  44.932  -17.964  23.528 0.0000000000
41293  24.760  -42.721  51.092 0.0000000000
41317  24.401  -42.552  49.358 0.0000000000
41331  23.576  -42.611  48.516 0.0000000000
41319  22.488  -42.968  49.442 0.0000000000
71799  53.846  -15.497  32.696 0.0000000000
71811  52.859  -15.934  31.656 0.0000000000
71800  53.233  -15.854  32.438 0.0000000000
68276  46.714  -18.731  34.676 0.0000000000
66292  46.970  -20.188  32.291 0.0000000000
65149  47.917  -21.192  32.014 0.0000000000
66290  48.451  -20.996  33.221 0.0000000000
63978  47.644  -21.653  31.970 0.0000000000
63845  52.199  -23.196  40.502 0.0000000000
55679  47.678  -29.665  38.225 0.0000000000
56998  48.503  -28.665  38.627 0.0000000000
57009  47.286  -29.203  37.993 0.0000000000
57000  47.028  -28.227  37.996 0.0000000000
58211  46.632  -27.702  37.799 0.0000000000
58212  45.973  -27.829  37.392 0.0000000000
59380  46.106  -26.868  37.580 0.0000000000
60495  45.739  -25.987  37.209 0.0000000000
61585  45.500  -24.996  36.738 0.0000000000
62711  45.414  -24.504  36.229 0.0000000000
61586  44.930  -25.263  36.371 0.0000000000
60503  44.028  -25.623  35.680 0.0000000000
60516  43.358  -25.682  35.135 0.0000000000
58240  42.911  -27.475  34.766 0.0000000000
59406  43.070  -26.589  35.009 0.0000000000
59418  41.456  -26.636  33.285 0.0000000000
59426  40.902  -26.562  32.783 0.0000000000
59428  39.819  -26.674  31.864 0.0000000000
57048  40.179  -28.588  32.737 0.0000000000
57059  39.128  -28.487  32.161 0.0000000000
57078  37.296  -28.376  31.852 0.0000000000
57062  36.421  -29.214  32.314 0.0000000000
50993  37.610  -34.070  32.602 0.0000000000
50994  36.887  -33.490  32.294 0.0000000000
51012  37.341  -34.037  31.841 0.0000000000
49856  36.538  -34.670  30.913 0.0000000000
51059  36.127  -33.973  30.101 0.0000000000
49878  35.862  -34.591  29.827 0.0000000000
51078  35.297  -33.716  28.874 0.0000000000
47781  38.743  -36.506  43.233 0.0000000000
47817  36.736  -36.110  41.055 0.0000000000
48822  36.520  -35.742  41.800 0.0000000000
48838  36.189  -35.851  41.072 0.0000000000
43679  29.922  -40.371  38.278 0.0000000000
45741  29.998  -38.783  38.359 0.0000000000
44697  29.727  -39.600  37.552 0.0000000000
44700  29.547  -39.767  36.552 0.0000000000
45760  29.585  -38.932  35.875 0.0000000000
45771  29.547  -39.094  34.872 0.0000000000
78335  59.070  -9.585  20.739 0.0000000000
78350  58.177  -9.410  19.842 0.0000000000
78365  57.683  -9.473  18.660 0.0000000000
78366  56.602  -9.782  18.498 0.0000000000
42483  36.345  -42.598  51.910 0.0000000000
41286  36.562  -43.135  52.118 0.0000000000
40062  36.140  -43.493  52.655 0.0000000000
40048  35.928  -43.494  53.172 0.0000000000
40063  35.449  -43.458  52.855 0.0000000000
41288  34.199  -43.226  51.763 0.0000000000
41299  33.966  -43.032  51.391 0.0000000000
41300  33.396  -42.519  50.929 0.0000000000
41229  33.309  -42.177  55.547 0.0000000000
41246  33.419  -42.294  54.782 0.0000000000
41265  33.192  -42.348  54.075 0.0000000000
41290  32.910  -42.030  51.854 0.0000000000
41301  32.681  -41.834  50.975 0.0000000000
42498  32.146  -41.225  50.473 0.0000000000
43568  31.729  -40.141  51.534 0.0000000000
43586  31.384  -40.229  50.370 0.0000000000
43602  30.826  -39.834  49.487 0.0000000000
44580  29.463  -39.094  49.576 0.0000000000
49614  39.526  -34.652  54.343 0.0000000000
48610  39.378  -35.517  54.495 0.0000000000
47577  39.269  -36.374  54.279 0.0000000000
46566  39.417  -36.843  53.864 0.0000000000
46568  38.340  -36.728  54.184 0.0000000000
48591  35.778  -35.953  56.573 0.0000000000
47567  35.625  -37.218  56.293 0.0000000000
46550  35.237  -37.665  56.418 0.0000000000
47582  34.881  -37.258  55.536 0.0000000000
46587  34.039  -37.233  54.231 0.0000000000
46588  33.629  -37.571  53.819 0.0000000000
44538  33.619  -39.393  52.736 0.0000000000
44527  34.176  -40.259  53.576 0.0000000000
43550  34.435  -40.871  52.756 0.0000000000
43566  34.432  -40.674  51.948 0.0000000000
68386  43.083  -18.012  27.837 0.0000000000
69563  42.762  -18.125  26.914 0.0000000000
68398  42.506  -18.793  26.797 0.0000000000
67387  42.556  -19.801  26.066 0.0000000000
70526  53.037  -16.620  39.698 0.0000000000
69384  51.522  -17.338  39.623 0.0000000000
69401  48.822  -18.101  38.366 0.0000000000
68245  47.557  -18.843  38.303 0.0000000000
66221  46.513  -20.447  37.293 0.0000000000
65084  46.984  -21.082  37.388 0.0000000000
54477  51.312  -29.934  39.974 0.0000000000
54479  49.358  -30.398  39.116 0.0000000000
54497  48.359  -30.408  38.640 0.0000000000
50890  48.679  -33.749  40.984 0.0000000000
50904  48.792  -33.051  40.159 0.0000000000
50921  48.307  -32.529  39.642 0.0000000000
50923  46.829  -33.145  39.454 0.0000000000
52187  48.803  -32.153  39.598 0.0000000000
53367  48.307  -31.315  39.049 0.0000000000
53382  47.873  -30.879  38.617 0.0000000000
54498  47.322  -30.437  38.187 0.0000000000
54509  46.434  -30.484  37.639 0.0000000000
54510  45.527  -30.425  37.009 0.0000000000
52223  44.959  -31.833  37.550 0.0000000000
53397  44.455  -31.261  37.057 0.0000000000
54511  45.020  -30.836  36.977 0.0000000000
54523  43.601  -30.523  36.087 0.0000000000
54535  41.678  -30.616  35.142 0.0000000000
54537  40.194  -31.006  35.387 0.0000000000
53423  39.632  -31.520  35.506 0.0000000000
53413  40.966  -32.153  36.309 0.0000000000
52249  40.033  -32.046  35.976 0.0000000000
53424  39.161  -32.105  35.573 0.0000000000
52251  38.891  -32.683  35.462 0.0000000000
50972  38.135  -33.385  34.507 0.0000000000
50978  38.509  -33.948  34.250 0.0000000000
49799  41.612  -34.086  37.505 0.0000000000
49804  40.555  -34.426  36.647 0.0000000000
48867  39.629  -35.317  36.630 0.0000000000
49808  39.801  -34.453  35.944 0.0000000000
49811  39.310  -34.430  35.145 0.0000000000
49815  38.517  -34.601  33.839 0.0000000000
49816  37.978  -34.690  33.198 0.0000000000
49824  37.684  -34.889  32.600 0.0000000000
48897  37.309  -35.485  32.308 0.0000000000
47909  37.134  -35.972  32.370 0.0000000000
46861  37.280  -36.633  33.870 0.0000000000
47910  36.674  -36.098  32.145 0.0000000000
47911  35.946  -36.134  32.383 0.0000000000
47784  32.879  -36.819  43.454 0.0000000000
46768  32.117  -37.705  42.593 0.0000000000
46780  31.601  -37.974  42.011 0.0000000000
45705  31.695  -38.708  42.647 0.0000000000
45713  31.133  -38.628  41.597 0.0000000000
45722  30.501  -38.774  40.794 0.0000000000
45732  29.949  -39.039  40.170 0.0000000000
43675  29.799  -40.125  39.225 0.0000000000
41400  31.567  -42.366  41.604 0.0000000000
42577  30.967  -41.872  41.199 0.0000000000
41408  31.637  -43.071  39.792 0.0000000000
42582  31.189  -42.436  40.505 0.0000000000
42578  30.545  -41.277  40.695 0.0000000000
76138  56.849  -11.296  23.115 0.0000000000
76139  56.290  -11.553  22.637 0.0000000000
76150  56.000  -11.469  21.998 0.0000000000
75067  53.358  -12.725  22.146 0.0000000000
73995  52.404  -12.860  21.667 0.0000000000
75071  52.894  -12.582  21.534 0.0000000000
37860  36.953  -45.678  46.377 0.0000000000
38910  36.800  -44.567  50.245 0.0000000000
38933  36.693  -45.853  49.052 0.0000000000
37845  36.764  -46.410  49.019 0.0000000000
38935  35.120  -44.445  48.226 0.0000000000
37846  36.252  -46.094  48.558 0.0000000000
36870  36.483  -46.844  48.788 0.0000000000
48687  44.017  -35.857  48.147 0.0000000000
48707  46.269  -35.505  47.138 0.0000000000
48706  47.439  -35.514  46.943 0.0000000000
46687  47.370  -37.137  46.719 0.0000000000
46688  47.053  -37.735  46.599 0.0000000000
46708  46.895  -37.981  46.050 0.0000000000
45674  46.091  -38.446  46.167 0.0000000000
46709  46.178  -38.192  45.653 0.0000000000
45685  45.085  -38.212  45.022 0.0000000000
46732  44.110  -38.195  44.433 0.0000000000
46750  42.755  -38.260  43.310 0.0000000000
45693  42.923  -38.753  43.740 0.0000000000
44637  42.801  -39.235  45.241 0.0000000000
45688  42.349  -39.086  44.761 0.0000000000
44647  41.436  -39.355  43.905 0.0000000000
46751  41.056  -38.492  44.071 0.0000000000
47779  40.236  -36.913  44.030 0.0000000000
46690  42.061  -37.342  46.782 0.0000000000
47701  40.615  -36.497  47.879 0.0000000000
47733  41.304  -36.874  46.298 0.0000000000
47755  40.539  -36.722  44.814 0.0000000000
47780  39.587  -36.836  43.535 0.0000000000
47757  38.757  -36.255  44.110 0.0000000000
48761  36.927  -35.707  44.707 0.0000000000
48744  37.336  -35.722  45.527 0.0000000000
48763  34.897  -35.715  44.350 0.0000000000
47760  33.890  -36.019  44.524 0.0000000000
46585  39.098  -37.048  53.538 0.0000000000
47613  38.568  -36.932  52.213 0.0000000000
47614  37.767  -36.625  52.570 0.0000000000
48656  37.433  -35.628  49.868 0.0000000000
48659  34.887  -36.073  50.705 0.0000000000
47655  33.797  -36.647  50.404 0.0000000000
47654  34.293  -36.332  50.574 0.0000000000
48673  36.596  -35.603  49.164 0.0000000000
47721  34.436  -36.167  46.972 0.0000000000
47736  34.529  -36.117  45.996 0.0000000000
47737  33.871  -36.207  45.499 0.0000000000
47761  33.139  -36.582  44.360 0.0000000000
43646  32.612  -40.177  44.124 0.0000000000
42552  32.697  -41.075  44.142 0.0000000000
42541  34.223  -41.306  45.427 0.0000000000
40175  34.024  -43.569  43.048 0.0000000000
40183  34.365  -43.926  42.588 0.0000000000
39007  34.266  -44.503  42.107 0.0000000000
38994  35.318  -44.438  43.490 0.0000000000
37905  34.799  -44.598  42.689 0.0000000000
37906  34.417  -44.784  42.291 0.0000000000
71909  48.717  -15.690  23.727 0.0000000000
70768  47.135  -16.293  25.121 0.0000000000
69597  46.939  -17.246  21.959 0.0000000000
68397  42.794  -18.220  26.128 0.0000000000
67397  44.083  -19.531  24.351 0.0000000000
48572  30.525  -35.969  58.727 0.0000000000
46536  30.446  -37.642  56.367 0.0000000000
46555  29.474  -37.692  55.619 0.0000000000
46554  30.603  -37.793  55.123 0.0000000000
46590  30.054  -37.770  54.033 0.0000000000
45578  29.581  -38.363  52.537 0.0000000000
45567  28.738  -38.541  53.156 0.0000000000
45590  29.614  -38.576  51.652 0.0000000000
45604  29.239  -38.808  50.698 0.0000000000
43553  27.208  -40.605  52.494 0.0000000000
42500  26.946  -41.162  50.994 0.0000000000
44567  27.985  -39.620  50.085 0.0000000000
44642  28.037  -39.627  45.903 0.0000000000
43640  27.493  -39.996  45.246 0.0000000000
43631  26.395  -40.755  46.515 0.0000000000
43641  26.658  -40.462  45.465 0.0000000000
77134  58.615  -10.412  24.504 0.0000000000
77135  57.851  -10.858  24.096 0.0000000000
76111  57.412  -11.308  24.673 0.0000000000
76112  56.695  -11.759  24.404 0.0000000000
76100  56.966  -11.729  25.242 0.0000000000
75047  56.367  -12.293  24.901 0.0000000000
73974  55.276  -13.106  24.916 0.0000000000
76058  58.933  -11.687  28.072 0.0000000000
74993  58.621  -11.979  28.223 0.0000000000
75016  57.731  -11.999  27.366 0.0000000000
74995  57.222  -12.448  27.882 0.0000000000
72917  54.007  -13.960  28.728 0.0000000000
71863  50.265  -15.615  27.361 0.0000000000
71864  49.367  -15.932  27.174 0.0000000000
70732  48.780  -16.221  27.504 0.0000000000
70733  48.070  -16.496  27.599 0.0000000000
71812  52.219  -16.091  31.340 0.0000000000
71826  51.048  -15.878  30.407 0.0000000000
71827  50.172  -15.885  30.026 0.0000000000
70700  49.165  -16.028  28.662 0.0000000000
70713  48.559  -16.276  28.212 0.0000000000
70734  47.221  -16.441  27.648 0.0000000000
69551  44.246  -17.081  28.477 0.0000000000
70587  52.396  -16.724  36.663 0.0000000000
70568  52.201  -16.820  37.668 0.0000000000
69429  49.542  -17.462  36.918 0.0000000000
69444  49.981  -17.204  36.444 0.0000000000
69445  49.360  -17.409  35.951 0.0000000000
69460  49.005  -17.281  35.282 0.0000000000
70609  49.449  -17.162  35.407 0.0000000000
70630  49.208  -16.935  34.668 0.0000000000
69542  44.416  -17.331  29.165 0.0000000000
69543  43.806  -17.722  28.804 0.0000000000
68381  43.270  -18.452  28.418 0.0000000000
67343  44.685  -19.164  29.968 0.0000000000
66303  46.711  -20.244  31.442 0.0000000000
66310  46.391  -20.500  30.705 0.0000000000
65199  45.994  -20.869  29.988 0.0000000000
65200  45.694  -20.899  29.733 0.0000000000
66208  46.983  -20.452  39.046 0.0000000000
65072  47.125  -21.210  38.312 0.0000000000
65083  47.884  -21.511  37.387 0.0000000000
65093  48.853  -21.449  36.386 0.0000000000
61532  52.657  -23.826  39.996 0.0000000000
62659  52.170  -23.336  39.497 0.0000000000
58201  48.726  -27.776  38.784 0.0000000000
59368  49.743  -26.716  39.276 0.0000000000
60477  48.351  -25.937  38.657 0.0000000000
60476  49.218  -25.770  38.934 0.0000000000
61545  51.291  -24.859  39.188 0.0000000000
61556  51.881  -23.782  38.974 0.0000000000
62660  51.804  -22.944  38.890 0.0000000000
63882  51.501  -22.688  38.373 0.0000000000
63883  50.874  -22.279  38.351 0.0000000000
65080  50.758  -21.975  37.644 0.0000000000
65081  50.111  -21.773  37.426 0.0000000000
65092  49.905  -21.631  36.561 0.0000000000
65113  49.443  -21.681  34.237 0.0000000000
63930  49.362  -22.033  33.872 0.0000000000
62739  48.596  -22.539  34.279 0.0000000000
63931  48.635  -22.270  33.537 0.0000000000
63954  46.807  -22.242  33.007 0.0000000000
62726  45.211  -24.204  35.716 0.0000000000
62744  43.289  -23.966  34.428 0.0000000000
63936  43.899  -23.498  34.487 0.0000000000
63935  44.537  -23.146  34.454 0.0000000000
63981  44.668  -22.029  32.840 0.0000000000
65174  42.533  -21.851  31.783 0.0000000000
63984  41.522  -23.145  32.479 0.0000000000
59440  39.287  -26.831  31.097 0.0000000000
59451  38.782  -26.798  30.519 0.0000000000
59452  38.134  -26.922  30.193 0.0000000000
54556  37.917  -30.790  34.164 0.0000000000
55737  38.274  -29.911  33.446 0.0000000000
55769  35.960  -29.500  32.295 0.0000000000
52278  35.998  -32.902  32.029 0.0000000000
53458  35.641  -32.070  32.084 0.0000000000
53487  35.319  -32.096  30.904 0.0000000000
53473  35.417  -31.860  31.560 0.0000000000
54568  35.477  -31.147  32.251 0.0000000000
45700  41.912  -38.706  42.650 0.0000000000
46764  41.741  -38.249  42.277 0.0000000000
46775  40.823  -38.286  41.299 0.0000000000
44673  40.580  -39.094  41.566 0.0000000000
45717  39.946  -38.632  40.301 0.0000000000
45726  39.712  -38.219  39.670 0.0000000000
45735  38.601  -38.153  38.555 0.0000000000
46767  38.692  -37.510  41.759 0.0000000000
46777  38.430  -37.898  40.978 0.0000000000
45719  38.275  -38.762  40.262 0.0000000000
46786  37.358  -37.787  40.022 0.0000000000
45720  37.738  -38.434  40.006 0.0000000000
45728  38.267  -38.720  39.479 0.0000000000
45736  38.143  -38.367  38.344 0.0000000000
45743  37.809  -38.147  37.642 0.0000000000
46812  37.430  -37.991  37.188 0.0000000000
46849  36.088  -37.027  35.033 0.0000000000
48891  34.702  -35.829  33.235 0.0000000000
48892  33.694  -35.607  33.339 0.0000000000
47804  33.234  -36.440  42.375 0.0000000000
47834  32.264  -36.798  40.855 0.0000000000
47833  32.958  -36.062  40.360 0.0000000000
48854  33.660  -35.844  39.982 0.0000000000
45747  30.082  -38.165  37.993 0.0000000000
46816  30.312  -37.656  37.887 0.0000000000
47873  30.717  -36.817  37.372 0.0000000000
47864  31.481  -36.386  38.050 0.0000000000
47863  32.433  -35.956  37.661 0.0000000000
48875  33.304  -35.768  35.348 0.0000000000
48885  31.639  -35.709  34.860 0.0000000000
48902  32.878  -35.346  32.500 0.0000000000
77159  56.981  -10.956  22.342 0.0000000000
77184  56.554  -10.164  20.451 0.0000000000
78384  56.569  -10.213  17.757 0.0000000000
76171  53.616  -11.139  18.461 0.0000000000
71897  50.946  -15.067  24.610 0.0000000000
71907  50.205  -15.074  23.750 0.0000000000
72978  50.041  -14.934  22.937 0.0000000000
71912  49.366  -15.416  22.404 0.0000000000
37927  33.479  -44.696  40.788 0.0000000000
38973  36.087  -44.337  45.079 0.0000000000
38995  35.034  -44.220  43.066 0.0000000000
39002  35.009  -44.481  42.926 0.0000000000
39004  34.233  -44.199  42.204 0.0000000000
40049  35.251  -43.163  53.336 0.0000000000
40108  22.869  -43.104  49.827 0.0000000000
40109  22.495  -43.179  49.981 0.0000000000
40163  29.876  -42.748  44.767 0.0000000000
40193  33.350  -44.062  40.686 0.0000000000
41215  33.460  -41.877  56.097 0.0000000000
41227  34.074  -41.916  55.532 0.0000000000
41261  36.083  -43.667  53.184 0.0000000000
41262  35.737  -43.232  53.261 0.0000000000
41277  36.176  -43.396  52.961 0.0000000000
41377  30.193  -42.141  44.923 0.0000000000
41389  32.401  -42.470  42.677 0.0000000000
41418  31.259  -42.847  38.850 0.0000000000
42403  34.035  -41.333  55.923 0.0000000000
42404  33.707  -41.514  56.174 0.0000000000
42405  33.241  -41.639  56.378 0.0000000000
42451  31.981  -40.958  53.076 0.0000000000
42472  32.031  -40.888  52.727 0.0000000000
42542  31.209  -41.784  45.922 0.0000000000
42544  29.989  -41.070  45.009 0.0000000000
42545  26.196  -40.773  45.317 0.0000000000
42554  29.688  -41.377  44.612 0.0000000000
43495  33.065  -40.531  57.215 0.0000000000
43496  32.643  -40.383  57.156 0.0000000000
43551  32.081  -40.836  52.494 0.0000000000
43632  25.919  -40.933  46.094 0.0000000000
43637  30.453  -40.801  45.829 0.0000000000
43638  29.796  -40.447  45.466 0.0000000000
43639  29.196  -40.143  45.153 0.0000000000
43656  28.138  -40.781  43.846 0.0000000000
43663  30.769  -40.218  41.810 0.0000000000
43671  29.721  -39.930  39.803 0.0000000000
44482  33.371  -40.096  57.212 0.0000000000
44494  33.543  -40.270  56.895 0.0000000000
44579  30.296  -39.293  49.817 0.0000000000
44616  28.117  -39.652  47.593 0.0000000000
44617  27.510  -40.074  47.582 0.0000000000
44635  44.256  -39.335  45.732 0.0000000000
44640  29.609  -39.951  45.961 0.0000000000
44648  33.314  -39.970  44.983 0.0000000000
44650  28.905  -40.027  45.066 0.0000000000
44667  39.632  -39.314  41.626 0.0000000000
44669  30.872  -39.998  42.016 0.0000000000
44676  39.085  -39.318  41.110 0.0000000000
44677  30.923  -39.180  41.753 0.0000000000
44685  29.860  -39.641  40.212 0.0000000000
44689  38.691  -39.154  40.158 0.0000000000
44690  30.058  -38.876  38.928 0.0000000000
44691  29.852  -39.330  39.490 0.0000000000
45514  30.622  -37.614  57.995 0.0000000000
45542  31.087  -38.330  54.955 0.0000000000
45543  29.040  -37.997  55.391 0.0000000000
45588  30.970  -38.697  52.409 0.0000000000
45599  43.161  -37.723  50.031 0.0000000000
45602  30.298  -38.756  51.271 0.0000000000
45613  44.002  -38.041  49.619 0.0000000000
45686  44.565  -38.480  44.938 0.0000000000
45694  42.398  -38.721  43.164 0.0000000000
45695  40.944  -39.079  43.761 0.0000000000
45701  41.381  -38.677  42.201 0.0000000000
45709  40.913  -38.700  41.686 0.0000000000
45710  40.523  -38.734  41.096 0.0000000000
45711  39.291  -39.193  41.384 0.0000000000
45721  30.981  -38.293  40.984 0.0000000000
45723  30.116  -39.282  40.520 0.0000000000
45740  30.172  -38.383  38.519 0.0000000000
45746  36.104  -38.256  38.124 0.0000000000
46569  34.133  -37.433  54.756 0.0000000000
46571  30.402  -37.917  54.244 0.0000000000
46572  29.898  -37.675  54.560 0.0000000000
46589  30.213  -37.907  53.837 0.0000000000
46626  43.312  -37.547  49.943 0.0000000000
46640  44.163  -38.005  49.446 0.0000000000
46669  47.132  -36.983  47.004 0.0000000000
46753  39.685  -37.478  43.002 0.0000000000
46773  41.920  -37.372  41.798 0.0000000000
46789  31.366  -37.688  40.866 0.0000000000
46795  37.101  -38.177  39.427 0.0000000000
46797  36.120  -37.408  39.054 0.0000000000
46804  36.405  -38.093  38.728 0.0000000000
46806  31.019  -37.198  39.240 0.0000000000
46813  37.030  -38.192  37.395 0.0000000000
46817  30.040  -38.102  37.728 0.0000000000
46823  35.103  -37.261  36.890 0.0000000000
46836  30.109  -37.303  36.270 0.0000000000
47556  35.337  -37.078  57.069 0.0000000000
47568  35.185  -37.645  56.130 0.0000000000
47611  41.487  -36.446  52.229 0.0000000000
47631  41.842  -36.642  51.798 0.0000000000
47696  47.380  -36.545  46.813 0.0000000000
47714  49.198  -35.874  45.971 0.0000000000
47715  48.978  -36.001  46.095 0.0000000000
47731  48.834  -36.328  45.707 0.0000000000
47758  38.175  -36.124  43.784 0.0000000000
47799  43.484  -36.682  42.953 0.0000000000
47802  38.537  -36.843  42.245 0.0000000000
47826  41.959  -36.217  41.024 0.0000000000
47832  34.575  -35.863  40.017 0.0000000000
47860  35.134  -37.130  37.511 0.0000000000
47877  37.703  -36.772  34.927 0.0000000000
47887  37.582  -36.610  34.331 0.0000000000
47932  36.315  -35.684  31.185 0.0000000000
48609  39.852  -35.235  54.242 0.0000000000
48631  35.851  -35.995  52.245 0.0000000000
48688  43.560  -35.880  48.798 0.0000000000
48728  39.187  -35.819  45.861 0.0000000000
48729  38.530  -35.693  46.034 0.0000000000
48742  38.799  -35.831  45.426 0.0000000000
48754  49.651  -35.921  44.711 0.0000000000
48758  39.062  -35.980  45.047 0.0000000000
48778  45.160  -35.716  43.180 0.0000000000
48802  43.824  -35.913  42.569 0.0000000000
48804  37.277  -35.776  43.031 0.0000000000
48819  43.526  -35.553  41.894 0.0000000000
48851  41.565  -35.658  40.023 0.0000000000
48868  39.061  -35.817  36.089 0.0000000000
48869  33.116  -35.729  35.794 0.0000000000
48870  32.956  -35.717  36.020 0.0000000000
48877  31.898  -35.712  35.468 0.0000000000
48889  37.753  -35.437  33.037 0.0000000000
48898  37.013  -35.811  32.051 0.0000000000
48914  37.180  -35.088  31.828 0.0000000000
48948  35.313  -35.041  29.403 0.0000000000
49624  39.974  -34.651  53.890 0.0000000000
49735  44.966  -35.000  42.083 0.0000000000
49763  46.590  -34.007  40.587 0.0000000000
49784  41.690  -35.210  39.399 0.0000000000
49812  38.983  -34.491  34.493 0.0000000000
49877  36.225  -34.432  30.346 0.0000000000
49894  35.443  -34.449  29.155 0.0000000000
50642  37.973  -34.196  54.884 0.0000000000
50962  40.843  -33.459  36.527 0.0000000000
50966  40.412  -33.796  36.239 0.0000000000
50968  39.319  -33.293  35.569 0.0000000000
51035  36.358  -33.921  30.644 0.0000000000
52158  52.010  -32.280  41.319 0.0000000000
52189  47.053  -32.486  39.046 0.0000000000
52205  47.034  -31.918  38.625 0.0000000000
52241  40.436  -32.601  36.275 0.0000000000
52257  38.242  -32.682  34.968 0.0000000000
52334  35.429  -32.989  29.644 0.0000000000
52360  35.342  -33.140  29.272 0.0000000000
53354  50.297  -31.464  39.972 0.0000000000
53368  47.860  -31.527  38.979 0.0000000000
53395  45.987  -30.969  37.489 0.0000000000
53409  44.048  -30.761  36.536 0.0000000000
53457  35.922  -31.976  32.701 0.0000000000
53474  35.096  -31.514  31.130 0.0000000000
54496  48.820  -29.967  38.720 0.0000000000
54588  34.747  -30.895  31.087 0.0000000000
55691  47.068  -29.637  37.884 0.0000000000
55713  43.681  -29.194  35.367 0.0000000000
55746  39.275  -29.219  32.854 0.0000000000
57010  46.768  -28.738  37.685 0.0000000000
59371  47.464  -26.876  38.402 0.0000000000
59427  40.353  -26.562  32.399 0.0000000000
60463  50.944  -25.884  39.489 0.0000000000
60474  50.983  -25.171  39.259 0.0000000000
60486  47.794  -25.583  38.394 0.0000000000
61544  51.677  -24.679  39.274 0.0000000000
61557  51.690  -23.990  38.765 0.0000000000
61560  48.648  -25.075  38.462 0.0000000000
61570  50.631  -23.768  37.855 0.0000000000
61594  45.088  -24.738  36.188 0.0000000000
61613  44.295  -24.592  35.424 0.0000000000
61638  41.980  -24.938  33.658 0.0000000000
61660  40.267  -25.083  32.267 0.0000000000
62675  52.006  -23.639  39.122 0.0000000000
62691  51.388  -22.899  37.709 0.0000000000
62695  47.545  -24.167  37.297 0.0000000000
62788  40.670  -24.188  32.398 0.0000000000
63919  50.185  -22.050  35.597 0.0000000000
64002  47.154  -21.458  31.334 0.0000000000
65068  50.748  -22.013  37.959 0.0000000000
65069  50.375  -21.961  38.031 0.0000000000
65091  50.658  -21.852  36.897 0.0000000000
65104  47.824  -21.180  35.360 0.0000000000
65184  46.828  -20.869  30.752 0.0000000000
66319  46.084  -20.697  30.232 0.0000000000
66331  44.458  -20.550  28.940 0.0000000000
68362  44.834  -18.672  30.281 0.0000000000
69397  52.177  -17.035  38.735 0.0000000000
69413  51.226  -17.145  37.949 0.0000000000
69461  48.438  -17.415  34.806 0.0000000000
69463  47.022  -17.855  34.061 0.0000000000
69494  47.133  -17.426  33.202 0.0000000000
69529  45.324  -17.513  30.322 0.0000000000
69553  43.035  -17.867  27.369 0.0000000000
69585  44.419  -18.282  23.967 0.0000000000
70673  52.452  -16.164  31.735 0.0000000000
70675  51.721  -16.257  31.969 0.0000000000
70705  44.833  -17.069  29.460 0.0000000000
70731  49.231  -16.032  27.697 0.0000000000
71789  53.530  -15.706  33.087 0.0000000000
71801  51.177  -16.130  31.787 0.0000000000
71879  48.517  -16.297  26.424 0.0000000000
72971  52.222  -14.098  23.687 0.0000000000
73993  51.232  -14.012  22.532 0.0000000000
77173  55.673  -11.013  21.261 0.0000000000
78352  56.190  -9.789  19.192 0.0000000000
