#!ascii label  , from subject abby vox2ras=TkReg
1132
56862  24.803  -26.709  46.944 0.0000000000
59176  37.197  -25.862  51.747 0.0000000000
78223  40.033  -9.377  31.216 0.0000000000
67263  31.651  -19.697  39.007 0.0000000000
63823  38.912  -23.339  43.228 0.0000000000
86567  50.202  -1.419  21.709 0.0000000000
74912  40.606  -12.242  33.496 0.0000000000
73871  35.642  -12.945  33.835 0.0000000000
50808  22.536  -32.450  46.905 0.0000000000
59224  31.364  -25.319  49.085 0.0000000000
55532  34.885  -26.462  46.123 0.0000000000
59275  28.096  -24.928  44.435 0.0000000000
81559  46.338  -6.567  25.439 0.0000000000
59165  28.270  -25.490  51.721 0.0000000000
56785  22.828  -28.231  52.072 0.0000000000
81476  45.731  -6.348  30.246 0.0000000000
49656  21.959  -33.201  50.913 0.0000000000
48650  17.348  -35.572  51.560 0.0000000000
72797  34.859  -13.909  38.935 0.0000000000
65034  35.567  -21.454  42.535 0.0000000000
60470  36.802  -25.199  39.648 0.0000000000
55594  36.388  -27.692  42.606 0.0000000000
74871  40.382  -12.290  36.210 0.0000000000
73852  38.527  -12.623  34.033 0.0000000000
74884  37.668  -12.570  35.801 0.0000000000
75987  43.153  -11.790  35.833 0.0000000000
56905  23.450  -28.844  44.737 0.0000000000
53290  23.208  -31.238  44.614 0.0000000000
54370  22.633  -29.844  46.345 0.0000000000
58078  28.385  -25.579  47.804 0.0000000000
59251  29.673  -25.131  46.682 0.0000000000
58107  26.133  -26.203  45.451 0.0000000000
58132  25.273  -27.347  42.846 0.0000000000
80450  40.396  -7.393  28.979 0.0000000000
79364  42.837  -8.730  32.761 0.0000000000
80434  42.745  -7.583  31.379 0.0000000000
81496  42.896  -6.472  28.759 0.0000000000
56759  23.483  -28.578  53.908 0.0000000000
53217  22.680  -31.258  51.245 0.0000000000
51959  23.026  -31.454  53.403 0.0000000000
47561  19.477  -35.241  56.736 0.0000000000
47604  19.472  -34.359  53.640 0.0000000000
46595  17.208  -35.799  54.207 0.0000000000
46580  14.614  -37.546  54.144 0.0000000000
45534  15.359  -37.295  56.769 0.0000000000
67202  37.010  -19.246  44.666 0.0000000000
65032  37.116  -22.352  42.573 0.0000000000
62653  37.014  -23.368  40.069 0.0000000000
61565  38.777  -24.007  39.783 0.0000000000
56902  33.727  -26.390  43.484 0.0000000000
55559  35.899  -27.405  44.251 0.0000000000
55596  34.470  -27.663  41.935 0.0000000000
54464  34.776  -28.622  40.802 0.0000000000
70534  33.179  -16.227  39.725 0.0000000000
71747  32.582  -15.057  36.865 0.0000000000
68269  31.001  -18.330  36.411 0.0000000000
88910  53.204  1.011  19.830 0.0000000000
87742  51.296  -0.699  19.484 0.0000000000
76021  40.585  -11.196  32.319 0.0000000000
74940  38.116  -12.549  31.791 0.0000000000
76002  42.821  -10.998  33.736 0.0000000000
56816  34.196  -25.894  50.583 0.0000000000
55505  35.484  -26.517  48.540 0.0000000000
58074  33.665  -25.454  48.025 0.0000000000
59272  31.712  -24.705  44.999 0.0000000000
60414  30.628  -24.847  42.523 0.0000000000
81524  48.628  -6.526  27.681 0.0000000000
81567  49.200  -5.977  25.263 0.0000000000
83479  48.907  -4.544  23.287 0.0000000000
84479  48.796  -4.014  20.730 0.0000000000
59228  26.692  -25.862  48.863 0.0000000000
58051  23.273  -27.749  49.047 0.0000000000
59184  25.910  -25.474  51.575 0.0000000000
58031  30.185  -25.547  50.356 0.0000000000
81508  45.644  -6.403  28.321 0.0000000000
54348  23.013  -30.006  49.545 0.0000000000
48695  22.155  -33.080  48.643 0.0000000000
48698  20.533  -34.350  48.642 0.0000000000
48620  21.577  -33.491  53.161 0.0000000000
47661  19.345  -34.615  51.065 0.0000000000
45490  12.846  -37.931  59.244 0.0000000000
74866  37.231  -12.579  38.281 0.0000000000
69360  34.173  -17.150  41.443 0.0000000000
68208  35.341  -18.218  42.884 0.0000000000
66196  33.513  -20.273  41.350 0.0000000000
63894  34.699  -22.995  38.863 0.0000000000
61579  36.046  -24.442  37.935 0.0000000000
58216  34.868  -27.285  37.120 0.0000000000
55527  37.226  -27.145  46.806 0.0000000000
56899  38.732  -26.664  44.763 0.0000000000
60430  39.283  -25.326  41.968 0.0000000000
58174  36.689  -26.697  40.888 0.0000000000
56988  35.061  -27.889  39.159 0.0000000000
73832  34.743  -13.548  36.236 0.0000000000
72861  32.430  -14.481  33.187 0.0000000000
74862  40.389  -12.271  37.217 0.0000000000
74872  39.415  -12.412  36.367 0.0000000000
74863  39.402  -12.348  37.393 0.0000000000
74860  42.168  -12.024  36.969 0.0000000000
56876  23.758  -27.673  45.968 0.0000000000
54378  22.825  -29.510  45.615 0.0000000000
55533  23.186  -27.899  46.595 0.0000000000
58080  26.006  -26.072  47.294 0.0000000000
58093  27.055  -25.573  46.741 0.0000000000
58094  26.017  -26.232  46.309 0.0000000000
56889  24.701  -27.268  45.489 0.0000000000
79376  39.782  -8.464  30.134 0.0000000000
78222  40.928  -9.391  31.833 0.0000000000
79369  42.776  -8.261  31.987 0.0000000000
79374  41.359  -8.010  31.018 0.0000000000
80441  41.624  -7.133  30.279 0.0000000000
46543  18.255  -35.708  56.744 0.0000000000
46576  18.273  -35.485  55.042 0.0000000000
46562  17.512  -35.882  55.891 0.0000000000
46578  16.786  -36.168  54.942 0.0000000000
46564  15.700  -36.816  55.573 0.0000000000
45548  14.808  -37.515  55.854 0.0000000000
63812  37.711  -22.499  44.182 0.0000000000
65018  38.379  -23.223  43.146 0.0000000000
63838  38.140  -22.712  41.769 0.0000000000
63871  38.815  -23.842  41.845 0.0000000000
59192  37.382  -26.234  50.467 0.0000000000
58140  33.108  -26.283  42.178 0.0000000000
55581  34.083  -26.896  42.850 0.0000000000
56924  33.516  -27.038  41.603 0.0000000000
55646  33.012  -28.609  40.580 0.0000000000
69392  31.962  -17.493  39.422 0.0000000000
70555  31.858  -16.735  38.440 0.0000000000
86560  50.029  -2.139  22.728 0.0000000000
86558  51.124  -1.131  23.136 0.0000000000
87707  51.641  -0.494  22.852 0.0000000000
88890  51.952  0.367  21.655 0.0000000000
87733  50.577  -0.776  21.045 0.0000000000
74925  40.642  -11.817  32.731 0.0000000000
74938  39.800  -11.854  32.134 0.0000000000
74926  39.550  -12.383  32.701 0.0000000000
74914  37.253  -12.548  34.203 0.0000000000
73888  37.676  -12.659  32.386 0.0000000000
73905  35.765  -13.385  31.880 0.0000000000
74879  42.423  -12.298  35.015 0.0000000000
74911  41.703  -11.900  33.429 0.0000000000
76012  41.833  -11.158  33.013 0.0000000000
50845  22.620  -32.220  44.898 0.0000000000
50828  22.008  -33.613  46.112 0.0000000000
58045  33.214  -25.616  50.078 0.0000000000
56847  33.774  -25.907  49.351 0.0000000000
59236  32.213  -25.243  48.798 0.0000000000
59259  29.211  -24.846  45.829 0.0000000000
59258  30.579  -24.806  45.940 0.0000000000
59273  30.391  -24.672  44.944 0.0000000000
60397  30.919  -24.519  43.590 0.0000000000
60399  29.233  -24.796  43.166 0.0000000000
59294  27.034  -25.843  43.050 0.0000000000
62700  34.234  -23.706  37.402 0.0000000000
81546  47.469  -6.556  26.606 0.0000000000
81556  49.331  -6.416  26.000 0.0000000000
81558  47.356  -6.489  25.652 0.0000000000
82538  48.178  -5.623  23.465 0.0000000000
82550  47.969  -5.466  21.809 0.0000000000
84464  48.629  -4.192  22.176 0.0000000000
58033  27.713  -25.550  51.149 0.0000000000
59201  25.857  -25.812  50.431 0.0000000000
59183  27.081  -25.561  51.530 0.0000000000
136440  29.072  -25.416  51.128 0.0000000000
136448  28.309  -25.353  49.633 0.0000000000
81507  46.633  -6.465  28.426 0.0000000000
81493  45.687  -6.351  29.329 0.0000000000
81529  43.647  -6.424  27.067 0.0000000000
58016  22.983  -27.253  50.997 0.0000000000
55507  22.735  -29.195  49.247 0.0000000000
55501  22.627  -29.271  50.197 0.0000000000
50726  22.652  -32.281  50.966 0.0000000000
50746  22.386  -32.242  49.945 0.0000000000
48677  21.885  -33.093  49.428 0.0000000000
48697  21.154  -33.806  48.780 0.0000000000
48679  20.803  -33.848  49.879 0.0000000000
48616  20.821  -33.670  54.488 0.0000000000
47626  18.573  -35.003  53.050 0.0000000000
47624  19.645  -34.388  52.660 0.0000000000
47662  18.781  -34.821  51.226 0.0000000000
48665  18.881  -34.849  50.344 0.0000000000
70512  35.091  -15.770  41.076 0.0000000000
66169  35.946  -20.497  43.841 0.0000000000
68196  36.538  -18.180  43.824 0.0000000000
67225  35.145  -19.427  43.292 0.0000000000
67227  33.993  -19.116  42.426 0.0000000000
66195  34.183  -20.636  41.559 0.0000000000
65062  34.218  -21.638  40.336 0.0000000000
65053  34.779  -21.835  41.041 0.0000000000
61551  37.210  -24.351  39.559 0.0000000000
62684  35.995  -23.641  38.868 0.0000000000
60482  36.445  -25.252  38.811 0.0000000000
60492  35.865  -25.382  37.784 0.0000000000
59376  35.925  -26.354  38.510 0.0000000000
55513  35.224  -26.557  47.533 0.0000000000
55511  35.963  -26.519  47.941 0.0000000000
55520  35.545  -26.803  46.807 0.0000000000
54399  36.268  -27.555  43.541 0.0000000000
55557  36.959  -27.437  44.493 0.0000000000
55575  37.493  -27.088  43.626 0.0000000000
58129  38.671  -25.990  43.511 0.0000000000
56937  37.644  -26.488  42.556 0.0000000000
58172  37.661  -26.277  41.686 0.0000000000
55641  36.638  -27.288  41.916 0.0000000000
55644  34.339  -28.766  40.073 0.0000000000
56966  35.029  -28.303  39.929 0.0000000000
73818  36.210  -12.774  38.841 0.0000000000
73830  36.465  -12.880  36.918 0.0000000000
72818  35.017  -13.588  37.397 0.0000000000
70614  31.273  -16.287  35.156 0.0000000000
72832  32.706  -14.426  35.060 0.0000000000
90037  53.878  1.202  19.183 0.0000000000
74881  40.411  -12.415  35.239 0.0000000000
74913  39.679  -12.508  33.618 0.0000000000
74882  39.449  -12.536  35.399 0.0000000000
74898  37.720  -12.521  34.762 0.0000000000
74915  36.999  -12.503  34.540 0.0000000000
75982  42.998  -11.720  36.808 0.0000000000
74869  42.271  -12.166  35.993 0.0000000000
54389  23.599  -30.522  44.291 0.0000000000
54369  22.660  -30.587  45.868 0.0000000000
53262  22.516  -30.899  46.663 0.0000000000
58063  29.811  -25.375  48.586 0.0000000000
59238  30.761  -24.890  47.823 0.0000000000
58091  28.991  -25.388  47.277 0.0000000000
58105  28.008  -25.113  46.266 0.0000000000
59261  27.399  -25.288  44.993 0.0000000000
59277  26.249  -26.279  43.656 0.0000000000
58120  26.134  -26.220  44.600 0.0000000000
56914  24.595  -27.909  43.577 0.0000000000
81571  45.628  -6.782  24.664 0.0000000000
60329  27.587  -25.003  52.995 0.0000000000
79363  43.773  -8.347  32.804 0.0000000000
80433  43.630  -7.501  31.658 0.0000000000
80439  43.628  -6.879  30.919 0.0000000000
81478  43.687  -6.276  30.066 0.0000000000
81479  42.778  -6.543  29.731 0.0000000000
80449  41.362  -6.982  29.224 0.0000000000
56772  22.958  -28.441  53.139 0.0000000000
55497  22.594  -29.815  51.754 0.0000000000
55492  23.190  -29.507  53.437 0.0000000000
53208  22.691  -31.187  52.265 0.0000000000
50709  22.831  -32.237  51.970 0.0000000000
47571  20.382  -34.066  54.919 0.0000000000
47588  19.399  -34.692  54.640 0.0000000000
47606  17.937  -35.369  53.736 0.0000000000
48623  17.459  -35.520  53.200 0.0000000000
47608  16.146  -36.304  53.040 0.0000000000
65004  36.881  -21.428  44.352 0.0000000000
65033  36.276  -21.959  42.620 0.0000000000
63841  35.942  -22.411  41.245 0.0000000000
63839  37.473  -22.477  41.592 0.0000000000
62652  37.694  -23.451  40.294 0.0000000000
60469  37.553  -24.937  39.998 0.0000000000
56888  34.555  -26.260  45.048 0.0000000000
55545  35.210  -26.772  44.905 0.0000000000
55561  34.879  -27.167  43.947 0.0000000000
55579  35.143  -27.602  42.766 0.0000000000
54402  35.163  -28.141  42.186 0.0000000000
54444  35.733  -28.416  41.906 0.0000000000
55620  34.562  -28.435  41.234 0.0000000000
55645  33.610  -28.897  40.394 0.0000000000
70553  33.973  -15.358  39.006 0.0000000000
71732  33.683  -14.597  37.904 0.0000000000
70576  32.253  -15.754  37.602 0.0000000000
70594  31.381  -16.075  36.403 0.0000000000
88889  52.809  0.701  21.799 0.0000000000
88911  52.369  0.388  19.533 0.0000000000
77063  40.484  -10.404  31.872 0.0000000000
77071  39.151  -10.288  30.923 0.0000000000
76023  39.308  -11.416  31.600 0.0000000000
73887  38.523  -12.641  32.676 0.0000000000
73903  37.361  -12.938  31.255 0.0000000000
75985  45.220  -11.168  35.672 0.0000000000
77041  44.699  -10.457  34.595 0.0000000000
78212  44.151  -9.634  33.832 0.0000000000
77049  42.848  -10.318  33.457 0.0000000000
77055  41.561  -10.381  32.621 0.0000000000
58007  35.500  -26.169  50.628 0.0000000000
58024  36.493  -26.403  50.083 0.0000000000
56814  35.290  -26.383  49.958 0.0000000000
56846  34.600  -26.116  48.383 0.0000000000
56860  34.363  -25.970  47.333 0.0000000000
59249  31.610  -24.910  47.297 0.0000000000
59248  33.214  -25.014  46.623 0.0000000000
58101  34.042  -25.730  45.842 0.0000000000
59289  32.570  -25.372  44.028 0.0000000000
59307  32.277  -25.512  42.942 0.0000000000
60451  31.221  -25.618  41.019 0.0000000000
82531  50.125  -5.490  24.878 0.0000000000
81577  47.847  -6.058  24.210 0.0000000000
82532  49.107  -5.412  24.483 0.0000000000
83473  49.802  -4.605  24.176 0.0000000000
84459  49.555  -3.600  23.237 0.0000000000
85499  49.713  -2.717  22.798 0.0000000000
85504  49.434  -2.761  21.756 0.0000000000
86581  49.787  -2.167  20.338 0.0000000000
58067  25.248  -26.429  47.725 0.0000000000
58068  24.217  -26.908  48.240 0.0000000000
59215  25.026  -26.505  48.987 0.0000000000
58034  23.880  -26.801  50.533 0.0000000000
58015  23.576  -26.922  51.615 0.0000000000
60357  26.333  -25.392  52.029 0.0000000000
57998  23.535  -27.268  52.710 0.0000000000
59144  23.979  -26.468  54.757 0.0000000000
59177  36.452  -25.735  52.093 0.0000000000
58009  35.211  -25.675  51.776 0.0000000000
56817  33.710  -25.651  50.971 0.0000000000
59197  32.601  -25.635  50.734 0.0000000000
59198  31.323  -25.512  50.574 0.0000000000
58061  30.892  -25.502  49.545 0.0000000000
136445  28.938  -25.341  49.217 0.0000000000
59240  27.262  -25.764  48.381 0.0000000000
81505  48.735  -6.493  28.625 0.0000000000
81525  47.576  -6.534  27.567 0.0000000000
81547  46.462  -6.524  26.448 0.0000000000
81509  44.684  -6.232  28.167 0.0000000000
81528  44.619  -6.462  27.152 0.0000000000
81548  45.484  -6.579  26.268 0.0000000000
56851  23.068  -28.185  48.246 0.0000000000
54361  22.472  -30.422  48.121 0.0000000000
53247  22.352  -31.029  47.962 0.0000000000
54341  22.671  -30.715  50.817 0.0000000000
52038  22.352  -31.775  48.764 0.0000000000
49695  22.555  -32.917  47.308 0.0000000000
49685  22.200  -33.795  47.413 0.0000000000
49687  20.815  -34.466  47.051 0.0000000000
49640  22.319  -32.606  53.227 0.0000000000
48634  21.612  -33.474  52.250 0.0000000000
47622  20.693  -33.848  52.144 0.0000000000
47658  20.817  -33.955  51.009 0.0000000000
47677  19.888  -34.545  50.095 0.0000000000
45507  14.092  -37.753  58.618 0.0000000000
74854  39.416  -12.293  38.392 0.0000000000
72789  34.983  -14.183  39.922 0.0000000000
70552  34.418  -15.281  39.768 0.0000000000
70514  33.648  -16.324  40.437 0.0000000000
68232  32.294  -18.574  40.356 0.0000000000
69339  35.119  -17.208  42.186 0.0000000000
68223  33.428  -18.442  41.632 0.0000000000
67253  32.621  -20.108  40.408 0.0000000000
65064  33.160  -21.183  39.845 0.0000000000
63895  33.472  -22.441  38.930 0.0000000000
63907  34.920  -23.386  38.026 0.0000000000
63876  35.591  -23.192  39.629 0.0000000000
63893  35.564  -23.429  38.617 0.0000000000
62699  35.065  -23.953  37.346 0.0000000000
60500  35.551  -25.414  36.712 0.0000000000
58225  35.081  -27.588  36.306 0.0000000000
62631  39.955  -23.914  43.810 0.0000000000
58058  37.475  -26.476  48.924 0.0000000000
58057  37.742  -26.601  48.252 0.0000000000
58086  39.068  -26.441  46.426 0.0000000000
55542  36.513  -27.351  45.250 0.0000000000
55540  37.968  -27.145  45.193 0.0000000000
58099  39.646  -26.217  45.756 0.0000000000
59269  39.925  -25.902  44.350 0.0000000000
59322  40.283  -25.001  43.122 0.0000000000
61526  39.578  -24.419  42.490 0.0000000000
61536  38.828  -24.518  41.094 0.0000000000
60449  37.685  -25.411  40.575 0.0000000000
59344  36.699  -26.037  40.233 0.0000000000
55642  36.050  -28.212  40.818 0.0000000000
56965  35.722  -27.711  40.145 0.0000000000
58193  36.258  -26.816  39.376 0.0000000000
58208  34.767  -27.922  38.228 0.0000000000
74874  37.394  -12.597  36.801 0.0000000000
73839  36.211  -12.781  35.792 0.0000000000
73855  35.437  -12.898  34.822 0.0000000000
72820  33.787  -14.180  36.679 0.0000000000
73857  33.915  -13.478  34.976 0.0000000000
73892  33.993  -13.541  33.360 0.0000000000
86580  50.269  -1.897  19.634 0.0000000000
74853  40.415  -12.278  38.235 0.0000000000
74852  41.299  -12.009  38.037 0.0000000000
56863  23.775  -27.337  47.151 0.0000000000
56861  25.253  -26.487  46.947 0.0000000000
56874  25.398  -26.465  46.749 0.0000000000
56875  24.823  -26.855  46.325 0.0000000000
78230  39.822  -8.835  30.600 0.0000000000
78231  39.190  -9.460  30.216 0.0000000000
79371  40.888  -8.666  31.329 0.0000000000
79375  40.554  -8.245  30.540 0.0000000000
46563  16.450  -36.476  55.947 0.0000000000
45546  16.206  -36.602  56.455 0.0000000000
63810  38.691  -23.143  43.684 0.0000000000
63824  38.490  -23.268  42.876 0.0000000000
63837  38.469  -23.114  42.208 0.0000000000
63836  38.789  -23.444  42.657 0.0000000000
59175  38.232  -25.909  51.476 0.0000000000
59345  32.369  -26.516  40.881 0.0000000000
58154  32.885  -26.805  41.199 0.0000000000
56941  32.942  -27.752  40.850 0.0000000000
68241  31.910  -18.682  39.599 0.0000000000
68250  31.627  -18.668  38.623 0.0000000000
86559  50.524  -1.654  22.895 0.0000000000
87708  50.955  -0.955  22.795 0.0000000000
87721  50.746  -0.800  22.164 0.0000000000
73870  36.626  -12.651  33.779 0.0000000000
73889  36.662  -12.780  32.652 0.0000000000
73890  35.766  -13.026  32.839 0.0000000000
74894  41.568  -12.370  34.214 0.0000000000
74893  42.526  -12.142  34.183 0.0000000000
50826  22.595  -32.293  45.565 0.0000000000
50827  22.403  -33.014  45.907 0.0000000000
59223  32.098  -25.362  49.377 0.0000000000
58060  33.080  -25.310  49.086 0.0000000000
59274  29.142  -24.549  44.798 0.0000000000
59292  29.100  -24.625  43.899 0.0000000000
59293  28.077  -25.282  43.420 0.0000000000
83491  48.233  -4.918  21.416 0.0000000000
59200  26.886  -25.656  50.804 0.0000000000
58014  27.576  -25.568  51.457 0.0000000000
136443  28.373  -25.474  51.320 0.0000000000
136444  28.094  -25.514  51.238 0.0000000000
81466  44.971  -6.389  31.004 0.0000000000
81492  46.685  -6.357  29.368 0.0000000000
56801  22.921  -27.637  51.503 0.0000000000
56802  22.474  -28.246  50.978 0.0000000000
56786  22.464  -28.776  51.615 0.0000000000
49655  22.392  -32.738  51.376 0.0000000000
49664  22.229  -32.823  50.284 0.0000000000
49665  21.861  -33.279  50.139 0.0000000000
48678  21.458  -33.454  49.578 0.0000000000
48662  21.467  -33.510  50.479 0.0000000000
48606  21.081  -33.341  54.919 0.0000000000
48636  17.990  -35.242  52.542 0.0000000000
47644  18.697  -34.910  52.175 0.0000000000
48649  18.187  -35.229  51.410 0.0000000000
48666  18.367  -35.267  50.449 0.0000000000
66170  35.387  -20.533  43.294 0.0000000000
66185  34.812  -20.638  42.454 0.0000000000
66194  34.730  -21.120  41.749 0.0000000000
65045  34.647  -21.376  41.373 0.0000000000
65044  35.240  -21.714  41.633 0.0000000000
61552  36.561  -24.421  39.025 0.0000000000
59375  36.326  -25.885  38.697 0.0000000000
55521  35.257  -26.658  46.787 0.0000000000
55531  35.266  -26.734  45.930 0.0000000000
54419  36.240  -27.694  42.957 0.0000000000
54418  36.591  -27.528  43.335 0.0000000000
55593  36.904  -27.424  42.933 0.0000000000
55592  37.339  -27.063  43.188 0.0000000000
55616  36.773  -27.212  42.255 0.0000000000
55617  36.440  -27.650  42.157 0.0000000000
73819  35.633  -13.243  38.410 0.0000000000
73824  35.695  -13.212  37.548 0.0000000000
72807  34.982  -13.629  38.090 0.0000000000
74883  38.524  -12.568  35.578 0.0000000000
74899  36.994  -12.494  35.259 0.0000000000
75973  43.753  -11.517  37.591 0.0000000000
74861  41.313  -12.167  37.083 0.0000000000
74870  41.334  -12.243  36.102 0.0000000000
74880  41.432  -12.410  35.130 0.0000000000
53263  22.577  -30.339  47.004 0.0000000000
58077  29.304  -25.405  47.979 0.0000000000
58106  27.031  -25.495  45.767 0.0000000000
59260  28.126  -24.970  45.369 0.0000000000
58119  26.705  -25.661  45.038 0.0000000000
56890  23.955  -27.961  45.123 0.0000000000
56903  24.672  -27.585  44.622 0.0000000000
56904  23.760  -28.480  44.290 0.0000000000
79360  43.298  -8.980  33.244 0.0000000000
80438  44.297  -6.802  31.149 0.0000000000
80440  42.723  -6.928  30.652 0.0000000000
80442  40.789  -7.491  29.782 0.0000000000
57988  23.386  -27.666  53.571 0.0000000000
54333  23.129  -30.828  53.404 0.0000000000
53198  22.795  -31.137  53.055 0.0000000000
51974  22.821  -31.630  52.733 0.0000000000
47560  19.909  -34.783  56.295 0.0000000000
47572  19.988  -34.617  55.303 0.0000000000
47590  18.111  -35.465  54.630 0.0000000000
47589  18.683  -35.231  54.859 0.0000000000
46594  17.770  -35.555  54.421 0.0000000000
47607  16.825  -35.799  53.175 0.0000000000
46596  16.169  -36.461  53.762 0.0000000000
46579  15.540  -36.875  54.772 0.0000000000
46597  14.859  -37.356  53.296 0.0000000000
44512  14.554  -37.667  56.457 0.0000000000
44500  14.718  -37.615  56.954 0.0000000000
65020  37.347  -22.469  43.667 0.0000000000
65021  36.439  -21.642  43.579 0.0000000000
65042  36.847  -22.072  41.916 0.0000000000
63873  38.342  -23.530  40.675 0.0000000000
63856  37.994  -22.946  40.868 0.0000000000
62666  38.137  -23.958  39.983 0.0000000000
61550  37.977  -24.284  39.926 0.0000000000
56901  34.241  -26.480  44.040 0.0000000000
56900  34.702  -26.742  44.360 0.0000000000
55597  34.074  -27.116  42.181 0.0000000000
55580  34.487  -27.072  43.129 0.0000000000
54401  35.611  -27.837  42.650 0.0000000000
55595  34.747  -28.182  41.759 0.0000000000
54422  34.882  -28.408  41.578 0.0000000000
70575  33.272  -15.256  38.242 0.0000000000
70554  32.782  -15.918  38.765 0.0000000000
69422  31.255  -17.733  37.184 0.0000000000
70577  31.426  -16.773  37.361 0.0000000000
69437  31.151  -17.298  36.393 0.0000000000
87732  51.150  -0.373  20.350 0.0000000000
88900  51.754  0.228  20.546 0.0000000000
88912  51.647  -0.089  19.754 0.0000000000
87741  51.916  -0.338  19.028 0.0000000000
77064  39.607  -10.513  31.440 0.0000000000
76022  40.028  -11.226  31.926 0.0000000000
74939  38.840  -12.196  31.663 0.0000000000
73851  39.011  -12.670  33.698 0.0000000000
73868  38.404  -12.661  33.275 0.0000000000
73904  36.590  -13.291  31.500 0.0000000000
75981  43.948  -11.520  36.616 0.0000000000
75986  44.201  -11.418  35.602 0.0000000000
76001  43.338  -10.974  34.194 0.0000000000
75992  43.884  -11.086  34.758 0.0000000000
77042  43.917  -10.584  34.360 0.0000000000
77047  44.206  -10.147  34.211 0.0000000000
77048  43.545  -10.354  33.868 0.0000000000
78213  43.431  -9.650  33.497 0.0000000000
76013  41.150  -11.183  32.667 0.0000000000
77056  40.963  -10.687  32.351 0.0000000000
77062  41.101  -10.095  32.185 0.0000000000
56797  35.174  -26.106  50.514 0.0000000000
56796  35.549  -26.285  50.368 0.0000000000
56815  34.744  -26.201  50.171 0.0000000000
58059  33.931  -25.728  48.472 0.0000000000
58088  33.728  -25.501  46.985 0.0000000000
59239  29.910  -25.204  47.475 0.0000000000
59250  30.713  -24.857  46.929 0.0000000000
59257  31.914  -24.812  46.213 0.0000000000
59256  32.959  -25.007  46.117 0.0000000000
59255  33.551  -25.330  46.338 0.0000000000
59271  32.921  -25.250  45.114 0.0000000000
58117  33.887  -25.791  44.934 0.0000000000
60398  30.256  -24.568  43.389 0.0000000000
59308  31.824  -25.140  43.278 0.0000000000
60413  31.494  -24.998  42.970 0.0000000000
60432  31.469  -25.410  41.867 0.0000000000
60433  30.626  -25.329  41.317 0.0000000000
59278  25.752  -26.747  43.199 0.0000000000
81523  49.714  -6.535  27.792 0.0000000000
81566  49.962  -6.075  25.484 0.0000000000
82525  50.618  -5.711  25.580 0.0000000000
81578  47.210  -6.463  23.657 0.0000000000
81569  47.208  -6.454  24.716 0.0000000000
83480  48.401  -5.126  22.910 0.0000000000
82537  48.728  -5.197  23.921 0.0000000000
83474  49.140  -4.928  23.986 0.0000000000
83478  49.630  -4.086  23.655 0.0000000000
84471  48.568  -4.194  21.522 0.0000000000
84463  49.006  -3.669  22.330 0.0000000000
84470  49.020  -3.466  21.204 0.0000000000
59229  25.807  -26.128  48.384 0.0000000000
59230  25.089  -26.491  48.334 0.0000000000
59214  25.869  -26.068  49.418 0.0000000000
59202  24.909  -26.325  49.978 0.0000000000
59185  24.719  -26.029  51.025 0.0000000000
59167  25.404  -25.499  52.098 0.0000000000
60344  26.960  -25.420  52.276 0.0000000000
60331  25.301  -25.313  53.722 0.0000000000
60346  24.766  -25.695  53.221 0.0000000000
59154  24.023  -26.604  53.558 0.0000000000
58027  35.720  -25.683  51.813 0.0000000000
58029  33.265  -25.738  50.862 0.0000000000
59199  30.375  -25.509  50.866 0.0000000000
58030  30.828  -25.554  50.285 0.0000000000
58046  30.851  -25.597  50.015 0.0000000000
58047  30.174  -25.530  49.673 0.0000000000
58048  29.532  -25.416  49.158 0.0000000000
59213  26.830  -25.789  49.829 0.0000000000
59227  27.736  -25.537  49.136 0.0000000000
59241  26.544  -25.859  48.060 0.0000000000
77072  38.689  -10.657  30.532 0.0000000000
81506  47.663  -6.415  28.520 0.0000000000
81526  46.559  -6.531  27.444 0.0000000000
81527  45.576  -6.501  27.304 0.0000000000
81495  43.741  -6.182  29.011 0.0000000000
81494  44.709  -6.028  29.236 0.0000000000
81549  44.502  -6.702  26.060 0.0000000000
58069  23.545  -27.543  48.146 0.0000000000
54355  22.696  -29.890  48.633 0.0000000000
54354  22.783  -30.611  48.862 0.0000000000
54337  22.622  -30.511  51.845 0.0000000000
54338  22.639  -30.167  51.222 0.0000000000
49671  22.111  -32.655  49.216 0.0000000000
52020  22.470  -31.756  49.594 0.0000000000
50765  22.198  -32.172  48.937 0.0000000000
50788  22.407  -32.059  48.054 0.0000000000
49683  22.514  -32.731  48.128 0.0000000000
49684  22.485  -33.239  47.592 0.0000000000
48718  22.174  -33.434  48.121 0.0000000000
48720  21.000  -34.298  47.855 0.0000000000
48722  19.663  -35.313  47.852 0.0000000000
49629  22.016  -33.201  53.643 0.0000000000
49641  22.022  -33.128  52.736 0.0000000000
47587  19.989  -34.292  54.328 0.0000000000
47603  20.062  -34.118  53.350 0.0000000000
47642  19.777  -34.407  51.753 0.0000000000
47623  20.164  -34.085  52.415 0.0000000000
47641  20.330  -34.160  51.597 0.0000000000
47640  20.783  -33.911  51.411 0.0000000000
47660  20.005  -34.537  50.887 0.0000000000
47676  20.356  -34.262  50.354 0.0000000000
48664  19.425  -34.671  50.224 0.0000000000
45506  15.323  -37.315  58.576 0.0000000000
45489  13.770  -37.698  59.378 0.0000000000
74844  36.754  -12.506  39.446 0.0000000000
71704  34.703  -14.943  40.026 0.0000000000
71691  35.094  -15.038  40.527 0.0000000000
70495  34.839  -16.360  41.385 0.0000000000
70513  34.301  -16.102  40.884 0.0000000000
69375  33.775  -16.640  40.854 0.0000000000
69376  32.897  -17.257  40.523 0.0000000000
69361  33.262  -17.763  41.229 0.0000000000
68197  35.813  -18.553  43.413 0.0000000000
69338  36.002  -17.328  42.660 0.0000000000
67238  33.566  -19.589  41.880 0.0000000000
68210  33.851  -18.621  42.142 0.0000000000
67243  32.928  -19.821  41.131 0.0000000000
67244  32.487  -19.369  40.594 0.0000000000
66212  32.656  -20.661  39.857 0.0000000000
66211  33.145  -20.663  40.331 0.0000000000
63877  34.415  -22.276  39.827 0.0000000000
63878  33.746  -21.968  39.628 0.0000000000
62685  33.979  -23.328  38.316 0.0000000000
63858  36.316  -23.033  40.486 0.0000000000
63875  36.236  -23.394  39.874 0.0000000000
62683  36.056  -23.787  38.428 0.0000000000
63905  35.693  -23.628  38.039 0.0000000000
63906  35.456  -23.526  37.972 0.0000000000
62698  35.679  -23.855  37.805 0.0000000000
61580  35.586  -24.531  37.359 0.0000000000
59384  35.484  -26.421  37.438 0.0000000000
58226  34.640  -28.035  36.908 0.0000000000
56829  36.091  -26.482  49.370 0.0000000000
58043  36.994  -26.483  49.507 0.0000000000
55503  36.284  -26.508  48.974 0.0000000000
55518  36.507  -26.892  47.367 0.0000000000
56843  37.146  -26.664  48.147 0.0000000000
56859  37.624  -26.882  47.450 0.0000000000
58073  38.463  -26.652  47.254 0.0000000000
56872  38.098  -26.981  46.374 0.0000000000
55544  35.639  -27.012  44.946 0.0000000000
55543  36.019  -27.208  45.123 0.0000000000
55556  37.816  -27.132  44.592 0.0000000000
56884  39.178  -26.549  45.532 0.0000000000
58115  39.717  -26.398  44.816 0.0000000000
58116  38.932  -26.315  44.270 0.0000000000
59306  39.244  -25.633  42.629 0.0000000000
59305  39.810  -25.410  43.018 0.0000000000
60410  39.805  -25.256  42.573 0.0000000000
60428  40.036  -24.860  42.742 0.0000000000
60445  39.586  -24.733  42.202 0.0000000000
61535  39.187  -24.506  41.839 0.0000000000
60446  39.249  -24.875  41.755 0.0000000000
58173  37.119  -26.410  41.431 0.0000000000
59342  37.712  -25.853  41.168 0.0000000000
59343  37.020  -25.815  40.950 0.0000000000
54445  35.046  -28.549  41.340 0.0000000000
55618  36.143  -28.269  41.523 0.0000000000
55643  35.381  -28.462  40.800 0.0000000000
58176  36.031  -27.342  39.777 0.0000000000
58194  35.858  -27.172  39.276 0.0000000000
74855  38.489  -12.273  38.527 0.0000000000
74864  38.405  -12.377  37.588 0.0000000000
74865  37.482  -12.555  37.864 0.0000000000
73831  35.433  -13.299  36.636 0.0000000000
73840  35.134  -13.195  35.673 0.0000000000
71746  33.351  -14.560  37.181 0.0000000000
72809  33.973  -14.237  37.320 0.0000000000
71763  33.103  -14.505  36.498 0.0000000000
72847  32.442  -14.381  34.132 0.0000000000
72846  33.296  -13.898  34.720 0.0000000000
73873  33.947  -13.544  34.248 0.0000000000
72860  33.196  -14.011  33.517 0.0000000000
90036  54.585  1.540  19.551 0.0000000000
90045  54.427  1.199  18.485 0.0000000000
90044  55.228  1.753  18.944 0.0000000000
85515  50.389  -2.611  19.080 0.0000000000
74873  38.437  -12.464  36.562 0.0000000000
55548  23.186  -29.159  45.117 0.0000000000
56877  23.434  -28.368  45.416 0.0000000000
55534  22.947  -28.639  45.971 0.0000000000
55524  22.797  -28.395  47.179 0.0000000000
58079  27.329  -25.684  47.652 0.0000000000
58092  28.056  -25.306  47.088 0.0000000000
58108  25.382  -26.766  45.009 0.0000000000
58095  25.401  -26.630  45.734 0.0000000000
79385  40.133  -7.866  29.787 0.0000000000
79365  42.164  -8.838  32.372 0.0000000000
79370  41.775  -8.451  31.709 0.0000000000
80435  41.973  -7.497  31.146 0.0000000000
56749  23.672  -28.590  54.782 0.0000000000
55490  23.696  -29.498  54.171 0.0000000000
46577  17.740  -35.661  54.988 0.0000000000
45557  15.305  -37.170  55.464 0.0000000000
45547  15.641  -36.896  56.103 0.0000000000
63798  38.038  -22.450  44.448 0.0000000000
63811  38.034  -22.922  43.952 0.0000000000
65031  37.753  -22.806  42.767 0.0000000000
63826  37.794  -22.538  42.184 0.0000000000
63825  38.157  -22.884  42.431 0.0000000000
63855  38.411  -23.187  41.435 0.0000000000
63889  38.855  -24.124  40.721 0.0000000000
56912  34.054  -26.714  43.267 0.0000000000
56913  33.687  -26.659  42.700 0.0000000000
55622  33.682  -27.818  41.265 0.0000000000
69391  32.539  -16.813  39.801 0.0000000000
70535  32.447  -16.600  39.256 0.0000000000
69407  31.604  -17.776  38.343 0.0000000000
85495  50.415  -2.644  23.429 0.0000000000
85494  51.139  -2.668  23.924 0.0000000000
86550  50.915  -2.151  23.513 0.0000000000
87720  51.275  -0.256  21.434 0.0000000000
87743  50.593  -0.986  19.990 0.0000000000
74937  40.265  -11.581  32.288 0.0000000000
74927  38.729  -12.559  32.295 0.0000000000
73869  37.626  -12.596  33.685 0.0000000000
74878  43.201  -11.743  34.936 0.0000000000
74892  43.088  -11.551  34.284 0.0000000000
74910  42.609  -11.661  33.772 0.0000000000
76011  42.394  -10.876  33.325 0.0000000000
76003  42.281  -11.376  33.417 0.0000000000
74924  41.329  -11.562  32.963 0.0000000000
52113  22.680  -31.780  44.937 0.0000000000
49697  21.666  -34.023  46.476 0.0000000000
56833  33.735  -25.909  50.265 0.0000000000
56832  34.280  -26.254  49.681 0.0000000000
58075  32.865  -25.101  48.029 0.0000000000
59290  31.513  -24.750  43.859 0.0000000000
59291  30.216  -24.555  44.126 0.0000000000
60415  29.443  -25.414  42.012 0.0000000000
60400  28.355  -25.307  42.662 0.0000000000
59309  27.772  -25.659  42.383 0.0000000000
63908  33.159  -22.783  38.242 0.0000000000
81545  48.498  -6.608  26.737 0.0000000000
81557  48.363  -6.444  25.829 0.0000000000
81568  48.217  -6.052  24.922 0.0000000000
82539  47.627  -6.175  22.886 0.0000000000
83484  48.711  -4.270  22.529 0.0000000000
83485  48.367  -4.747  22.298 0.0000000000
83499  48.567  -4.730  20.569 0.0000000000
60356  26.617  -25.471  51.824 0.0000000000
58013  29.378  -25.429  50.603 0.0000000000
58032  28.982  -25.284  49.862 0.0000000000
136441  28.466  -25.416  50.814 0.0000000000
58049  27.818  -25.434  50.203 0.0000000000
81511  42.861  -6.446  27.844 0.0000000000
58035  22.970  -27.442  50.045 0.0000000000
58052  22.831  -27.874  49.301 0.0000000000
56818  22.487  -28.280  49.698 0.0000000000
52003  22.688  -31.780  50.607 0.0000000000
48696  21.684  -33.370  48.738 0.0000000000
49620  21.808  -33.193  54.489 0.0000000000
48615  21.465  -33.541  54.074 0.0000000000
47625  19.106  -34.657  52.886 0.0000000000
47643  19.234  -34.610  51.950 0.0000000000
71690  35.534  -15.282  41.087 0.0000000000
70511  35.610  -15.842  41.463 0.0000000000
69359  34.947  -16.707  41.700 0.0000000000
67211  36.430  -19.317  44.169 0.0000000000
68188  36.960  -18.459  44.351 0.0000000000
67212  35.852  -19.388  43.698 0.0000000000
67226  34.502  -19.378  42.748 0.0000000000
67237  34.044  -19.838  42.255 0.0000000000
66203  33.645  -20.747  40.799 0.0000000000
66202  34.060  -20.986  40.876 0.0000000000
63860  34.568  -21.969  40.559 0.0000000000
62668  36.501  -23.665  39.376 0.0000000000
61567  36.338  -24.528  38.449 0.0000000000
60491  36.251  -25.025  38.221 0.0000000000
55506  35.201  -26.494  48.219 0.0000000000
55512  35.511  -26.578  47.661 0.0000000000
55519  35.933  -26.936  47.028 0.0000000000
55528  36.571  -27.256  46.328 0.0000000000
54383  35.938  -27.566  43.614 0.0000000000
55558  36.292  -27.434  44.284 0.0000000000
55577  36.611  -27.474  43.874 0.0000000000
55576  37.087  -27.392  43.738 0.0000000000
56911  38.094  -26.491  44.092 0.0000000000
56922  37.716  -26.504  43.254 0.0000000000
58139  38.269  -25.980  42.658 0.0000000000
59324  38.710  -25.748  41.956 0.0000000000
56961  37.568  -26.553  42.106 0.0000000000
56962  37.105  -26.814  41.935 0.0000000000
56963  36.672  -27.169  41.602 0.0000000000
56989  34.604  -28.528  39.307 0.0000000000
57005  34.584  -28.494  38.377 0.0000000000
73822  37.043  -12.691  37.731 0.0000000000
73823  36.635  -12.774  37.945 0.0000000000
71748  31.981  -15.364  36.313 0.0000000000
71764  32.439  -14.787  35.857 0.0000000000
71765  31.644  -15.465  35.524 0.0000000000
74895  40.509  -12.423  34.332 0.0000000000
74896  39.443  -12.591  34.425 0.0000000000
74897  38.613  -12.619  34.742 0.0000000000
73853  38.113  -12.572  34.315 0.0000000000
73854  36.334  -12.626  34.673 0.0000000000
54377  22.873  -30.254  45.162 0.0000000000
53276  22.711  -31.103  45.501 0.0000000000
52094  22.658  -31.710  46.127 0.0000000000
59225  30.698  -25.182  48.527 0.0000000000
59226  30.090  -25.224  48.100 0.0000000000
58104  28.765  -25.226  46.631 0.0000000000
59276  27.077  -25.608  44.198 0.0000000000
58121  25.377  -26.915  43.959 0.0000000000
81570  46.129  -6.735  24.361 0.0000000000
60343  27.915  -25.371  52.306 0.0000000000
60328  28.276  -24.941  52.810 0.0000000000
79362  44.360  -8.255  33.261 0.0000000000
80427  44.583  -7.564  32.581 0.0000000000
79368  43.405  -8.139  32.258 0.0000000000
80428  43.984  -7.723  32.185 0.0000000000
80432  44.602  -7.044  31.674 0.0000000000
81477  44.671  -6.160  30.383 0.0000000000
81480  42.078  -6.545  29.358 0.0000000000
81497  42.080  -6.588  28.536 0.0000000000
80457  41.363  -7.006  28.244 0.0000000000
55494  22.689  -29.496  52.506 0.0000000000
54334  22.781  -30.472  52.973 0.0000000000
51987  22.855  -31.758  51.625 0.0000000000
47559  20.382  -34.323  55.831 0.0000000000
47605  18.797  -34.710  53.842 0.0000000000
48637  17.329  -35.525  52.637 0.0000000000
47628  16.183  -36.378  52.361 0.0000000000
66152  37.142  -20.364  44.917 0.0000000000
66153  36.496  -20.444  44.385 0.0000000000
65022  35.812  -21.340  43.236 0.0000000000
65043  36.124  -22.085  41.897 0.0000000000
63840  36.716  -22.456  41.316 0.0000000000
63857  37.240  -22.942  40.776 0.0000000000
62667  37.508  -23.816  39.770 0.0000000000
55546  34.882  -26.473  45.384 0.0000000000
56887  34.903  -26.684  44.730 0.0000000000
55560  35.528  -27.440  43.844 0.0000000000
54384  35.806  -27.646  43.226 0.0000000000
54400  35.976  -27.711  43.051 0.0000000000
54420  35.852  -27.994  42.485 0.0000000000
54443  36.123  -27.992  42.295 0.0000000000
54421  35.384  -28.304  42.060 0.0000000000
54446  34.420  -28.564  40.968 0.0000000000
55621  34.080  -28.377  40.973 0.0000000000
54447  34.018  -28.719  40.734 0.0000000000
54465  34.266  -28.672  40.805 0.0000000000
71717  34.430  -14.550  38.835 0.0000000000
72798  34.501  -14.077  38.445 0.0000000000
70574  33.802  -14.958  38.409 0.0000000000
71733  33.000  -14.989  37.612 0.0000000000
70593  31.999  -15.528  36.828 0.0000000000
88898  53.364  1.116  20.951 0.0000000000
88899  52.541  0.717  20.702 0.0000000000
88920  52.536  -0.030  18.630 0.0000000000
78224  39.463  -9.906  30.997 0.0000000000
77065  38.976  -10.863  31.226 0.0000000000
76030  38.613  -11.508  31.091 0.0000000000
73867  39.037  -12.691  33.103 0.0000000000
74928  38.265  -12.619  32.287 0.0000000000
75991  44.932  -11.050  35.073 0.0000000000
78214  42.743  -9.558  33.222 0.0000000000
77054  42.233  -10.332  33.079 0.0000000000
78216  42.140  -9.534  32.774 0.0000000000
78217  41.549  -9.424  32.322 0.0000000000
59193  36.436  -25.945  51.346 0.0000000000
58025  36.009  -26.270  50.680 0.0000000000
56813  35.888  -26.418  49.965 0.0000000000
56830  35.586  -26.496  49.343 0.0000000000
56831  34.958  -26.514  49.103 0.0000000000
56845  34.971  -26.419  48.182 0.0000000000
55522  34.885  -26.465  47.033 0.0000000000
56873  34.463  -26.111  46.131 0.0000000000
59237  31.686  -25.119  48.197 0.0000000000
58076  32.286  -25.047  47.540 0.0000000000
58090  32.333  -24.874  46.907 0.0000000000
58089  33.059  -24.808  47.158 0.0000000000
58118  33.480  -25.870  44.110 0.0000000000
58130  33.146  -26.087  43.257 0.0000000000
60431  31.963  -25.466  42.447 0.0000000000
59325  32.348  -25.884  41.576 0.0000000000
59346  31.602  -26.243  40.510 0.0000000000
59295  26.315  -26.573  42.709 0.0000000000
66218  32.077  -20.664  39.200 0.0000000000
82530  50.874  -5.163  25.233 0.0000000000
82533  48.405  -5.643  24.221 0.0000000000
83472  50.691  -4.632  24.734 0.0000000000
84453  50.497  -4.112  24.383 0.0000000000
84458  50.239  -3.610  23.866 0.0000000000
85496  49.949  -3.110  23.368 0.0000000000
86568  49.790  -2.019  22.231 0.0000000000
86575  49.699  -2.041  21.230 0.0000000000
86574  50.134  -1.497  20.633 0.0000000000
56849  25.035  -26.559  47.168 0.0000000000
56850  24.603  -26.754  47.433 0.0000000000
58050  24.107  -27.015  49.502 0.0000000000
59166  27.624  -25.555  51.756 0.0000000000
60330  26.472  -24.940  53.388 0.0000000000
60345  25.713  -25.362  52.545 0.0000000000
59168  24.583  -25.880  52.260 0.0000000000
57979  23.529  -27.553  54.345 0.0000000000
58026  35.768  -25.882  51.372 0.0000000000
58008  35.374  -25.951  50.964 0.0000000000
56798  34.714  -25.755  50.999 0.0000000000
56782  34.379  -25.586  51.859 0.0000000000
59210  32.904  -25.587  50.382 0.0000000000
59211  32.395  -25.476  50.004 0.0000000000
59212  31.496  -25.499  49.768 0.0000000000
58062  30.440  -25.425  49.106 0.0000000000
58064  28.750  -25.446  48.656 0.0000000000
60370  28.526  -25.369  49.342 0.0000000000
58065  27.901  -25.682  48.297 0.0000000000
59242  26.061  -25.977  47.882 0.0000000000
81504  49.823  -6.576  28.749 0.0000000000
81510  43.739  -6.230  27.994 0.0000000000
81560  45.354  -6.733  25.213 0.0000000000
58083  23.601  -27.455  47.713 0.0000000000
56834  22.777  -28.448  48.975 0.0000000000
55515  22.570  -28.980  48.327 0.0000000000
54362  22.515  -29.815  47.580 0.0000000000
53248  22.478  -30.556  47.461 0.0000000000
52076  22.464  -31.652  47.309 0.0000000000
55498  22.501  -29.421  51.184 0.0000000000
54342  22.841  -30.094  50.482 0.0000000000
54347  22.837  -30.713  49.839 0.0000000000
53226  22.662  -31.283  50.209 0.0000000000
53235  22.630  -31.294  49.052 0.0000000000
52058  22.373  -31.586  48.218 0.0000000000
50809  22.403  -33.216  46.938 0.0000000000
50810  22.122  -33.638  46.842 0.0000000000
49686  21.403  -34.147  47.211 0.0000000000
48719  21.606  -33.831  48.046 0.0000000000
51960  22.956  -31.822  53.405 0.0000000000
50693  22.715  -32.143  52.882 0.0000000000
49646  22.421  -32.661  52.328 0.0000000000
48647  21.568  -33.477  51.368 0.0000000000
47586  20.483  -33.915  53.965 0.0000000000
48621  21.062  -33.741  53.577 0.0000000000
47602  20.613  -33.871  53.026 0.0000000000
48635  21.143  -33.690  52.659 0.0000000000
48648  21.165  -33.692  51.792 0.0000000000
48663  21.063  -33.759  50.947 0.0000000000
47675  20.720  -33.978  50.649 0.0000000000
48680  20.171  -34.437  49.504 0.0000000000
48681  19.555  -34.741  49.373 0.0000000000
48699  19.847  -34.810  48.504 0.0000000000
45522  15.057  -37.458  57.463 0.0000000000
44489  14.553  -37.660  57.180 0.0000000000
45523  14.210  -37.772  57.594 0.0000000000
45524  13.439  -38.172  57.804 0.0000000000
73812  35.546  -13.391  39.274 0.0000000000
71716  34.569  -14.733  39.409 0.0000000000
70533  34.018  -15.727  40.072 0.0000000000
70532  34.615  -15.466  40.406 0.0000000000
69377  32.111  -17.949  40.081 0.0000000000
70473  35.837  -16.724  42.197 0.0000000000
68209  34.508  -18.238  42.392 0.0000000000
68222  34.150  -17.979  41.901 0.0000000000
68231  32.699  -18.511  41.043 0.0000000000
67254  32.126  -19.732  39.947 0.0000000000
65063  33.744  -21.393  40.076 0.0000000000
65075  33.378  -21.700  39.589 0.0000000000
62686  33.460  -22.978  38.303 0.0000000000
63859  35.253  -22.414  40.654 0.0000000000
62669  35.939  -23.540  39.177 0.0000000000
61590  35.176  -24.567  36.716 0.0000000000
59393  35.413  -26.606  36.443 0.0000000000
63822  39.515  -23.663  43.548 0.0000000000
59209  37.807  -26.429  49.250 0.0000000000
55510  36.580  -26.581  48.362 0.0000000000
59221  38.559  -26.443  48.307 0.0000000000
58085  39.588  -26.131  46.318 0.0000000000
55530  35.581  -26.973  45.919 0.0000000000
55529  35.962  -27.228  46.092 0.0000000000
55541  37.537  -27.271  45.559 0.0000000000
56886  38.056  -27.050  45.786 0.0000000000
56871  38.582  -26.744  46.193 0.0000000000
58100  39.143  -26.509  45.777 0.0000000000
59254  40.002  -25.843  46.022 0.0000000000
58114  40.166  -26.013  45.447 0.0000000000
58128  39.418  -25.929  44.040 0.0000000000
59286  40.398  -25.418  44.013 0.0000000000
60408  40.542  -24.745  43.836 0.0000000000
61518  40.252  -24.278  43.835 0.0000000000
62640  39.943  -24.053  43.587 0.0000000000
62641  39.564  -23.956  42.998 0.0000000000
62650  39.016  -24.132  41.983 0.0000000000
62651  38.924  -24.286  41.461 0.0000000000
61548  38.628  -24.187  40.613 0.0000000000
60447  38.749  -25.201  41.291 0.0000000000
60467  38.313  -25.087  40.694 0.0000000000
60468  37.987  -24.989  40.298 0.0000000000
60450  37.136  -25.456  40.314 0.0000000000
56940  36.448  -27.710  41.641 0.0000000000
56964  36.418  -27.672  40.921 0.0000000000
58175  36.421  -27.064  39.924 0.0000000000
59362  36.432  -26.196  39.272 0.0000000000
59363  36.149  -26.668  39.091 0.0000000000
58207  35.114  -27.343  38.255 0.0000000000
58217  34.681  -27.982  37.680 0.0000000000
73829  37.006  -12.713  37.436 0.0000000000
74875  36.782  -12.728  36.363 0.0000000000
74885  37.020  -12.655  35.987 0.0000000000
72808  34.368  -14.004  37.815 0.0000000000
72819  34.540  -13.830  36.917 0.0000000000
72831  33.417  -14.077  35.777 0.0000000000
73841  34.236  -13.523  35.619 0.0000000000
73856  34.566  -13.244  34.905 0.0000000000
73872  34.805  -13.436  34.020 0.0000000000
73891  34.742  -13.380  32.880 0.0000000000
86579  50.991  -1.459  19.212 0.0000000000
86587  50.789  -2.133  18.955 0.0000000000
44488  14.801  -37.587  57.180 0.0000000000
47659  20.549  -34.186  50.993 0.0000000000
48622  17.701  -35.404  53.069 0.0000000000
48717  22.442  -33.149  48.149 0.0000000000
49647  22.056  -33.182  51.822 0.0000000000
49672  22.359  -33.355  47.738 0.0000000000
49673  22.281  -33.500  47.536 0.0000000000
49696  22.506  -33.004  47.106 0.0000000000
50766  22.213  -33.552  47.766 0.0000000000
50767  22.006  -33.713  47.680 0.0000000000
50789  22.312  -33.419  47.492 0.0000000000
50790  22.239  -33.535  47.257 0.0000000000
51973  22.863  -31.350  53.195 0.0000000000
53197  23.118  -31.162  53.437 0.0000000000
54382  36.008  -27.488  43.966 0.0000000000
54398  36.606  -27.494  43.588 0.0000000000
54466  34.085  -28.756  40.681 0.0000000000
55495  22.476  -29.182  51.908 0.0000000000
55504  35.971  -26.500  48.800 0.0000000000
55509  36.898  -26.655  48.113 0.0000000000
55514  34.982  -26.460  47.588 0.0000000000
55517  36.988  -26.797  47.728 0.0000000000
55523  23.181  -27.828  46.946 0.0000000000
55562  34.607  -26.927  43.915 0.0000000000
55564  23.442  -29.183  44.529 0.0000000000
55578  35.575  -27.644  42.988 0.0000000000
55619  35.618  -28.545  41.441 0.0000000000
55640  36.717  -27.126  41.953 0.0000000000
56812  36.376  -26.468  49.658 0.0000000000
56819  22.605  -27.956  49.424 0.0000000000
56828  36.547  -26.507  49.152 0.0000000000
56835  22.717  -28.077  49.236 0.0000000000
56844  37.064  -26.551  48.763 0.0000000000
56848  25.057  -26.565  46.952 0.0000000000
56864  23.336  -27.767  47.695 0.0000000000
56885  38.509  -26.837  45.550 0.0000000000
56891  23.529  -28.555  44.949 0.0000000000
56898  39.224  -26.604  45.251 0.0000000000
56923  37.336  -26.930  42.882 0.0000000000
56938  37.197  -26.917  42.447 0.0000000000
56939  36.527  -27.508  41.860 0.0000000000
57004  34.839  -27.895  38.533 0.0000000000
57996  27.996  -25.547  51.460 0.0000000000
57997  27.817  -25.555  51.519 0.0000000000
58012  29.801  -25.516  50.569 0.0000000000
58028  33.239  -25.699  50.644 0.0000000000
58036  22.759  -27.780  49.513 0.0000000000
58044  33.155  -25.654  50.413 0.0000000000
58066  25.315  -26.427  47.185 0.0000000000
58072  38.964  -26.411  47.130 0.0000000000
58081  25.814  -26.115  47.827 0.0000000000
58082  23.766  -27.259  47.821 0.0000000000
58087  38.569  -26.699  46.540 0.0000000000
58098  40.008  -25.938  45.780 0.0000000000
58102  32.812  -24.829  46.650 0.0000000000
58103  32.477  -24.860  46.454 0.0000000000
58153  38.017  -26.127  42.054 0.0000000000
59178  35.840  -25.655  52.230 0.0000000000
59181  29.762  -25.508  50.815 0.0000000000
59182  28.690  -25.425  51.451 0.0000000000
59194  36.012  -25.728  51.795 0.0000000000
59195  35.881  -25.631  51.993 0.0000000000
59196  33.007  -25.672  50.608 0.0000000000
59222  37.882  -26.476  48.709 0.0000000000
59245  39.993  -25.908  46.600 0.0000000000
59246  39.547  -26.157  46.647 0.0000000000
59247  33.446  -25.196  46.805 0.0000000000
59270  33.527  -25.426  45.651 0.0000000000
59287  39.906  -25.582  43.655 0.0000000000
59288  39.424  -25.704  43.365 0.0000000000
59303  40.537  -25.114  43.690 0.0000000000
59304  40.234  -25.165  43.192 0.0000000000
59323  40.218  -25.027  42.895 0.0000000000
59326  31.735  -25.749  41.206 0.0000000000
59341  38.216  -25.765  41.487 0.0000000000
60396  40.692  -25.026  44.153 0.0000000000
60407  40.616  -24.751  44.002 0.0000000000
60409  40.041  -25.174  42.838 0.0000000000
60411  39.559  -25.317  42.304 0.0000000000
60412  31.956  -25.378  42.810 0.0000000000
60427  40.276  -24.735  43.323 0.0000000000
60429  39.672  -25.054  42.210 0.0000000000
60448  38.219  -25.393  40.861 0.0000000000
60483  36.199  -25.594  38.368 0.0000000000
61507  40.268  -24.086  44.147 0.0000000000
61517  40.447  -24.377  44.147 0.0000000000
61525  39.918  -24.373  43.181 0.0000000000
61537  38.635  -24.991  40.895 0.0000000000
61549  38.322  -24.356  40.261 0.0000000000
61566  38.562  -23.906  39.828 0.0000000000
62654  36.546  -23.392  39.947 0.0000000000
62663  38.819  -23.962  41.483 0.0000000000
62664  38.722  -23.956  41.016 0.0000000000
62665  38.525  -24.091  40.403 0.0000000000
62680  38.762  -24.163  40.229 0.0000000000
62681  38.517  -24.105  40.135 0.0000000000
62682  38.696  -23.837  39.621 0.0000000000
62701  33.198  -23.220  37.601 0.0000000000
63835  39.201  -23.596  42.987 0.0000000000
63853  39.019  -23.740  42.450 0.0000000000
63854  38.681  -23.581  41.907 0.0000000000
63872  38.667  -23.756  41.168 0.0000000000
63874  37.974  -23.595  40.281 0.0000000000
63890  38.595  -23.940  40.397 0.0000000000
63891  38.340  -23.931  40.144 0.0000000000
63892  35.670  -23.538  38.268 0.0000000000
65003  37.608  -21.668  44.742 0.0000000000
65019  38.043  -23.073  43.287 0.0000000000
65030  38.042  -23.145  42.932 0.0000000000
65054  34.331  -21.398  40.877 0.0000000000
65055  34.021  -21.204  40.531 0.0000000000
66186  34.343  -20.187  42.297 0.0000000000
68207  36.100  -17.867  43.211 0.0000000000
69340  34.530  -17.589  42.002 0.0000000000
69408  31.424  -17.991  37.725 0.0000000000
70556  31.482  -17.393  37.828 0.0000000000
71731  34.142  -14.585  38.416 0.0000000000
72830  34.157  -13.796  36.279 0.0000000000
73842  33.695  -13.690  35.295 0.0000000000
73886  38.972  -12.634  32.689 0.0000000000
74856  37.744  -12.373  38.670 0.0000000000
74909  42.981  -11.342  33.961 0.0000000000
85498  50.142  -2.256  22.981 0.0000000000
136447  28.585  -25.338  49.613 0.0000000000
