#!ascii label  , from subject abby vox2ras=TkReg
1098
55708  35.511  -29.333  36.222 0.0000000000
77166  45.098  -10.246  22.749 0.0000000000
69523  35.687  -18.002  30.514 0.0000000000
47727  19.896  -36.722  46.554 0.0000000000
59345  32.369  -26.516  40.881 0.0000000000
73927  37.079  -13.344  29.397 0.0000000000
53329  24.367  -31.432  42.829 0.0000000000
46737  24.184  -37.169  44.748 0.0000000000
56944  27.493  -28.593  41.223 0.0000000000
77188  50.363  -10.254  20.801 0.0000000000
62715  34.854  -24.308  36.770 0.0000000000
63987  35.557  -22.575  32.902 0.0000000000
59391  39.043  -26.597  35.908 0.0000000000
82559  47.771  -6.122  21.091 0.0000000000
81625  51.752  -5.827  18.574 0.0000000000
80484  41.593  -7.487  26.105 0.0000000000
75044  44.619  -12.361  25.499 0.0000000000
75030  39.754  -12.420  26.461 0.0000000000
69546  39.869  -17.246  28.483 0.0000000000
52181  34.980  -32.727  40.204 0.0000000000
43609  17.731  -40.416  50.020 0.0000000000
44546  14.044  -39.760  52.670 0.0000000000
45524  13.439  -38.172  57.804 0.0000000000
55685  33.076  -29.732  38.257 0.0000000000
53346  30.891  -31.059  41.075 0.0000000000
69484  31.552  -17.257  33.729 0.0000000000
68281  37.699  -19.183  35.448 0.0000000000
87751  52.825  -1.289  17.694 0.0000000000
77177  47.850  -10.522  21.303 0.0000000000
76131  47.296  -11.951  23.404 0.0000000000
59401  35.590  -26.857  35.788 0.0000000000
60520  36.391  -25.909  34.654 0.0000000000
57030  37.741  -28.450  35.942 0.0000000000
80513  45.179  -7.821  23.466 0.0000000000
81578  47.210  -6.463  23.657 0.0000000000
79466  46.378  -8.657  21.747 0.0000000000
79480  48.960  -8.668  19.912 0.0000000000
41203  11.172  -42.077  58.194 0.0000000000
78276  40.311  -9.760  26.367 0.0000000000
78251  38.474  -9.777  28.266 0.0000000000
71844  35.822  -15.544  29.653 0.0000000000
70742  37.922  -15.702  27.724 0.0000000000
69537  38.296  -17.949  29.179 0.0000000000
68353  38.560  -18.890  31.657 0.0000000000
46717  22.021  -37.187  45.427 0.0000000000
45665  23.459  -38.096  46.891 0.0000000000
45653  21.051  -38.696  47.119 0.0000000000
43606  20.342  -40.217  49.607 0.0000000000
45636  18.409  -38.177  48.072 0.0000000000
46611  15.146  -37.631  52.119 0.0000000000
44514  12.848  -39.041  55.232 0.0000000000
55668  32.169  -29.133  39.099 0.0000000000
54487  31.346  -30.516  39.418 0.0000000000
56992  30.198  -28.786  39.719 0.0000000000
53307  27.420  -31.759  43.231 0.0000000000
54405  28.520  -30.896  43.494 0.0000000000
63937  39.472  -22.404  34.300 0.0000000000
66269  36.596  -20.627  34.827 0.0000000000
76043  38.298  -11.352  30.399 0.0000000000
73904  36.590  -13.291  31.500 0.0000000000
71818  34.329  -14.707  31.021 0.0000000000
49737  26.251  -33.869  42.753 0.0000000000
47763  26.418  -36.413  44.347 0.0000000000
49725  24.351  -34.146  43.154 0.0000000000
49716  22.593  -34.481  44.952 0.0000000000
49698  21.079  -34.609  46.368 0.0000000000
59349  28.645  -27.056  40.490 0.0000000000
59310  27.144  -26.309  41.917 0.0000000000
55628  25.855  -29.757  41.500 0.0000000000
63909  32.564  -22.388  38.019 0.0000000000
65107  31.787  -21.415  36.170 0.0000000000
61623  33.805  -24.092  34.328 0.0000000000
62749  37.416  -24.171  33.895 0.0000000000
84484  50.307  -3.483  18.896 0.0000000000
81612  49.167  -6.216  19.314 0.0000000000
79487  50.783  -8.135  19.282 0.0000000000
78294  43.154  -9.308  24.112 0.0000000000
76120  44.383  -11.648  24.159 0.0000000000
77128  42.023  -10.520  24.941 0.0000000000
75028  41.665  -12.428  26.329 0.0000000000
73953  41.928  -13.899  27.081 0.0000000000
75010  37.551  -12.786  27.977 0.0000000000
72937  39.894  -14.776  26.805 0.0000000000
52231  35.460  -31.990  37.696 0.0000000000
53401  37.895  -31.460  37.761 0.0000000000
80482  43.897  -6.937  25.837 0.0000000000
47693  17.926  -36.130  48.628 0.0000000000
46651  16.498  -37.341  49.643 0.0000000000
43596  15.638  -40.394  51.033 0.0000000000
42463  15.858  -41.933  53.276 0.0000000000
41257  13.352  -41.996  54.431 0.0000000000
42413  11.812  -41.255  56.392 0.0000000000
43490  11.177  -40.088  58.202 0.0000000000
44467  10.842  -38.845  59.592 0.0000000000
55697  34.042  -29.845  37.260 0.0000000000
53391  33.005  -31.708  38.667 0.0000000000
52182  33.584  -32.892  40.724 0.0000000000
55624  29.271  -29.360  41.400 0.0000000000
69512  33.005  -16.866  31.666 0.0000000000
67304  31.770  -19.823  34.510 0.0000000000
68316  34.188  -19.076  33.438 0.0000000000
68336  36.325  -19.039  32.821 0.0000000000
55683  39.910  -30.010  37.974 0.0000000000
86610  54.558  -1.829  16.548 0.0000000000
84491  51.779  -3.568  18.239 0.0000000000
84501  53.533  -3.520  17.464 0.0000000000
76157  46.552  -10.649  22.051 0.0000000000
76155  47.924  -11.375  21.965 0.0000000000
76146  46.247  -11.158  22.584 0.0000000000
57023  35.463  -28.303  36.140 0.0000000000
57032  36.082  -28.174  35.911 0.0000000000
55716  36.269  -28.856  36.022 0.0000000000
79456  44.776  -9.090  23.078 0.0000000000
80522  45.551  -8.020  22.985 0.0000000000
78315  45.846  -9.186  22.269 0.0000000000
78328  47.251  -9.645  21.154 0.0000000000
41193  10.549  -41.920  59.122 0.0000000000
78242  38.928  -9.050  28.872 0.0000000000
78231  39.190  -9.460  30.216 0.0000000000
70710  35.793  -16.407  29.660 0.0000000000
69549  36.988  -16.901  28.710 0.0000000000
69538  36.864  -17.865  29.590 0.0000000000
68377  38.012  -18.446  29.986 0.0000000000
68368  36.716  -18.637  30.666 0.0000000000
46699  20.471  -37.274  46.146 0.0000000000
45668  21.023  -38.107  46.435 0.0000000000
45669  20.322  -38.082  46.753 0.0000000000
45634  19.943  -38.846  47.877 0.0000000000
45655  19.166  -37.894  47.325 0.0000000000
56967  32.290  -28.020  39.758 0.0000000000
56991  31.104  -28.539  39.027 0.0000000000
58179  30.591  -27.280  39.487 0.0000000000
50844  27.680  -33.573  44.491 0.0000000000
68259  31.214  -18.975  37.947 0.0000000000
65116  39.774  -21.471  34.645 0.0000000000
72886  35.678  -13.900  31.007 0.0000000000
73906  35.043  -13.337  32.081 0.0000000000
50881  25.339  -33.193  42.557 0.0000000000
49724  25.258  -34.631  42.933 0.0000000000
50882  24.616  -33.182  42.961 0.0000000000
52134  22.896  -32.579  44.274 0.0000000000
49706  22.471  -33.784  45.281 0.0000000000
49707  22.039  -34.586  45.521 0.0000000000
60416  28.321  -25.547  41.615 0.0000000000
56926  24.290  -29.144  42.692 0.0000000000
56925  24.810  -28.566  42.467 0.0000000000
53328  25.241  -31.364  41.965 0.0000000000
52149  25.721  -32.447  42.199 0.0000000000
62718  32.487  -23.168  36.579 0.0000000000
61592  34.341  -24.335  35.891 0.0000000000
59398  38.150  -26.655  34.971 0.0000000000
60519  37.228  -25.665  34.378 0.0000000000
60506  38.707  -25.645  34.888 0.0000000000
61598  39.698  -24.868  35.366 0.0000000000
59390  40.210  -26.551  36.437 0.0000000000
82544  47.638  -6.130  22.122 0.0000000000
83506  48.809  -5.064  20.015 0.0000000000
81613  48.374  -6.074  19.757 0.0000000000
78342  49.639  -9.660  20.342 0.0000000000
79479  50.167  -8.892  19.789 0.0000000000
78341  50.680  -9.628  20.346 0.0000000000
80494  42.399  -7.757  25.231 0.0000000000
77142  42.530  -9.931  24.572 0.0000000000
79424  41.160  -8.850  25.883 0.0000000000
77117  39.460  -10.522  26.653 0.0000000000
77116  40.644  -10.714  26.120 0.0000000000
75029  40.751  -12.423  26.362 0.0000000000
73962  42.096  -12.876  26.662 0.0000000000
72947  40.831  -13.727  26.618 0.0000000000
74969  37.422  -12.575  29.729 0.0000000000
76053  37.552  -12.002  28.798 0.0000000000
74989  37.441  -12.903  28.908 0.0000000000
69555  38.733  -16.924  27.893 0.0000000000
71870  38.459  -15.271  27.376 0.0000000000
70740  39.682  -16.205  27.587 0.0000000000
71867  41.572  -15.722  27.618 0.0000000000
52193  35.302  -32.573  39.187 0.0000000000
52210  36.708  -32.444  38.319 0.0000000000
81512  42.134  -6.665  27.671 0.0000000000
80483  42.702  -6.891  26.172 0.0000000000
80493  43.525  -7.328  25.203 0.0000000000
47764  25.366  -36.736  44.347 0.0000000000
46694  25.363  -37.942  46.310 0.0000000000
43607  19.395  -40.298  49.729 0.0000000000
43591  20.118  -40.451  50.489 0.0000000000
43592  19.117  -40.562  50.592 0.0000000000
43575  17.686  -41.129  51.428 0.0000000000
48667  17.632  -35.622  50.496 0.0000000000
47678  17.072  -36.415  49.525 0.0000000000
47664  16.521  -36.592  50.327 0.0000000000
45584  14.643  -38.927  52.153 0.0000000000
45594  15.009  -38.748  51.447 0.0000000000
43578  15.010  -40.370  51.596 0.0000000000
42491  15.411  -41.084  51.890 0.0000000000
42480  14.794  -41.127  52.420 0.0000000000
41272  14.165  -42.022  53.704 0.0000000000
42466  13.436  -40.887  53.739 0.0000000000
44502  13.149  -38.427  56.752 0.0000000000
43520  12.660  -40.223  55.327 0.0000000000
44491  12.223  -39.096  56.896 0.0000000000
43499  11.491  -40.469  57.252 0.0000000000
43497  11.851  -38.866  58.265 0.0000000000
55666  33.956  -29.033  38.867 0.0000000000
57005  34.584  -28.494  38.377 0.0000000000
55698  33.445  -30.056  37.611 0.0000000000
54517  33.842  -30.666  37.545 0.0000000000
54504  33.227  -30.776  38.032 0.0000000000
53363  31.211  -31.391  40.076 0.0000000000
53362  31.628  -31.625  39.780 0.0000000000
52184  31.221  -31.764  40.710 0.0000000000
58182  28.073  -27.822  40.789 0.0000000000
56970  29.255  -28.584  40.736 0.0000000000
55625  28.676  -29.422  41.667 0.0000000000
54386  29.434  -31.157  44.014 0.0000000000
75054  44.504  -12.145  24.723 0.0000000000
75052  46.408  -12.352  24.799 0.0000000000
75043  45.543  -12.493  25.645 0.0000000000
71794  31.823  -15.190  33.586 0.0000000000
71807  32.548  -15.003  32.242 0.0000000000
70653  31.882  -16.397  32.955 0.0000000000
63965  33.229  -22.556  33.727 0.0000000000
66272  31.584  -20.568  35.167 0.0000000000
65137  33.469  -21.529  33.729 0.0000000000
67290  36.675  -19.670  35.093 0.0000000000
67303  34.833  -19.670  34.253 0.0000000000
68297  36.123  -19.278  34.430 0.0000000000
68338  34.494  -18.722  32.777 0.0000000000
68314  36.200  -19.065  33.759 0.0000000000
68312  38.128  -18.920  33.763 0.0000000000
54513  38.943  -30.653  37.478 0.0000000000
87750  53.477  -0.886  17.480 0.0000000000
83516  50.714  -4.346  18.696 0.0000000000
84492  51.089  -3.726  18.530 0.0000000000
83515  51.570  -4.387  18.445 0.0000000000
83512  53.966  -4.744  17.959 0.0000000000
82586  54.678  -4.923  17.713 0.0000000000
55563  23.685  -29.602  43.884 0.0000000000
53309  23.792  -31.398  43.734 0.0000000000
77190  48.621  -10.523  21.033 0.0000000000
77175  50.236  -10.831  21.545 0.0000000000
77164  49.154  -11.437  22.348 0.0000000000
61590  35.176  -24.567  36.716 0.0000000000
61600  35.321  -24.941  35.795 0.0000000000
59400  36.141  -26.652  35.161 0.0000000000
58232  37.383  -27.505  35.565 0.0000000000
57029  38.293  -28.013  36.035 0.0000000000
81569  47.208  -6.454  24.716 0.0000000000
80512  45.840  -7.187  23.720 0.0000000000
80520  46.576  -7.473  22.203 0.0000000000
80528  46.832  -7.742  21.522 0.0000000000
80541  47.704  -7.196  20.396 0.0000000000
79481  47.729  -8.463  20.465 0.0000000000
78343  48.294  -9.737  20.661 0.0000000000
41212  12.015  -42.620  57.360 0.0000000000
80458  40.620  -7.702  27.904 0.0000000000
79415  40.518  -8.754  26.481 0.0000000000
79404  39.738  -8.963  27.267 0.0000000000
78261  39.185  -9.791  27.059 0.0000000000
77118  38.966  -10.876  26.832 0.0000000000
72910  36.326  -14.718  29.364 0.0000000000
72924  36.946  -14.467  28.098 0.0000000000
71855  36.630  -15.163  28.629 0.0000000000
70723  37.624  -16.407  28.134 0.0000000000
69536  39.364  -17.904  29.057 0.0000000000
68376  39.053  -18.486  29.733 0.0000000000
68352  39.575  -18.737  31.481 0.0000000000
50910  34.958  -32.875  41.168 0.0000000000
46716  23.011  -37.295  45.270 0.0000000000
46696  23.305  -37.887  46.083 0.0000000000
46697  22.397  -37.867  45.939 0.0000000000
45652  22.109  -38.821  47.437 0.0000000000
44601  21.959  -39.356  48.429 0.0000000000
44587  19.680  -39.741  49.032 0.0000000000
44605  17.982  -39.079  48.672 0.0000000000
47646  16.246  -36.537  51.349 0.0000000000
46597  14.859  -37.356  53.296 0.0000000000
45572  14.071  -38.802  53.234 0.0000000000
44524  13.534  -39.089  54.090 0.0000000000
45549  14.316  -38.004  55.229 0.0000000000
44513  13.994  -38.198  55.930 0.0000000000
45535  13.726  -38.066  57.079 0.0000000000
55667  33.257  -29.191  39.242 0.0000000000
54486  32.081  -30.334  38.932 0.0000000000
55669  30.869  -29.479  39.254 0.0000000000
54468  30.368  -30.096  40.360 0.0000000000
55602  27.291  -30.400  42.104 0.0000000000
54425  28.101  -30.592  42.818 0.0000000000
54406  27.935  -31.209  43.460 0.0000000000
75007  44.109  -12.790  27.055 0.0000000000
68284  31.041  -17.958  35.347 0.0000000000
63960  37.993  -22.508  33.304 0.0000000000
65135  35.595  -21.412  33.711 0.0000000000
65118  38.013  -21.358  33.926 0.0000000000
66267  38.287  -20.683  34.843 0.0000000000
87741  51.916  -0.338  19.028 0.0000000000
43480  9.244  -40.775  60.653 0.0000000000
74950  38.380  -12.043  31.088 0.0000000000
74951  37.885  -12.383  30.831 0.0000000000
73917  36.682  -13.518  30.624 0.0000000000
72899  36.269  -14.239  30.118 0.0000000000
71831  35.299  -15.419  30.099 0.0000000000
70695  35.203  -16.426  30.107 0.0000000000
49713  27.159  -34.510  44.006 0.0000000000
47762  27.329  -36.148  44.771 0.0000000000
49714  26.768  -35.100  43.677 0.0000000000
47785  25.804  -36.148  43.791 0.0000000000
48767  24.330  -35.816  43.859 0.0000000000
50863  23.859  -33.159  43.496 0.0000000000
48787  23.814  -34.679  43.624 0.0000000000
47766  23.303  -36.539  44.681 0.0000000000
48748  22.145  -35.699  45.162 0.0000000000
48749  21.278  -35.226  45.720 0.0000000000
47726  20.275  -36.084  46.491 0.0000000000
59347  30.297  -26.646  39.793 0.0000000000
60434  29.363  -25.485  40.792 0.0000000000
60436  27.860  -26.302  41.322 0.0000000000
58156  26.726  -27.970  41.222 0.0000000000
58131  25.847  -27.097  42.249 0.0000000000
58157  26.020  -28.131  41.453 0.0000000000
55627  26.961  -29.791  41.705 0.0000000000
53326  27.016  -31.393  42.480 0.0000000000
52131  27.195  -32.681  43.048 0.0000000000
66218  32.077  -20.664  39.200 0.0000000000
66225  31.392  -20.089  37.501 0.0000000000
63916  32.036  -22.390  36.929 0.0000000000
62752  32.752  -23.345  34.544 0.0000000000
62770  34.606  -23.216  33.199 0.0000000000
61621  35.652  -25.046  34.544 0.0000000000
61640  36.322  -24.363  33.771 0.0000000000
62767  37.231  -23.586  33.384 0.0000000000
62747  38.876  -23.425  34.127 0.0000000000
61616  40.036  -24.206  35.169 0.0000000000
84478  49.248  -3.660  20.240 0.0000000000
83504  49.940  -4.385  18.972 0.0000000000
82565  50.494  -5.830  18.826 0.0000000000
79489  48.987  -7.729  19.560 0.0000000000
80552  50.414  -7.206  19.074 0.0000000000
78304  44.176  -9.368  23.410 0.0000000000
77152  44.799  -10.725  23.098 0.0000000000
76135  43.688  -10.552  23.770 0.0000000000
76121  43.448  -11.189  24.383 0.0000000000
76106  43.302  -11.810  25.152 0.0000000000
77130  40.834  -10.030  25.996 0.0000000000
76108  41.765  -11.094  25.343 0.0000000000
75026  43.707  -12.371  26.189 0.0000000000
75008  43.352  -12.841  26.902 0.0000000000
72934  43.282  -13.930  27.686 0.0000000000
77082  38.146  -10.779  29.711 0.0000000000
77100  38.029  -11.184  27.765 0.0000000000
75031  38.770  -12.626  26.774 0.0000000000
72940  37.605  -14.381  27.681 0.0000000000
72950  38.800  -14.234  26.859 0.0000000000
73965  39.525  -13.324  26.583 0.0000000000
72936  41.160  -14.502  26.838 0.0000000000
54515  35.255  -30.823  36.931 0.0000000000
53416  36.532  -31.058  36.759 0.0000000000
53402  36.817  -31.610  37.251 0.0000000000
53388  38.055  -31.985  38.794 0.0000000000
80492  44.624  -6.997  25.263 0.0000000000
79433  44.175  -8.148  23.966 0.0000000000
48722  19.663  -35.313  47.852 0.0000000000
48700  19.253  -35.431  48.371 0.0000000000
47692  18.840  -36.266  47.972 0.0000000000
46663  18.266  -37.064  47.948 0.0000000000
45637  17.536  -38.238  48.677 0.0000000000
44589  17.202  -39.693  49.496 0.0000000000
46636  15.848  -37.457  50.509 0.0000000000
45622  15.724  -38.995  49.928 0.0000000000
44573  16.505  -40.063  50.123 0.0000000000
43576  16.687  -41.081  51.191 0.0000000000
42478  16.527  -41.688  52.566 0.0000000000
41240  13.309  -42.632  55.314 0.0000000000
43530  13.112  -40.132  54.461 0.0000000000
41241  12.635  -41.903  55.164 0.0000000000
41224  12.263  -42.223  56.244 0.0000000000
41213  11.644  -41.909  57.169 0.0000000000
42391  11.229  -41.166  57.645 0.0000000000
43491  10.680  -40.510  58.637 0.0000000000
43483  12.202  -38.666  58.536 0.0000000000
43485  11.410  -39.101  58.688 0.0000000000
43479  9.836  -40.568  60.044 0.0000000000
57024  34.908  -28.606  36.557 0.0000000000
57015  34.482  -28.878  37.306 0.0000000000
55709  34.706  -29.573  36.780 0.0000000000
54516  34.577  -30.512  37.169 0.0000000000
52212  34.661  -32.180  38.238 0.0000000000
52194  34.254  -32.616  39.374 0.0000000000
53373  32.010  -31.426  39.236 0.0000000000
52196  32.764  -32.377  39.482 0.0000000000
58197  29.714  -28.032  39.790 0.0000000000
56969  29.787  -28.800  40.305 0.0000000000
54449  30.242  -30.203  41.401 0.0000000000
54424  28.798  -30.430  42.740 0.0000000000
54423  29.641  -30.288  42.487 0.0000000000
53324  30.920  -31.310  42.328 0.0000000000
76132  46.351  -11.829  23.403 0.0000000000
72874  33.543  -14.060  32.321 0.0000000000
71833  33.902  -15.786  30.780 0.0000000000
69524  34.534  -17.303  30.662 0.0000000000
66237  31.334  -19.991  36.749 0.0000000000
66273  31.337  -19.681  35.100 0.0000000000
67320  31.797  -18.431  34.007 0.0000000000
66282  34.536  -20.304  34.103 0.0000000000
67318  33.302  -19.672  33.586 0.0000000000
68318  32.291  -18.078  33.399 0.0000000000
69499  33.336  -17.820  32.180 0.0000000000
68357  34.648  -18.504  31.987 0.0000000000
69509  35.353  -18.290  31.069 0.0000000000
68354  37.524  -19.020  31.716 0.0000000000
54526  37.952  -30.425  36.860 0.0000000000
55705  38.436  -29.575  36.567 0.0000000000
57020  39.428  -28.557  37.017 0.0000000000
57003  41.145  -29.043  38.038 0.0000000000
58214  40.391  -27.637  37.202 0.0000000000
87761  54.845  -0.391  16.305 0.0000000000
86586  51.408  -2.010  18.587 0.0000000000
85521  52.416  -2.647  17.734 0.0000000000
83514  52.609  -4.268  18.128 0.0000000000
84502  53.011  -3.584  17.648 0.0000000000
86597  52.833  -2.208  17.486 0.0000000000
85531  54.090  -2.301  16.931 0.0000000000
85543  54.718  -2.750  16.564 0.0000000000
77165  45.927  -10.213  22.340 0.0000000000
76147  45.439  -10.818  22.771 0.0000000000
55717  35.808  -28.671  36.099 0.0000000000
78316  45.245  -9.500  22.663 0.0000000000
77179  46.489  -10.255  21.950 0.0000000000
42374  10.108  -41.296  59.794 0.0000000000
69539  35.880  -17.103  29.704 0.0000000000
68378  37.323  -18.475  30.228 0.0000000000
69522  36.385  -18.206  30.219 0.0000000000
46700  19.681  -37.360  46.769 0.0000000000
45670  19.781  -38.029  47.016 0.0000000000
46681  19.167  -37.032  47.157 0.0000000000
58177  32.407  -27.076  40.336 0.0000000000
58178  31.358  -27.310  39.578 0.0000000000
49705  27.726  -34.510  44.987 0.0000000000
50825  28.107  -33.661  45.472 0.0000000000
68250  31.627  -18.668  38.623 0.0000000000
52150  24.910  -32.327  42.626 0.0000000000
54429  24.525  -30.501  42.483 0.0000000000
55604  24.644  -29.596  42.348 0.0000000000
62716  34.475  -24.155  36.669 0.0000000000
59392  38.506  -27.109  35.624 0.0000000000
60505  39.284  -25.601  35.527 0.0000000000
81592  47.463  -6.619  21.378 0.0000000000
82551  47.774  -5.984  21.473 0.0000000000
82558  48.068  -5.606  20.929 0.0000000000
81598  48.119  -5.908  20.292 0.0000000000
81599  47.836  -6.298  20.580 0.0000000000
77187  50.989  -10.036  20.780 0.0000000000
40036  13.665  -43.145  55.862 0.0000000000
79423  41.897  -8.541  25.327 0.0000000000
80496  41.068  -8.381  25.918 0.0000000000
76091  40.110  -11.529  26.331 0.0000000000
73964  40.428  -13.177  26.533 0.0000000000
69554  39.289  -16.869  27.883 0.0000000000
70721  40.000  -16.676  27.981 0.0000000000
52180  35.957  -32.779  39.944 0.0000000000
80469  41.762  -6.965  27.077 0.0000000000
80468  42.369  -6.790  26.742 0.0000000000
46736  24.765  -36.995  44.603 0.0000000000
46714  25.005  -37.619  45.137 0.0000000000
43608  18.379  -40.374  49.841 0.0000000000
43593  18.160  -40.713  50.581 0.0000000000
47663  17.013  -35.975  50.589 0.0000000000
44545  14.280  -39.434  52.497 0.0000000000
44558  14.610  -39.612  51.812 0.0000000000
43579  14.436  -39.989  52.002 0.0000000000
43561  14.802  -40.696  52.103 0.0000000000
43562  14.301  -40.349  52.458 0.0000000000
42465  14.114  -41.205  53.155 0.0000000000
43547  13.664  -40.217  53.263 0.0000000000
44503  12.571  -39.398  56.039 0.0000000000
44490  12.461  -38.646  57.820 0.0000000000
55644  34.339  -28.766  40.073 0.0000000000
54467  30.664  -30.719  40.096 0.0000000000
52168  31.269  -32.022  41.444 0.0000000000
56971  28.282  -28.270  40.912 0.0000000000
55626  27.920  -29.423  41.757 0.0000000000
70635  31.353  -16.507  34.235 0.0000000000
71782  31.542  -15.728  34.505 0.0000000000
71795  31.558  -16.067  33.774 0.0000000000
70654  31.545  -16.560  33.667 0.0000000000
63964  34.247  -22.324  33.405 0.0000000000
63963  35.145  -22.041  33.319 0.0000000000
68282  36.867  -19.315  35.068 0.0000000000
67301  36.273  -19.492  34.728 0.0000000000
68296  36.971  -18.977  34.622 0.0000000000
68295  37.823  -18.808  34.759 0.0000000000
87745  53.001  -0.387  18.034 0.0000000000
82579  51.005  -5.258  18.726 0.0000000000
54389  23.599  -30.522  44.291 0.0000000000
55547  23.356  -29.787  44.608 0.0000000000
77176  48.984  -11.076  21.679 0.0000000000
76144  48.022  -11.726  22.763 0.0000000000
60500  35.551  -25.414  36.712 0.0000000000
60508  35.753  -25.896  35.474 0.0000000000
57031  36.821  -28.264  35.781 0.0000000000
58233  36.517  -27.469  35.572 0.0000000000
80502  45.343  -7.024  24.433 0.0000000000
80501  45.775  -6.904  24.151 0.0000000000
79454  45.882  -8.516  22.346 0.0000000000
80521  46.148  -7.786  22.629 0.0000000000
80529  46.340  -8.030  21.888 0.0000000000
79465  47.070  -8.733  21.043 0.0000000000
77178  46.912  -10.375  21.596 0.0000000000
78327  47.812  -9.988  21.007 0.0000000000
79403  40.264  -8.302  27.437 0.0000000000
80459  40.160  -8.084  28.154 0.0000000000
78250  39.150  -9.319  27.895 0.0000000000
78262  38.758  -9.834  27.612 0.0000000000
77098  38.980  -10.285  26.951 0.0000000000
77099  38.494  -10.697  27.391 0.0000000000
71843  36.375  -15.608  29.108 0.0000000000
69548  37.792  -17.263  28.640 0.0000000000
69547  38.788  -17.384  28.367 0.0000000000
68366  38.803  -18.717  30.655 0.0000000000
80457  41.363  -7.006  28.244 0.0000000000
45667  21.811  -38.351  46.536 0.0000000000
44618  21.366  -39.146  47.809 0.0000000000
44602  21.017  -39.495  48.384 0.0000000000
44619  20.634  -39.005  47.827 0.0000000000
45635  19.425  -38.706  47.858 0.0000000000
44604  18.997  -39.210  48.405 0.0000000000
46580  14.614  -37.546  54.144 0.0000000000
46598  14.516  -37.815  53.621 0.0000000000
46581  14.387  -38.010  53.823 0.0000000000
45559  14.194  -38.218  54.270 0.0000000000
45558  14.761  -37.528  54.981 0.0000000000
44501  14.094  -37.881  56.830 0.0000000000
55646  33.012  -28.609  40.580 0.0000000000
55645  33.610  -28.897  40.394 0.0000000000
54488  30.642  -30.110  39.700 0.0000000000
55670  30.353  -29.570  39.875 0.0000000000
54426  27.483  -30.889  42.633 0.0000000000
69437  31.151  -17.298  36.393 0.0000000000
63938  38.660  -22.298  33.741 0.0000000000
65132  37.945  -21.847  33.424 0.0000000000
66265  39.911  -20.725  35.036 0.0000000000
66266  39.193  -20.617  34.883 0.0000000000
72885  36.177  -13.879  30.677 0.0000000000
72901  35.176  -14.426  30.746 0.0000000000
71832  34.659  -15.165  30.607 0.0000000000
49722  26.877  -34.041  43.441 0.0000000000
49723  26.379  -34.589  43.144 0.0000000000
48785  25.593  -35.457  43.367 0.0000000000
48786  24.571  -35.333  43.477 0.0000000000
47786  25.074  -36.085  43.728 0.0000000000
52133  23.208  -32.196  44.000 0.0000000000
49715  23.180  -34.219  44.440 0.0000000000
48768  23.695  -35.529  44.013 0.0000000000
48769  22.733  -35.322  44.688 0.0000000000
47767  22.626  -36.080  44.779 0.0000000000
49708  21.449  -34.536  45.939 0.0000000000
47745  20.901  -35.966  45.778 0.0000000000
48736  20.759  -35.234  46.240 0.0000000000
60433  30.626  -25.329  41.317 0.0000000000
60417  27.875  -25.899  41.594 0.0000000000
59328  27.626  -26.881  41.232 0.0000000000
59329  26.952  -27.199  41.491 0.0000000000
55603  25.180  -29.377  41.897 0.0000000000
56946  25.561  -28.725  41.651 0.0000000000
56945  26.409  -28.811  41.403 0.0000000000
54450  26.298  -30.617  41.613 0.0000000000
50880  26.070  -33.298  42.498 0.0000000000
52132  26.485  -32.590  42.503 0.0000000000
50862  26.726  -33.545  42.918 0.0000000000
50861  27.263  -33.507  43.617 0.0000000000
65087  32.317  -21.412  38.464 0.0000000000
62730  33.243  -23.886  34.901 0.0000000000
62731  32.538  -23.403  35.413 0.0000000000
62751  33.299  -23.490  33.988 0.0000000000
62750  34.128  -23.756  33.717 0.0000000000
60521  35.920  -25.786  34.824 0.0000000000
61619  37.550  -24.833  34.082 0.0000000000
61620  36.645  -25.116  34.081 0.0000000000
61639  37.019  -24.413  33.854 0.0000000000
62768  36.131  -23.750  33.181 0.0000000000
62766  38.244  -23.237  33.587 0.0000000000
62748  37.953  -23.969  33.980 0.0000000000
60504  39.811  -25.230  35.828 0.0000000000
85510  49.458  -2.800  20.722 0.0000000000
82567  48.933  -5.441  19.585 0.0000000000
83505  49.217  -4.575  19.729 0.0000000000
82566  49.833  -5.358  18.976 0.0000000000
81611  50.055  -6.358  18.963 0.0000000000
80540  48.298  -7.835  19.845 0.0000000000
79488  49.779  -7.998  19.387 0.0000000000
78305  43.670  -9.360  23.703 0.0000000000
77154  43.609  -9.858  23.652 0.0000000000
76122  42.682  -10.688  24.575 0.0000000000
76107  42.523  -11.371  25.057 0.0000000000
78275  40.792  -9.273  26.155 0.0000000000
76090  41.071  -11.681  26.079 0.0000000000
77115  41.326  -11.157  25.747 0.0000000000
76089  41.964  -11.790  25.772 0.0000000000
76088  42.943  -11.918  25.785 0.0000000000
75027  42.624  -12.473  26.441 0.0000000000
73952  42.611  -13.365  27.113 0.0000000000
78232  38.609  -10.209  29.944 0.0000000000
77089  37.749  -11.159  28.202 0.0000000000
76067  37.920  -11.712  27.753 0.0000000000
76066  38.444  -11.785  27.131 0.0000000000
75009  38.123  -12.438  27.330 0.0000000000
71871  37.716  -14.950  27.659 0.0000000000
71869  39.315  -15.499  27.215 0.0000000000
72938  38.947  -14.773  26.868 0.0000000000
72949  39.343  -14.128  26.697 0.0000000000
72948  40.205  -13.943  26.631 0.0000000000
53403  35.840  -31.454  37.060 0.0000000000
52230  36.264  -32.112  37.651 0.0000000000
52191  37.398  -32.605  39.114 0.0000000000
81561  44.852  -6.784  25.514 0.0000000000
80481  44.371  -6.868  25.732 0.0000000000
80504  43.169  -7.873  24.620 0.0000000000
79434  43.672  -8.388  24.107 0.0000000000
79446  43.802  -8.929  23.724 0.0000000000
47739  27.625  -36.446  45.637 0.0000000000
47740  26.721  -36.953  45.392 0.0000000000
48721  20.168  -34.991  47.285 0.0000000000
48683  18.511  -35.317  49.623 0.0000000000
48682  18.984  -34.973  49.446 0.0000000000
48701  18.589  -35.564  48.795 0.0000000000
46650  17.047  -37.509  49.016 0.0000000000
45620  16.858  -38.399  49.105 0.0000000000
44606  17.338  -38.924  48.856 0.0000000000
46623  15.649  -37.048  51.673 0.0000000000
46624  15.405  -37.923  51.082 0.0000000000
44574  15.492  -39.746  50.615 0.0000000000
45609  15.509  -38.684  50.402 0.0000000000
43595  16.220  -40.504  50.723 0.0000000000
42479  15.629  -41.541  52.481 0.0000000000
42490  16.186  -41.352  51.841 0.0000000000
41256  14.199  -42.511  54.495 0.0000000000
41239  14.305  -42.929  55.321 0.0000000000
42412  12.247  -41.193  55.732 0.0000000000
42428  12.596  -41.174  55.140 0.0000000000
41225  11.790  -41.712  56.678 0.0000000000
43498  11.764  -39.468  57.612 0.0000000000
42392  10.755  -41.065  58.272 0.0000000000
44478  12.218  -38.595  58.537 0.0000000000
44472  12.286  -38.474  58.871 0.0000000000
44473  11.995  -38.524  59.099 0.0000000000
44474  11.197  -38.848  59.213 0.0000000000
43486  10.574  -39.998  59.224 0.0000000000
44475  10.659  -39.277  59.515 0.0000000000
44468  10.108  -39.526  59.923 0.0000000000
58216  34.868  -27.285  37.120 0.0000000000
55684  33.924  -29.383  37.909 0.0000000000
53390  33.815  -31.585  37.978 0.0000000000
52213  33.687  -32.298  38.698 0.0000000000
54505  32.585  -30.660  38.561 0.0000000000
52183  31.856  -32.229  40.329 0.0000000000
52195  33.471  -32.569  39.424 0.0000000000
50911  34.418  -32.979  41.486 0.0000000000
59348  29.238  -26.776  40.046 0.0000000000
59365  29.622  -27.258  39.729 0.0000000000
58180  29.148  -27.583  40.223 0.0000000000
56942  28.936  -29.029  41.299 0.0000000000
55648  29.530  -29.221  40.993 0.0000000000
55647  29.918  -29.353  40.585 0.0000000000
55623  29.728  -29.575  41.245 0.0000000000
55600  28.362  -30.008  42.190 0.0000000000
54385  29.940  -31.274  43.944 0.0000000000
54403  29.872  -30.804  43.308 0.0000000000
53306  30.411  -31.165  43.281 0.0000000000
53325  30.382  -30.663  42.475 0.0000000000
76134  44.273  -11.015  23.654 0.0000000000
76133  45.261  -11.452  23.428 0.0000000000
75062  45.643  -11.994  23.938 0.0000000000
72875  32.873  -14.355  32.766 0.0000000000
70684  32.956  -16.324  31.574 0.0000000000
71820  32.955  -15.761  31.592 0.0000000000
70683  33.428  -16.318  31.198 0.0000000000
70697  33.837  -16.322  30.768 0.0000000000
69525  33.875  -16.844  30.812 0.0000000000
66236  31.697  -20.660  37.009 0.0000000000
66253  31.491  -20.532  36.161 0.0000000000
66284  32.512  -20.626  34.067 0.0000000000
67305  31.434  -18.905  34.624 0.0000000000
67319  32.315  -19.199  33.913 0.0000000000
65120  36.119  -21.010  34.262 0.0000000000
65136  34.605  -21.206  33.820 0.0000000000
65121  35.351  -20.826  34.252 0.0000000000
68299  34.602  -19.366  33.920 0.0000000000
67317  34.195  -19.717  33.823 0.0000000000
68317  32.984  -18.877  33.095 0.0000000000
68340  32.827  -18.256  32.766 0.0000000000
68339  33.518  -18.327  32.514 0.0000000000
68337  35.397  -18.862  32.807 0.0000000000
69510  34.870  -18.145  31.160 0.0000000000
68356  35.571  -18.638  31.626 0.0000000000
68355  36.541  -18.976  31.775 0.0000000000
53415  37.307  -31.019  37.010 0.0000000000
54527  36.940  -30.441  36.426 0.0000000000
53414  37.815  -30.963  37.226 0.0000000000
54512  39.631  -30.238  37.837 0.0000000000
55696  39.030  -29.896  36.933 0.0000000000
55695  39.662  -29.532  37.433 0.0000000000
55704  39.042  -29.215  36.866 0.0000000000
57013  40.823  -28.565  37.681 0.0000000000
59383  40.475  -26.975  36.925 0.0000000000
87749  54.010  -0.466  17.252 0.0000000000
88933  54.371  -0.099  16.906 0.0000000000
87762  54.442  -0.906  16.665 0.0000000000
86609  54.993  -1.346  16.126 0.0000000000
85516  49.724  -2.845  19.653 0.0000000000
85523  51.079  -2.876  18.588 0.0000000000
85522  51.877  -2.722  18.150 0.0000000000
83525  54.072  -4.320  17.614 0.0000000000
83526  53.273  -4.047  17.772 0.0000000000
85533  52.925  -3.031  17.472 0.0000000000
85532  53.521  -2.700  17.243 0.0000000000
84500  54.346  -3.371  17.021 0.0000000000
76156  47.050  -11.095  21.854 0.0000000000
76145  47.134  -11.605  22.575 0.0000000000
58225  35.081  -27.588  36.306 0.0000000000
58234  35.769  -27.471  35.837 0.0000000000
55715  36.964  -28.990  35.924 0.0000000000
79444  44.991  -8.182  23.256 0.0000000000
79455  45.322  -8.477  22.876 0.0000000000
78329  46.444  -9.733  21.800 0.0000000000
79386  39.615  -8.254  29.264 0.0000000000
78243  38.395  -9.868  29.316 0.0000000000
70709  36.310  -16.526  29.231 0.0000000000
68367  37.806  -18.771  30.788 0.0000000000
46718  21.151  -36.890  45.629 0.0000000000
46698  21.471  -37.700  45.936 0.0000000000
45654  20.064  -38.558  47.441 0.0000000000
45656  18.644  -37.586  47.694 0.0000000000
56990  31.783  -28.422  39.238 0.0000000000
56968  31.564  -28.026  39.305 0.0000000000
58195  31.139  -27.907  39.119 0.0000000000
58196  30.535  -27.891  39.292 0.0000000000
52112  27.636  -32.651  43.905 0.0000000000
68260  30.995  -18.610  37.376 0.0000000000
63922  40.197  -22.512  34.905 0.0000000000
73905  35.765  -13.385  31.880 0.0000000000
72887  34.730  -14.116  31.292 0.0000000000
49738  25.724  -33.945  42.655 0.0000000000
49739  25.004  -33.872  42.639 0.0000000000
50845  22.620  -32.220  44.898 0.0000000000
50846  22.653  -32.886  44.795 0.0000000000
56914  24.595  -27.909  43.577 0.0000000000
54428  25.161  -30.229  41.882 0.0000000000
53349  25.816  -31.199  41.667 0.0000000000
62702  32.511  -22.829  37.307 0.0000000000
62701  33.198  -23.220  37.601 0.0000000000
62717  33.519  -23.914  36.229 0.0000000000
61602  34.024  -24.317  35.123 0.0000000000
59409  37.192  -26.301  34.679 0.0000000000
59408  37.666  -26.080  34.585 0.0000000000
60518  37.999  -25.622  34.489 0.0000000000
61618  38.501  -24.667  34.498 0.0000000000
60499  39.719  -25.851  35.974 0.0000000000
59389  40.759  -25.984  36.539 0.0000000000
81585  46.897  -6.948  22.511 0.0000000000
82543  48.041  -5.548  22.588 0.0000000000
83498  48.968  -4.245  20.310 0.0000000000
83499  48.567  -4.730  20.569 0.0000000000
82568  48.464  -5.468  20.178 0.0000000000
79478  51.221  -8.940  19.863 0.0000000000
78340  51.723  -9.684  20.716 0.0000000000
79435  42.656  -8.546  24.716 0.0000000000
78295  42.569  -9.313  24.677 0.0000000000
78284  41.903  -9.466  25.195 0.0000000000
78277  39.675  -9.832  26.667 0.0000000000
73963  41.453  -13.292  26.682 0.0000000000
76044  37.803  -11.734  29.921 0.0000000000
70741  38.643  -16.266  27.649 0.0000000000
71868  40.363  -15.524  27.258 0.0000000000
70739  40.565  -16.266  27.705 0.0000000000
52211  35.758  -32.414  38.321 0.0000000000
52192  36.305  -32.657  39.108 0.0000000000
52179  36.810  -32.827  39.861 0.0000000000
81511  42.861  -6.446  27.844 0.0000000000
81551  42.943  -6.656  26.514 0.0000000000
81550  43.418  -6.647  26.426 0.0000000000
80505  42.694  -7.988  24.772 0.0000000000
47741  25.893  -37.043  44.978 0.0000000000
46713  25.900  -37.468  45.640 0.0000000000
43574  18.755  -40.765  51.459 0.0000000000
48666  18.367  -35.267  50.449 0.0000000000
48684  17.881  -35.629  49.572 0.0000000000
47679  16.640  -36.735  49.787 0.0000000000
45595  14.779  -39.228  51.665 0.0000000000
44557  14.913  -39.577  51.355 0.0000000000
43577  15.866  -40.834  51.349 0.0000000000
42492  15.039  -40.836  51.999 0.0000000000
42464  14.941  -41.755  53.103 0.0000000000
41273  13.623  -41.508  53.839 0.0000000000
43519  12.798  -39.776  54.985 0.0000000000
43508  12.022  -40.218  56.476 0.0000000000
43509  11.635  -40.781  56.731 0.0000000000
43489  11.635  -39.101  58.320 0.0000000000
45478  11.095  -38.406  59.894 0.0000000000
53374  31.517  -31.269  39.586 0.0000000000
52167  32.196  -32.632  41.737 0.0000000000
58181  28.598  -27.764  40.656 0.0000000000
54387  28.893  -31.156  44.116 0.0000000000
54404  29.187  -30.715  43.412 0.0000000000
76119  45.055  -11.912  24.194 0.0000000000
75053  45.406  -12.275  24.675 0.0000000000
71781  31.996  -14.937  34.784 0.0000000000
72861  32.430  -14.481  33.187 0.0000000000
70670  32.524  -16.318  31.936 0.0000000000
65123  31.924  -21.668  34.835 0.0000000000
65138  32.599  -21.937  34.037 0.0000000000
66252  36.502  -20.117  34.965 0.0000000000
66270  35.912  -20.316  34.658 0.0000000000
67302  35.640  -19.634  34.552 0.0000000000
68298  35.109  -19.261  34.093 0.0000000000
68315  35.240  -18.999  33.631 0.0000000000
68313  37.095  -18.823  33.844 0.0000000000
54514  38.130  -30.875  37.331 0.0000000000
54503  39.180  -31.058  38.105 0.0000000000
54502  39.877  -30.710  38.528 0.0000000000
86595  54.016  -1.364  17.029 0.0000000000
83524  55.121  -4.288  17.119 0.0000000000
54407  24.036  -30.551  43.377 0.0000000000
56915  23.955  -28.812  43.194 0.0000000000
55582  24.117  -29.709  42.958 0.0000000000
77189  49.357  -10.472  20.864 0.0000000000
77163  49.952  -11.263  22.630 0.0000000000
76154  48.617  -11.502  22.293 0.0000000000
76143  48.959  -11.612  22.987 0.0000000000
61591  34.845  -24.465  36.186 0.0000000000
60507  36.006  -26.101  34.920 0.0000000000
59410  36.656  -26.445  34.847 0.0000000000
59399  36.999  -26.866  35.068 0.0000000000
58231  38.122  -27.537  35.710 0.0000000000
58224  38.696  -27.567  36.040 0.0000000000
81570  46.129  -6.735  24.361 0.0000000000
81579  46.439  -7.053  23.304 0.0000000000
81586  46.491  -7.283  22.850 0.0000000000
78344  47.571  -9.166  20.775 0.0000000000
40024  12.702  -42.869  56.796 0.0000000000
80470  40.821  -7.774  26.794 0.0000000000
80485  40.923  -8.086  26.089 0.0000000000
79416  39.856  -9.392  26.739 0.0000000000
79395  39.764  -8.508  28.187 0.0000000000
76092  39.089  -11.477  26.697 0.0000000000
73928  36.626  -13.803  29.814 0.0000000000
73943  36.597  -14.020  28.927 0.0000000000
71854  37.206  -15.481  28.050 0.0000000000
70724  36.801  -16.043  28.593 0.0000000000
70722  38.287  -16.906  28.062 0.0000000000
68375  39.977  -18.260  29.653 0.0000000000
68365  39.809  -18.570  30.461 0.0000000000
68351  40.594  -18.588  31.219 0.0000000000
50909  35.882  -32.943  40.818 0.0000000000
50895  35.902  -33.073  41.770 0.0000000000
46738  23.606  -37.261  44.953 0.0000000000
46715  23.903  -37.712  45.318 0.0000000000
45666  22.695  -38.224  46.755 0.0000000000
45651  23.032  -38.455  47.575 0.0000000000
44586  20.589  -39.806  48.973 0.0000000000
44620  20.188  -38.905  47.869 0.0000000000
44603  20.061  -39.230  48.274 0.0000000000
44588  18.603  -39.784  49.141 0.0000000000
46610  15.612  -36.781  52.720 0.0000000000
45583  14.741  -38.181  52.525 0.0000000000
45571  14.342  -38.468  53.154 0.0000000000
44535  13.944  -39.263  53.100 0.0000000000
45560  13.949  -38.709  53.542 0.0000000000
44523  13.792  -38.498  54.978 0.0000000000
45536  13.630  -38.109  57.304 0.0000000000
55686  32.561  -29.799  38.727 0.0000000000
54448  30.554  -30.516  40.700 0.0000000000
55601  27.675  -30.168  42.208 0.0000000000
54388  28.415  -31.438  44.126 0.0000000000
53289  27.948  -31.871  44.125 0.0000000000
75025  44.741  -12.511  26.455 0.0000000000
69453  31.124  -16.945  35.593 0.0000000000
69467  31.161  -17.151  34.698 0.0000000000
65155  36.944  -22.277  32.796 0.0000000000
63962  35.950  -21.970  33.162 0.0000000000
65133  37.348  -21.752  33.211 0.0000000000
65119  36.989  -21.052  34.073 0.0000000000
65117  39.001  -21.297  34.170 0.0000000000
66268  37.360  -20.765  34.915 0.0000000000
66251  36.929  -20.255  35.369 0.0000000000
67289  37.253  -19.705  35.595 0.0000000000
87746  52.311  -0.804  18.321 0.0000000000
81609  52.038  -6.537  18.720 0.0000000000
42375  9.676  -41.265  60.462 0.0000000000
76030  38.613  -11.508  31.091 0.0000000000
76031  38.218  -11.864  30.672 0.0000000000
73916  37.156  -13.095  30.309 0.0000000000
72911  35.982  -14.754  29.816 0.0000000000
72900  35.628  -14.636  30.289 0.0000000000
48765  27.410  -35.239  44.629 0.0000000000
48766  26.961  -35.548  44.127 0.0000000000
48784  26.360  -35.601  43.672 0.0000000000
47765  24.429  -36.362  44.223 0.0000000000
52151  24.083  -32.295  43.216 0.0000000000
50864  23.200  -33.149  44.063 0.0000000000
49726  23.696  -33.894  43.736 0.0000000000
47743  22.514  -36.615  45.020 0.0000000000
47744  21.660  -36.278  45.384 0.0000000000
46719  20.639  -36.590  45.899 0.0000000000
59346  31.602  -26.243  40.510 0.0000000000
60452  30.427  -25.758  40.509 0.0000000000
60453  29.356  -26.031  40.287 0.0000000000
60454  28.730  -26.408  40.462 0.0000000000
60435  28.424  -25.891  40.870 0.0000000000
59327  28.227  -26.612  40.886 0.0000000000
59350  28.126  -27.288  40.850 0.0000000000
58155  27.516  -27.688  40.980 0.0000000000
59311  26.502  -26.938  42.022 0.0000000000
58142  25.481  -27.809  41.911 0.0000000000
58141  26.199  -27.473  41.629 0.0000000000
54427  26.934  -30.795  41.975 0.0000000000
53327  26.300  -31.558  41.901 0.0000000000
53308  26.873  -31.969  42.648 0.0000000000
67263  31.651  -19.697  39.007 0.0000000000
66224  31.699  -20.555  38.134 0.0000000000
65098  31.921  -21.511  37.472 0.0000000000
63923  32.046  -22.498  35.742 0.0000000000
63941  32.332  -22.664  34.596 0.0000000000
62771  33.846  -23.105  33.477 0.0000000000
62792  35.205  -23.058  32.808 0.0000000000
61601  34.862  -24.520  35.282 0.0000000000
61622  34.650  -24.312  34.268 0.0000000000
61641  35.467  -24.172  33.707 0.0000000000
61642  34.820  -23.847  33.556 0.0000000000
62769  35.334  -23.569  33.141 0.0000000000
62791  35.846  -23.164  32.763 0.0000000000
63961  37.328  -22.669  32.927 0.0000000000
63959  38.413  -22.746  33.552 0.0000000000
61617  39.380  -24.299  34.777 0.0000000000
62746  39.870  -23.443  34.668 0.0000000000
84485  49.650  -3.776  19.446 0.0000000000
82580  50.378  -4.838  18.816 0.0000000000
80555  47.971  -6.527  19.979 0.0000000000
80554  48.511  -6.960  19.638 0.0000000000
80553  49.483  -7.088  19.309 0.0000000000
81610  51.020  -6.327  18.828 0.0000000000
78317  44.672  -9.785  22.991 0.0000000000
77167  44.684  -10.268  23.015 0.0000000000
77153  44.254  -10.240  23.347 0.0000000000
77141  43.106  -10.283  24.101 0.0000000000
75055  43.844  -11.893  24.698 0.0000000000
76087  43.430  -12.069  25.664 0.0000000000
78285  41.131  -9.618  25.825 0.0000000000
77129  41.353  -10.380  25.586 0.0000000000
73951  43.725  -13.315  27.513 0.0000000000
77088  37.912  -10.467  28.652 0.0000000000
77083  37.606  -11.167  29.085 0.0000000000
73942  37.114  -13.527  28.481 0.0000000000
73955  37.543  -13.785  27.753 0.0000000000
72939  38.250  -14.300  27.290 0.0000000000
73954  38.122  -13.272  27.263 0.0000000000
73966  38.758  -13.659  26.812 0.0000000000
72935  42.484  -14.565  27.558 0.0000000000
54529  35.139  -30.184  36.610 0.0000000000
54528  35.901  -30.518  36.398 0.0000000000
52229  37.109  -32.059  37.774 0.0000000000
52228  37.492  -31.945  37.887 0.0000000000
80491  45.129  -6.848  24.959 0.0000000000
80514  44.664  -7.931  23.724 0.0000000000
80503  44.336  -7.753  24.260 0.0000000000
79445  44.499  -8.375  23.554 0.0000000000
46695  24.272  -38.000  46.325 0.0000000000
49699  20.670  -34.771  46.702 0.0000000000
47709  19.991  -35.734  47.012 0.0000000000
47710  19.551  -36.142  47.318 0.0000000000
47691  19.233  -35.959  47.884 0.0000000000
47711  19.082  -36.648  47.467 0.0000000000
46682  18.786  -37.087  47.503 0.0000000000
46664  17.616  -37.215  48.552 0.0000000000
45608  15.757  -38.182  50.277 0.0000000000
45621  16.081  -38.519  49.769 0.0000000000
44590  16.049  -39.428  49.898 0.0000000000
44572  16.972  -40.136  49.979 0.0000000000
43594  17.157  -40.546  50.387 0.0000000000
42489  16.933  -41.472  51.848 0.0000000000
41271  15.036  -42.284  53.845 0.0000000000
41223  13.054  -42.909  56.155 0.0000000000
42444  13.055  -41.125  54.320 0.0000000000
43531  12.854  -40.614  54.710 0.0000000000
42445  12.743  -40.943  54.819 0.0000000000
41258  12.861  -41.477  54.747 0.0000000000
42401  11.559  -41.250  56.971 0.0000000000
41204  10.675  -41.574  58.619 0.0000000000
42383  10.414  -41.058  58.926 0.0000000000
65076  32.807  -21.460  39.275 0.0000000000
58226  34.640  -28.035  36.908 0.0000000000
53404  34.921  -31.394  37.510 0.0000000000
53405  34.280  -31.191  37.557 0.0000000000
53389  34.394  -31.643  37.775 0.0000000000
52214  33.193  -32.342  39.012 0.0000000000
59364  30.109  -27.400  39.502 0.0000000000
56993  29.729  -28.544  40.125 0.0000000000
55599  29.065  -29.919  42.026 0.0000000000
55598  29.630  -29.823  41.750 0.0000000000
53347  30.686  -30.745  41.835 0.0000000000
75061  46.107  -12.173  24.126 0.0000000000
76118  46.711  -12.124  23.979 0.0000000000
75024  45.668  -12.553  26.655 0.0000000000
73891  34.742  -13.380  32.880 0.0000000000
72873  34.356  -13.631  31.938 0.0000000000
72888  34.038  -14.105  31.654 0.0000000000
71806  33.233  -14.654  31.954 0.0000000000
71819  33.681  -14.927  31.385 0.0000000000
70696  34.286  -16.324  30.528 0.0000000000
67271  31.354  -19.615  38.135 0.0000000000
67272  31.028  -19.491  37.425 0.0000000000
67281  30.875  -19.290  36.584 0.0000000000
66254  31.234  -19.881  35.868 0.0000000000
67292  31.044  -19.043  35.618 0.0000000000
68300  31.412  -17.950  34.364 0.0000000000
66283  33.754  -20.501  33.791 0.0000000000
68319  31.755  -17.929  33.884 0.0000000000
69483  32.077  -17.322  33.097 0.0000000000
69500  32.726  -17.499  32.383 0.0000000000
68358  34.060  -18.394  32.176 0.0000000000
69511  33.745  -17.666  31.601 0.0000000000
68369  36.074  -18.653  31.101 0.0000000000
68335  37.298  -19.062  32.822 0.0000000000
68334  38.339  -19.064  32.695 0.0000000000
55707  36.489  -29.656  36.103 0.0000000000
55706  37.524  -29.554  36.199 0.0000000000
57022  38.128  -29.068  36.166 0.0000000000
57021  38.691  -28.529  36.349 0.0000000000
58223  39.536  -27.573  36.647 0.0000000000
54501  41.065  -30.158  38.757 0.0000000000
55682  40.554  -29.591  38.028 0.0000000000
57014  40.056  -28.565  37.348 0.0000000000
58215  39.806  -28.056  37.129 0.0000000000
58222  40.140  -27.174  36.840 0.0000000000
85515  50.389  -2.611  19.080 0.0000000000
86579  50.991  -1.459  19.212 0.0000000000
87747  51.630  -1.148  18.725 0.0000000000
86585  52.148  -1.818  18.049 0.0000000000
82578  52.128  -5.121  18.442 0.0000000000
83513  53.538  -4.613  18.052 0.0000000000
83527  52.849  -3.840  17.829 0.0000000000
84490  52.471  -3.402  17.823 0.0000000000
86596  53.450  -1.784  17.276 0.0000000000
42481  14.333  -40.885  52.702 0.0000000000
43484  11.982  -38.690  58.648 0.0000000000
43488  11.957  -38.837  58.592 0.0000000000
43546  14.097  -40.703  52.873 0.0000000000
43563  13.838  -39.941  52.822 0.0000000000
44515  12.685  -39.564  55.536 0.0000000000
44534  14.206  -39.051  52.905 0.0000000000
44591  15.651  -39.239  50.152 0.0000000000
45570  14.609  -37.979  52.999 0.0000000000
46637  15.624  -38.064  50.553 0.0000000000
47742  22.935  -36.885  44.922 0.0000000000
47787  24.612  -35.924  43.799 0.0000000000
48702  18.163  -35.571  49.067 0.0000000000
48735  20.990  -34.978  46.042 0.0000000000
48750  20.954  -35.461  45.859 0.0000000000
52114  22.768  -32.263  44.525 0.0000000000
52209  37.470  -32.177  38.233 0.0000000000
53348  26.036  -31.045  41.584 0.0000000000
53400  38.760  -31.215  37.948 0.0000000000
54451  25.721  -30.710  41.625 0.0000000000
54525  38.609  -30.181  36.903 0.0000000000
55694  40.285  -29.072  37.595 0.0000000000
56943  28.441  -28.848  41.285 0.0000000000
56972  27.825  -28.104  40.880 0.0000000000
59296  25.768  -26.912  42.753 0.0000000000
59397  38.840  -26.157  35.293 0.0000000000
61599  39.119  -25.005  35.033 0.0000000000
62765  38.624  -22.941  33.685 0.0000000000
62789  37.048  -23.102  32.914 0.0000000000
62790  36.596  -23.205  32.867 0.0000000000
63896  32.765  -21.956  38.713 0.0000000000
63939  38.234  -21.952  33.524 0.0000000000
63940  32.770  -22.958  34.089 0.0000000000
63966  32.686  -22.528  34.059 0.0000000000
63985  36.872  -22.771  32.783 0.0000000000
63986  36.339  -22.544  32.801 0.0000000000
63988  34.935  -22.645  33.037 0.0000000000
65122  34.880  -20.637  34.208 0.0000000000
65134  36.442  -21.440  33.496 0.0000000000
65156  36.618  -21.911  32.972 0.0000000000
66271  35.142  -20.213  34.454 0.0000000000
67291  36.188  -19.814  34.817 0.0000000000
68251  31.428  -18.404  37.992 0.0000000000
68283  36.535  -19.371  34.827 0.0000000000
72925  36.575  -14.588  28.757 0.0000000000
75045  43.867  -12.187  25.313 0.0000000000
78286  40.772  -9.674  26.105 0.0000000000
79394  40.213  -8.168  27.932 0.0000000000
79414  40.822  -8.958  26.184 0.0000000000
79425  40.910  -8.516  26.106 0.0000000000
80451  40.034  -7.912  28.499 0.0000000000
80495  41.402  -8.114  25.646 0.0000000000
81530  42.665  -6.616  26.973 0.0000000000
81531  42.180  -6.723  27.254 0.0000000000
81614  48.028  -6.184  20.117 0.0000000000
82587  54.194  -4.812  17.884 0.0000000000
84479  48.796  -4.014  20.730 0.0000000000
