#!ascii label  , from subject abby vox2ras=TkReg
1074
113575  41.672  26.537  5.953 0.0000000000
121017  48.596  37.141  9.209 0.0000000000
111929  52.214  24.138  11.842 0.0000000000
111227  37.732  24.178  7.629 0.0000000000
111982  42.768  24.642  9.764 0.0000000000
118294  43.499  32.768  3.271 0.0000000000
122461  42.595  38.817  10.485 0.0000000000
123982  40.619  40.332  6.321 0.0000000000
109565  50.263  21.156  16.496 0.0000000000
106064  50.722  18.104  13.949 0.0000000000
117589  47.380  31.130  5.859 0.0000000000
112793  48.199  24.917  5.798 0.0000000000
115127  50.175  28.789  9.261 0.0000000000
115062  50.952  29.035  15.106 0.0000000000
127231  41.569  45.723  6.683 0.0000000000
121781  47.138  38.057  4.662 0.0000000000
111139  46.810  23.029  13.127 0.0000000000
112799  39.281  25.386  5.895 0.0000000000
111985  39.708  23.985  8.665 0.0000000000
112026  41.453  24.507  6.032 0.0000000000
116801  42.481  30.280  7.138 0.0000000000
115168  39.384  28.417  6.400 0.0000000000
123945  37.199  39.738  9.207 0.0000000000
107858  50.912  19.865  19.515 0.0000000000
106996  53.631  17.583  17.113 0.0000000000
106004  53.082  17.046  18.630 0.0000000000
128615  44.136  47.236  3.986 0.0000000000
118856  48.375  33.713  7.152 0.0000000000
115935  48.316  29.803  6.819 0.0000000000
118843  49.915  33.427  9.398 0.0000000000
115104  45.575  28.205  11.375 0.0000000000
114294  48.326  27.871  11.578 0.0000000000
115065  47.032  28.319  15.090 0.0000000000
113503  48.496  26.419  16.973 0.0000000000
122471  45.552  39.537  8.722 0.0000000000
122523  43.467  38.947  5.477 0.0000000000
121748  48.205  37.908  6.803 0.0000000000
119552  47.275  34.439  5.206 0.0000000000
111994  51.197  23.832  7.893 0.0000000000
111961  47.555  24.926  9.921 0.0000000000
111154  50.566  23.037  11.755 0.0000000000
111180  41.085  23.068  11.528 0.0000000000
110406  42.368  22.195  12.594 0.0000000000
121845  45.766  37.826  1.184 0.0000000000
120314  42.466  35.572  3.243 0.0000000000
122457  46.317  39.139  10.154 0.0000000000
119502  48.163  34.699  10.030 0.0000000000
128503  41.579  48.181  14.594 0.0000000000
127197  39.108  45.568  9.505 0.0000000000
122475  41.169  38.747  8.707 0.0000000000
110370  52.153  22.622  14.440 0.0000000000
109606  52.314  21.133  13.286 0.0000000000
108765  53.421  19.931  14.739 0.0000000000
105059  53.574  16.181  12.844 0.0000000000
115165  44.813  27.981  6.779 0.0000000000
112833  44.708  25.286  3.520 0.0000000000
114341  47.267  27.452  5.570 0.0000000000
113563  49.806  25.802  6.911 0.0000000000
113541  51.505  26.225  10.402 0.0000000000
116759  49.391  30.882  10.317 0.0000000000
114292  51.077  28.208  11.540 0.0000000000
112716  51.807  26.102  13.245 0.0000000000
111911  49.659  24.666  15.353 0.0000000000
110347  49.415  22.730  18.976 0.0000000000
128604  40.906  47.279  5.971 0.0000000000
126580  44.671  44.790  5.210 0.0000000000
124673  43.534  41.690  5.113 0.0000000000
123336  46.630  39.763  3.018 0.0000000000
120312  45.959  35.471  2.705 0.0000000000
118269  44.884  32.366  5.109 0.0000000000
112779  44.994  25.504  7.227 0.0000000000
111948  44.898  24.402  11.564 0.0000000000
109626  44.486  21.364  12.928 0.0000000000
109594  48.445  21.127  14.271 0.0000000000
112819  40.687  25.243  4.755 0.0000000000
112027  40.367  24.408  5.831 0.0000000000
112054  41.372  24.917  4.318 0.0000000000
114328  41.916  28.093  7.259 0.0000000000
115166  41.016  28.804  6.809 0.0000000000
113576  40.670  26.712  6.036 0.0000000000
113578  39.137  26.410  6.042 0.0000000000
107823  52.620  18.804  21.291 0.0000000000
106982  53.248  18.025  19.759 0.0000000000
105986  52.668  17.608  20.775 0.0000000000
108791  42.040  19.992  13.506 0.0000000000
120275  48.405  35.641  8.089 0.0000000000
118855  48.863  33.498  7.879 0.0000000000
119522  49.149  34.586  8.846 0.0000000000
114280  45.335  27.478  12.802 0.0000000000
114279  46.313  27.506  12.669 0.0000000000
122469  47.605  39.501  8.647 0.0000000000
121735  46.808  38.114  7.312 0.0000000000
121747  48.384  37.878  7.512 0.0000000000
120276  47.871  35.315  7.052 0.0000000000
111958  51.972  23.982  9.689 0.0000000000
111193  50.364  23.610  9.904 0.0000000000
111174  51.179  22.969  10.903 0.0000000000
111211  37.213  23.330  9.172 0.0000000000
111210  38.131  23.390  9.295 0.0000000000
111999  41.489  24.514  8.551 0.0000000000
111968  40.401  23.745  9.983 0.0000000000
111966  41.995  24.033  10.616 0.0000000000
111163  41.518  22.850  11.971 0.0000000000
111950  42.648  23.896  11.334 0.0000000000
119593  44.949  34.849  1.434 0.0000000000
121098  43.939  36.260  1.632 0.0000000000
118901  42.637  33.694  3.033 0.0000000000
112783  37.366  25.834  7.357 0.0000000000
112003  36.505  24.979  8.487 0.0000000000
122459  44.123  38.878  10.174 0.0000000000
121003  45.247  36.774  9.315 0.0000000000
121004  44.104  36.980  9.200 0.0000000000
123236  39.722  39.240  10.231 0.0000000000
122478  38.945  38.878  8.816 0.0000000000
123234  41.603  39.651  10.202 0.0000000000
123232  43.447  40.149  10.040 0.0000000000
110357  51.790  21.892  15.067 0.0000000000
109589  53.153  21.066  14.460 0.0000000000
108752  52.288  20.168  15.592 0.0000000000
105017  53.737  15.838  15.276 0.0000000000
106044  54.302  16.981  15.173 0.0000000000
104050  54.009  15.607  13.506 0.0000000000
116812  45.919  30.177  6.662 0.0000000000
114342  46.279  27.425  5.703 0.0000000000
115937  46.817  29.277  6.330 0.0000000000
115913  49.404  29.534  8.299 0.0000000000
115144  48.755  28.602  7.481 0.0000000000
114318  49.756  27.288  8.364 0.0000000000
113555  50.430  25.962  8.069 0.0000000000
114310  50.454  27.544  9.451 0.0000000000
118224  47.465  32.747  10.082 0.0000000000
118207  48.396  32.688  10.346 0.0000000000
116760  48.174  30.950  10.140 0.0000000000
114257  50.186  28.262  13.462 0.0000000000
115085  50.149  28.315  11.729 0.0000000000
114256  51.338  28.474  13.914 0.0000000000
114274  51.444  27.832  12.629 0.0000000000
113518  51.533  27.892  14.400 0.0000000000
112713  50.795  25.937  14.505 0.0000000000
113520  50.175  26.407  15.060 0.0000000000
112668  48.199  25.760  18.596 0.0000000000
111895  48.498  24.764  17.775 0.0000000000
127931  41.904  46.628  6.636 0.0000000000
127948  42.941  46.590  6.007 0.0000000000
127247  42.723  45.583  6.120 0.0000000000
125933  38.632  43.480  7.713 0.0000000000
126567  38.809  44.141  7.810 0.0000000000
124668  40.159  41.546  6.333 0.0000000000
122521  45.424  38.537  4.865 0.0000000000
123291  43.681  39.958  5.107 0.0000000000
123315  44.721  39.962  4.649 0.0000000000
124007  45.156  40.815  4.372 0.0000000000
123313  46.341  39.258  3.737 0.0000000000
121823  47.040  37.509  2.793 0.0000000000
121801  47.377  37.225  3.425 0.0000000000
118266  47.290  32.303  5.317 0.0000000000
118885  46.476  33.411  4.331 0.0000000000
117605  46.065  31.788  5.792 0.0000000000
116813  44.833  30.664  6.796 0.0000000000
112831  46.691  25.012  4.058 0.0000000000
112815  44.619  25.109  5.532 0.0000000000
112778  46.044  25.519  6.960 0.0000000000
111930  47.811  24.234  11.811 0.0000000000
111962  46.312  24.960  10.473 0.0000000000
111932  45.580  23.919  12.123 0.0000000000
111159  45.143  23.071  12.729 0.0000000000
111140  45.913  22.783  13.014 0.0000000000
108768  51.482  20.044  14.284 0.0000000000
109608  50.095  21.643  13.935 0.0000000000
107911  49.449  19.293  14.287 0.0000000000
112015  38.456  24.439  6.930 0.0000000000
111225  38.721  23.699  7.772 0.0000000000
112014  39.257  24.078  6.899 0.0000000000
112013  40.382  24.338  6.954 0.0000000000
112011  42.394  24.956  7.950 0.0000000000
117608  43.136  31.841  5.464 0.0000000000
112800  38.591  25.800  6.427 0.0000000000
107871  50.829  19.599  18.389 0.0000000000
106998  52.208  18.955  16.875 0.0000000000
106987  52.421  18.597  18.461 0.0000000000
106013  54.001  16.929  17.531 0.0000000000
118257  47.875  32.415  5.766 0.0000000000
116810  47.948  30.457  6.036 0.0000000000
117587  48.612  31.581  6.840 0.0000000000
117580  49.575  31.430  8.469 0.0000000000
116776  50.253  30.858  9.634 0.0000000000
115895  45.631  29.496  10.497 0.0000000000
115118  47.620  28.891  10.511 0.0000000000
115103  46.484  28.188  11.194 0.0000000000
114259  48.064  27.762  13.271 0.0000000000
115063  49.831  29.009  15.150 0.0000000000
114233  49.780  27.881  15.938 0.0000000000
115027  48.182  28.408  16.535 0.0000000000
114200  47.232  27.312  17.460 0.0000000000
112669  47.585  25.865  18.537 0.0000000000
127918  40.238  46.940  7.865 0.0000000000
122488  42.338  38.476  7.664 0.0000000000
123276  41.492  39.637  6.210 0.0000000000
121737  44.643  37.786  7.141 0.0000000000
121750  46.316  37.763  6.343 0.0000000000
121765  46.987  37.855  5.461 0.0000000000
121057  47.406  36.564  4.244 0.0000000000
120283  47.490  35.510  5.903 0.0000000000
119544  47.683  34.338  6.111 0.0000000000
112009  50.055  24.373  6.762 0.0000000000
111997  48.236  24.763  7.733 0.0000000000
111978  49.525  24.134  8.533 0.0000000000
111944  49.454  24.035  10.365 0.0000000000
111156  48.445  23.757  12.452 0.0000000000
106084  50.864  16.979  11.923 0.0000000000
107041  49.216  18.410  13.071 0.0000000000
110424  38.507  22.577  11.632 0.0000000000
111209  39.222  23.698  9.504 0.0000000000
111182  39.321  23.002  11.078 0.0000000000
110409  39.483  22.068  12.289 0.0000000000
109630  40.593  21.536  12.911 0.0000000000
109629  41.587  21.487  12.929 0.0000000000
109628  42.609  21.353  12.942 0.0000000000
121866  44.949  38.494  0.624 0.0000000000
121824  43.499  37.429  2.299 0.0000000000
121715  48.018  38.063  10.101 0.0000000000
120248  48.225  36.107  9.624 0.0000000000
120249  47.318  35.908  9.600 0.0000000000
119503  46.778  34.697  9.502 0.0000000000
118226  45.552  32.794  9.749 0.0000000000
117538  45.016  31.350  10.305 0.0000000000
116763  44.759  30.341  10.497 0.0000000000
127164  40.063  45.836  11.908 0.0000000000
125923  38.058  43.961  9.065 0.0000000000
124661  38.302  41.357  7.427 0.0000000000
123263  39.948  39.128  7.168 0.0000000000
122473  43.201  38.992  8.632 0.0000000000
123246  46.107  40.097  9.438 0.0000000000
111136  52.400  23.480  12.810 0.0000000000
110418  52.221  22.194  12.093 0.0000000000
110383  53.049  21.998  13.093 0.0000000000
108781  53.315  20.363  13.858 0.0000000000
107908  52.796  19.187  14.307 0.0000000000
107896  53.285  19.192  15.499 0.0000000000
107019  53.218  18.270  14.391 0.0000000000
106062  52.523  17.481  13.911 0.0000000000
114345  43.295  27.179  6.509 0.0000000000
113607  43.193  25.623  3.790 0.0000000000
114362  44.695  26.682  5.190 0.0000000000
113591  46.179  26.253  3.920 0.0000000000
113602  48.008  25.135  4.222 0.0000000000
115161  48.179  28.512  6.589 0.0000000000
114340  48.391  27.044  5.930 0.0000000000
112791  49.287  24.978  5.564 0.0000000000
112773  50.497  24.839  6.941 0.0000000000
112744  51.624  24.737  8.892 0.0000000000
112735  52.006  24.965  9.993 0.0000000000
119483  49.690  33.980  10.147 0.0000000000
118205  50.079  32.662  10.237 0.0000000000
116775  50.481  30.280  9.941 0.0000000000
115117  48.715  29.014  10.594 0.0000000000
115116  49.713  29.093  10.704 0.0000000000
115126  50.625  28.787  9.970 0.0000000000
114305  51.156  27.723  10.607 0.0000000000
113536  51.817  26.407  11.500 0.0000000000
112723  52.126  25.606  12.211 0.0000000000
111125  52.045  23.793  13.881 0.0000000000
110371  51.419  23.408  14.637 0.0000000000
110353  50.135  21.843  16.147 0.0000000000
112699  48.940  26.052  16.208 0.0000000000
110355  48.860  23.566  16.656 0.0000000000
109566  49.556  21.588  17.129 0.0000000000
108729  49.876  21.204  19.019 0.0000000000
128602  42.442  47.252  5.548 0.0000000000
127946  44.294  46.219  5.112 0.0000000000
125955  45.717  43.459  3.901 0.0000000000
123993  41.872  40.533  5.732 0.0000000000
125945  42.544  43.635  5.690 0.0000000000
125944  43.724  43.565  5.332 0.0000000000
125328  45.257  42.573  4.320 0.0000000000
124698  46.328  41.294  2.800 0.0000000000
122607  46.295  38.711  1.575 0.0000000000
121081  45.730  36.119  1.824 0.0000000000
119573  45.444  34.250  2.619 0.0000000000
120291  46.677  34.897  4.267 0.0000000000
118886  45.604  33.335  3.779 0.0000000000
118282  44.691  32.699  4.165 0.0000000000
117593  43.524  31.400  6.294 0.0000000000
115147  43.378  28.707  7.503 0.0000000000
112052  43.321  24.683  4.257 0.0000000000
112798  43.555  25.323  7.032 0.0000000000
112765  43.837  25.318  8.485 0.0000000000
112747  46.558  25.425  8.600 0.0000000000
112749  44.494  25.200  9.426 0.0000000000
111981  43.758  24.840  10.010 0.0000000000
111177  43.531  23.463  12.208 0.0000000000
110405  43.340  22.232  12.746 0.0000000000
110401  50.973  22.544  12.405 0.0000000000
110386  49.846  22.516  13.396 0.0000000000
110387  48.467  22.583  13.703 0.0000000000
107924  48.302  19.318  13.558 0.0000000000
109611  46.711  21.588  13.542 0.0000000000
105996  51.807  17.395  19.741 0.0000000000
106016  51.124  17.350  17.730 0.0000000000
113596  41.118  25.934  5.174 0.0000000000
112837  40.950  25.044  4.402 0.0000000000
112818  41.519  25.306  4.450 0.0000000000
114346  42.259  27.247  6.696 0.0000000000
114347  41.145  27.715  6.663 0.0000000000
113597  40.298  26.089  5.511 0.0000000000
120265  48.624  36.033  9.022 0.0000000000
121725  48.625  38.080  8.986 0.0000000000
122482  48.257  38.738  8.069 0.0000000000
121029  48.463  37.082  8.056 0.0000000000
111943  52.113  24.067  10.638 0.0000000000
111191  51.667  23.401  10.339 0.0000000000
111173  52.075  22.972  11.195 0.0000000000
111219  37.313  23.789  8.330 0.0000000000
111218  38.041  23.421  8.365 0.0000000000
111983  41.686  24.317  9.564 0.0000000000
111951  42.087  23.725  11.191 0.0000000000
118910  43.764  33.767  2.079 0.0000000000
119585  43.692  34.627  1.902 0.0000000000
118900  43.324  33.288  2.654 0.0000000000
112016  37.633  24.895  7.468 0.0000000000
112767  36.909  25.300  7.865 0.0000000000
112002  37.099  24.506  8.030 0.0000000000
111220  36.611  24.248  8.572 0.0000000000
122460  43.182  38.783  10.246 0.0000000000
121719  43.559  37.966  9.683 0.0000000000
123217  41.310  39.294  10.586 0.0000000000
123235  40.676  39.326  10.285 0.0000000000
122445  42.789  39.340  10.465 0.0000000000
122444  43.607  39.529  10.330 0.0000000000
109575  51.025  21.323  15.711 0.0000000000
109574  52.228  21.085  15.209 0.0000000000
108753  51.542  20.562  15.768 0.0000000000
104020  53.906  15.591  14.663 0.0000000000
115938  46.029  29.018  6.819 0.0000000000
116811  47.087  30.272  6.166 0.0000000000
115912  49.918  29.808  8.924 0.0000000000
115133  49.498  28.653  8.430 0.0000000000
114311  49.956  28.075  8.902 0.0000000000
117558  46.830  31.901  9.932 0.0000000000
117557  47.828  31.915  10.126 0.0000000000
116778  46.900  31.361  9.914 0.0000000000
115073  50.664  28.786  14.514 0.0000000000
113519  50.940  27.178  14.713 0.0000000000
113515  50.360  27.512  15.354 0.0000000000
111862  48.500  25.042  19.662 0.0000000000
127917  40.596  46.781  7.366 0.0000000000
128569  40.562  47.155  7.296 0.0000000000
127932  41.122  46.657  7.047 0.0000000000
127230  42.328  46.152  6.452 0.0000000000
127248  42.168  45.579  6.359 0.0000000000
124669  39.206  41.414  6.836 0.0000000000
125312  39.386  42.624  6.867 0.0000000000
122520  46.371  38.247  4.766 0.0000000000
122549  45.225  39.260  4.585 0.0000000000
122548  45.937  38.901  4.307 0.0000000000
123314  45.692  39.947  4.126 0.0000000000
122547  46.789  38.442  4.082 0.0000000000
122572  47.329  38.116  3.672 0.0000000000
122546  47.451  38.008  4.235 0.0000000000
117604  46.888  31.698  5.610 0.0000000000
118267  46.584  32.234  5.273 0.0000000000
117590  46.494  31.103  6.158 0.0000000000
112813  47.020  25.319  4.963 0.0000000000
112795  46.422  25.395  5.905 0.0000000000
112794  47.467  25.209  5.818 0.0000000000
111157  47.298  23.677  12.583 0.0000000000
111931  46.661  24.135  12.003 0.0000000000
111158  46.236  23.439  12.605 0.0000000000
107910  50.670  19.319  14.436 0.0000000000
108769  50.320  20.069  14.493 0.0000000000
107022  50.149  18.756  14.270 0.0000000000
112029  38.768  25.035  6.366 0.0000000000
112028  39.519  24.656  5.966 0.0000000000
112012  41.492  24.632  7.342 0.0000000000
117594  42.665  31.283  6.150 0.0000000000
117609  42.077  31.487  5.484 0.0000000000
116816  41.827  30.618  6.467 0.0000000000
115167  40.254  28.587  6.576 0.0000000000
115940  40.424  29.547  6.509 0.0000000000
107870  51.606  19.115  17.963 0.0000000000
107857  51.641  19.125  19.076 0.0000000000
105994  53.193  17.445  19.209 0.0000000000
106985  53.275  17.502  19.087 0.0000000000
106003  53.588  17.110  18.481 0.0000000000
104990  53.512  16.673  17.098 0.0000000000
106015  52.343  16.897  17.596 0.0000000000
128616  43.407  47.425  4.291 0.0000000000
128640  42.750  47.436  3.631 0.0000000000
118867  48.083  33.335  6.341 0.0000000000
118256  48.358  32.378  6.491 0.0000000000
118866  48.484  33.066  7.026 0.0000000000
118844  49.537  33.497  8.750 0.0000000000
118241  49.286  32.649  8.214 0.0000000000
117572  49.592  32.060  8.515 0.0000000000
116787  49.822  30.817  8.759 0.0000000000
117571  50.085  31.813  9.084 0.0000000000
115120  45.596  28.670  10.825 0.0000000000
115119  46.562  28.775  10.600 0.0000000000
114296  46.400  27.700  11.842 0.0000000000
114246  47.154  27.975  14.275 0.0000000000
114260  47.177  27.619  13.401 0.0000000000
114245  47.887  28.027  13.954 0.0000000000
115075  48.604  28.133  13.959 0.0000000000
115064  48.359  28.570  14.846 0.0000000000
115049  48.911  29.048  15.914 0.0000000000
115050  47.684  28.621  15.827 0.0000000000
114219  46.702  27.900  17.161 0.0000000000
114201  46.532  27.325  17.325 0.0000000000
112684  47.211  26.271  17.986 0.0000000000
113489  46.900  26.720  17.629 0.0000000000
122487  43.606  38.204  7.500 0.0000000000
122486  44.989  38.368  8.035 0.0000000000
121734  47.761  38.441  7.289 0.0000000000
121736  45.665  37.883  7.232 0.0000000000
121749  47.410  37.874  6.490 0.0000000000
121764  47.755  37.509  5.881 0.0000000000
119536  48.069  34.233  6.865 0.0000000000
111995  50.291  23.910  7.633 0.0000000000
111996  49.184  24.308  7.502 0.0000000000
111977  50.472  23.752  8.511 0.0000000000
111175  50.161  23.465  10.946 0.0000000000
111176  48.988  24.004  11.454 0.0000000000
111155  49.553  23.464  12.077 0.0000000000
112001  39.526  24.038  7.806 0.0000000000
111217  38.861  23.700  8.549 0.0000000000
111195  41.021  23.483  10.860 0.0000000000
111196  40.163  23.453  10.522 0.0000000000
111181  40.206  23.031  11.254 0.0000000000
110423  39.392  22.540  11.698 0.0000000000
110422  40.242  22.562  11.843 0.0000000000
110408  40.372  22.090  12.373 0.0000000000
110421  40.913  22.589  12.034 0.0000000000
111162  42.203  22.871  12.194 0.0000000000
110407  41.368  22.239  12.419 0.0000000000
109615  41.775  20.729  13.322 0.0000000000
122608  45.818  38.855  0.891 0.0000000000
121846  44.928  37.579  0.752 0.0000000000
120325  43.029  35.570  2.707 0.0000000000
121082  43.527  36.721  2.213 0.0000000000
121083  43.024  36.254  2.749 0.0000000000
120315  41.807  35.577  3.683 0.0000000000
121716  47.053  38.147  9.881 0.0000000000
121001  47.668  37.110  9.756 0.0000000000
120250  46.092  35.742  9.260 0.0000000000
118828  46.103  33.664  9.506 0.0000000000
118227  44.472  32.519  9.693 0.0000000000
128531  40.966  47.979  12.675 0.0000000000
127879  41.426  46.977  12.948 0.0000000000
126548  38.678  44.667  10.955 0.0000000000
126555  37.876  43.891  9.789 0.0000000000
125300  38.004  42.962  8.060 0.0000000000
122477  39.355  38.831  8.507 0.0000000000
122491  39.792  38.749  8.037 0.0000000000
123971  39.124  39.842  7.297 0.0000000000
122490  40.357  38.704  7.670 0.0000000000
122489  41.367  38.507  7.797 0.0000000000
122474  42.134  38.912  8.671 0.0000000000
123213  44.515  40.102  10.248 0.0000000000
123231  44.356  40.272  10.041 0.0000000000
123229  46.729  39.771  9.908 0.0000000000
111124  52.637  22.726  13.453 0.0000000000
111135  52.625  22.554  12.650 0.0000000000
109588  53.361  20.490  14.434 0.0000000000
109604  53.424  20.672  14.071 0.0000000000
108780  53.400  20.168  14.215 0.0000000000
107921  53.138  19.838  13.969 0.0000000000
107907  53.409  19.416  14.496 0.0000000000
106997  52.813  18.489  16.611 0.0000000000
107881  52.783  19.056  15.968 0.0000000000
107009  53.693  18.138  15.797 0.0000000000
105038  54.361  16.263  13.830 0.0000000000
106043  54.338  16.640  14.520 0.0000000000
106061  53.943  16.979  13.998 0.0000000000
106073  52.919  16.582  13.087 0.0000000000
106083  52.110  16.561  12.361 0.0000000000
106082  52.769  16.374  12.360 0.0000000000
114326  43.872  27.849  7.144 0.0000000000
113573  43.677  26.672  5.424 0.0000000000
114344  44.295  27.253  6.217 0.0000000000
114361  45.752  26.688  4.977 0.0000000000
114360  46.789  26.725  4.845 0.0000000000
113590  47.240  26.037  4.147 0.0000000000
114359  47.794  26.592  4.939 0.0000000000
115936  47.676  29.459  6.316 0.0000000000
114324  49.148  27.172  7.168 0.0000000000
114325  48.592  27.824  6.769 0.0000000000
114339  49.134  26.406  6.374 0.0000000000
113571  49.089  25.655  5.615 0.0000000000
112774  49.854  24.993  6.212 0.0000000000
113548  50.984  26.110  9.227 0.0000000000
112745  51.103  25.392  8.458 0.0000000000
113547  51.545  25.501  9.627 0.0000000000
119501  49.208  35.221  9.904 0.0000000000
119485  48.611  33.992  10.359 0.0000000000
117535  48.838  31.819  10.338 0.0000000000
118206  49.322  32.650  10.421 0.0000000000
117534  49.802  31.755  10.381 0.0000000000
117533  50.222  31.627  10.142 0.0000000000
116758  50.174  30.681  10.208 0.0000000000
115893  47.857  29.857  10.242 0.0000000000
115101  48.442  28.290  10.981 0.0000000000
115099  50.347  28.506  11.339 0.0000000000
115115  50.447  28.942  10.556 0.0000000000
113529  51.769  26.838  12.496 0.0000000000
111919  52.097  24.734  13.025 0.0000000000
111916  50.111  24.762  14.980 0.0000000000
111915  50.625  24.779  14.665 0.0000000000
111119  50.595  23.796  15.003 0.0000000000
110358  50.797  22.606  15.333 0.0000000000
110359  49.936  23.348  15.527 0.0000000000
113502  49.069  27.128  16.368 0.0000000000
111099  48.748  23.988  18.275 0.0000000000
111108  48.573  24.033  17.261 0.0000000000
110351  48.780  23.278  17.447 0.0000000000
110350  49.144  22.509  17.771 0.0000000000
109563  49.486  21.786  18.393 0.0000000000
127933  39.837  47.318  6.575 0.0000000000
127934  39.288  47.217  6.860 0.0000000000
128603  41.694  47.293  5.833 0.0000000000
127246  43.625  45.651  5.768 0.0000000000
127947  43.916  46.473  5.334 0.0000000000
127245  44.504  45.633  5.186 0.0000000000
126598  45.169  44.593  4.612 0.0000000000
122524  42.900  38.837  5.829 0.0000000000
123293  41.988  39.780  5.836 0.0000000000
123292  42.620  39.591  5.627 0.0000000000
123991  43.582  40.787  5.089 0.0000000000
124674  42.444  41.626  5.487 0.0000000000
125317  42.960  42.628  5.379 0.0000000000
125316  43.641  42.625  5.181 0.0000000000
124006  45.644  40.764  3.967 0.0000000000
124684  45.656  41.608  3.896 0.0000000000
125327  45.752  42.496  3.841 0.0000000000
124025  46.440  40.570  2.938 0.0000000000
124043  46.471  40.506  2.348 0.0000000000
121080  46.211  36.594  2.162 0.0000000000
120322  45.798  35.917  2.140 0.0000000000
120313  45.521  34.905  2.239 0.0000000000
120290  47.068  35.482  4.729 0.0000000000
120300  47.025  35.892  4.203 0.0000000000
119553  46.824  34.370  4.523 0.0000000000
118281  45.668  32.716  4.510 0.0000000000
118270  43.925  32.391  4.937 0.0000000000
117607  44.167  31.896  5.697 0.0000000000
115924  44.666  29.477  7.243 0.0000000000
116799  44.272  30.188  7.248 0.0000000000
115146  44.305  28.714  7.264 0.0000000000
113612  43.695  25.333  3.481 0.0000000000
112065  43.182  24.842  3.590 0.0000000000
112064  43.987  24.827  3.744 0.0000000000
112796  45.289  25.386  6.130 0.0000000000
112816  44.153  25.192  5.738 0.0000000000
112780  44.073  25.428  7.530 0.0000000000
112781  43.265  25.291  7.695 0.0000000000
111979  48.312  24.689  8.653 0.0000000000
112746  47.499  25.178  8.193 0.0000000000
112736  47.286  25.156  9.011 0.0000000000
111963  45.282  24.873  10.762 0.0000000000
112738  45.479  25.165  9.915 0.0000000000
112739  44.774  24.995  10.199 0.0000000000
111980  44.333  24.937  10.098 0.0000000000
111964  44.287  24.669  10.736 0.0000000000
111949  43.743  24.024  11.670 0.0000000000
110404  44.369  22.245  12.905 0.0000000000
111160  44.000  23.070  12.531 0.0000000000
109627  43.620  21.406  12.912 0.0000000000
109625  52.334  21.585  12.730 0.0000000000
110419  51.845  22.421  11.848 0.0000000000
110384  51.762  21.504  12.974 0.0000000000
109593  49.250  21.083  14.354 0.0000000000
109609  48.970  21.835  14.079 0.0000000000
107042  48.559  18.561  12.690 0.0000000000
107032  48.920  18.759  13.382 0.0000000000
107935  47.967  18.893  12.774 0.0000000000
112042  39.922  25.066  5.287 0.0000000000
112041  40.570  24.778  4.932 0.0000000000
112040  41.364  24.585  4.906 0.0000000000
115148  42.432  28.822  7.470 0.0000000000
115927  42.010  29.792  7.241 0.0000000000
114329  41.419  28.375  7.009 0.0000000000
114348  40.081  27.618  6.329 0.0000000000
114349  39.226  27.473  6.212 0.0000000000
113577  39.838  26.790  5.909 0.0000000000
113598  39.774  26.241  5.747 0.0000000000
107838  51.940  19.492  20.476 0.0000000000
106983  52.566  18.567  19.518 0.0000000000
107837  52.669  18.655  20.703 0.0000000000
106967  53.122  18.050  20.614 0.0000000000
105985  53.091  17.586  19.861 0.0000000000
119535  48.463  34.510  7.666 0.0000000000
119521  49.647  33.925  9.213 0.0000000000
114297  45.424  27.685  11.951 0.0000000000
122470  46.664  39.664  8.691 0.0000000000
122485  46.165  38.706  8.068 0.0000000000
122484  47.216  38.875  8.047 0.0000000000
121733  48.212  38.430  7.571 0.0000000000
121039  48.087  36.771  6.669 0.0000000000
121030  48.162  36.218  7.496 0.0000000000
111975  51.617  23.784  9.096 0.0000000000
111207  50.590  23.644  9.175 0.0000000000
111206  51.062  23.445  9.416 0.0000000000
111192  51.003  23.222  10.141 0.0000000000
112000  40.486  24.337  8.117 0.0000000000
111984  40.493  24.019  9.315 0.0000000000
111967  40.986  23.789  10.119 0.0000000000
111194  41.640  23.563  11.174 0.0000000000
111179  42.023  23.349  11.616 0.0000000000
111178  42.864  23.479  11.964 0.0000000000
120334  44.903  35.583  1.151 0.0000000000
121097  44.584  36.482  1.181 0.0000000000
119595  43.895  35.294  1.615 0.0000000000
119586  43.033  34.865  2.636 0.0000000000
119575  42.454  34.501  3.180 0.0000000000
112784  36.757  26.011  7.827 0.0000000000
112768  36.462  25.808  8.378 0.0000000000
111986  36.067  24.634  9.093 0.0000000000
111212  36.331  23.832  9.231 0.0000000000
122458  45.161  39.062  10.206 0.0000000000
121717  45.863  38.075  9.760 0.0000000000
121718  44.676  38.005  9.662 0.0000000000
123237  38.677  39.082  9.730 0.0000000000
123253  38.009  39.309  9.051 0.0000000000
122464  39.248  38.878  9.341 0.0000000000
122463  40.050  38.900  9.497 0.0000000000
122462  40.954  39.181  9.537 0.0000000000
123250  41.866  39.473  9.520 0.0000000000
123233  42.525  39.898  10.123 0.0000000000
122443  44.461  39.712  10.320 0.0000000000
109590  52.573  21.755  14.624 0.0000000000
109573  52.848  20.595  15.082 0.0000000000
108751  53.094  19.979  15.235 0.0000000000
106025  54.129  17.074  16.432 0.0000000000
105016  54.342  16.150  15.151 0.0000000000
104049  54.384  15.793  14.001 0.0000000000
105058  54.048  16.058  13.207 0.0000000000
115145  45.182  28.797  7.028 0.0000000000
114343  45.290  27.335  5.947 0.0000000000
115164  45.764  28.105  6.548 0.0000000000
115163  46.643  28.292  6.208 0.0000000000
115162  47.515  28.344  6.179 0.0000000000
115922  48.998  29.834  7.749 0.0000000000
115134  49.086  29.165  8.038 0.0000000000
115143  49.185  27.909  7.920 0.0000000000
113556  49.719  26.514  7.666 0.0000000000
114317  50.373  26.712  8.807 0.0000000000
113542  51.040  26.916  9.945 0.0000000000
118827  47.205  33.678  9.848 0.0000000000
118826  48.114  33.552  10.277 0.0000000000
114276  49.393  27.968  12.215 0.0000000000
114293  48.932  28.055  11.495 0.0000000000
114275  50.624  28.175  12.344 0.0000000000
113522  51.717  27.410  13.519 0.0000000000
112712  51.547  26.679  14.097 0.0000000000
111914  51.502  25.179  13.983 0.0000000000
112714  50.084  25.350  14.932 0.0000000000
112683  48.415  25.666  17.888 0.0000000000
111883  48.804  24.784  19.028 0.0000000000
128571  39.366  47.583  7.714 0.0000000000
128590  40.161  47.428  6.871 0.0000000000
128589  40.846  47.250  6.748 0.0000000000
128587  42.223  47.078  6.283 0.0000000000
127930  42.366  46.648  6.379 0.0000000000
126581  44.112  44.743  5.527 0.0000000000
126562  38.876  44.907  8.569 0.0000000000
125932  39.195  43.541  7.389 0.0000000000
121767  44.942  38.194  5.406 0.0000000000
122522  44.421  39.053  4.991 0.0000000000
123316  44.184  40.117  4.824 0.0000000000
124008  44.220  40.844  4.788 0.0000000000
124686  44.202  41.721  4.779 0.0000000000
123337  46.220  39.913  3.616 0.0000000000
122573  46.837  38.690  3.342 0.0000000000
121822  47.418  37.729  3.378 0.0000000000
121069  46.881  36.488  3.378 0.0000000000
118876  47.084  33.705  4.746 0.0000000000
118884  47.020  33.100  4.687 0.0000000000
118280  46.464  32.679  4.756 0.0000000000
118268  45.796  32.300  5.239 0.0000000000
117606  45.141  31.918  5.857 0.0000000000
117591  45.500  31.247  6.388 0.0000000000
116798  45.017  30.041  7.069 0.0000000000
112832  45.445  25.012  3.695 0.0000000000
112050  45.009  24.807  4.277 0.0000000000
112814  45.633  24.970  4.823 0.0000000000
111946  47.108  24.608  11.103 0.0000000000
111947  45.970  24.534  11.389 0.0000000000
111933  44.563  23.719  12.177 0.0000000000
110403  45.080  22.428  13.001 0.0000000000
108783  51.718  20.636  13.781 0.0000000000
109607  51.165  21.203  13.678 0.0000000000
109591  50.988  20.609  14.198 0.0000000000
109592  50.183  20.856  14.314 0.0000000000
108770  49.273  20.225  14.436 0.0000000000
111226  38.229  23.797  7.600 0.0000000000
111998  42.388  24.728  8.932 0.0000000000
118271  43.177  32.313  4.711 0.0000000000
118284  42.727  32.451  4.060 0.0000000000
117619  41.888  32.000  4.585 0.0000000000
115939  41.257  29.683  6.774 0.0000000000
113579  38.302  26.585  6.540 0.0000000000
112801  37.932  26.153  6.844 0.0000000000
112782  38.144  25.331  6.917 0.0000000000
123238  37.558  39.376  9.623 0.0000000000
123219  39.365  39.372  10.822 0.0000000000
123218  40.244  39.378  11.015 0.0000000000
108733  50.322  20.183  17.667 0.0000000000
107883  51.403  19.687  16.651 0.0000000000
107875  50.974  19.564  17.325 0.0000000000
106991  52.288  18.737  17.465 0.0000000000
106990  53.110  18.161  17.826 0.0000000000
106986  53.209  18.066  18.858 0.0000000000
106989  53.518  17.411  18.203 0.0000000000
104989  53.949  16.731  16.682 0.0000000000
104999  53.485  16.388  16.220 0.0000000000
117588  48.122  31.482  5.989 0.0000000000
116809  48.367  30.804  6.484 0.0000000000
116797  48.740  30.745  7.282 0.0000000000
118248  48.774  32.466  7.363 0.0000000000
117581  49.092  31.668  7.830 0.0000000000
116796  49.264  30.776  8.085 0.0000000000
116762  45.836  30.532  10.321 0.0000000000
116761  46.912  30.806  10.001 0.0000000000
115894  46.716  29.694  10.299 0.0000000000
115102  47.463  28.189  10.999 0.0000000000
114278  47.280  27.528  12.533 0.0000000000
114277  48.268  27.693  12.417 0.0000000000
114258  49.037  27.989  13.281 0.0000000000
115074  49.513  28.475  14.261 0.0000000000
114232  50.452  28.325  15.568 0.0000000000
115048  49.986  28.749  15.757 0.0000000000
115026  49.106  28.461  16.358 0.0000000000
114217  48.415  27.524  16.926 0.0000000000
114218  47.620  27.914  17.176 0.0000000000
114198  48.173  27.157  17.394 0.0000000000
113473  48.049  26.350  18.203 0.0000000000
112653  47.691  25.317  19.394 0.0000000000
122504  41.445  38.725  6.916 0.0000000000
122503  42.404  38.748  6.394 0.0000000000
122502  43.401  38.413  6.217 0.0000000000
122501  44.190  38.293  5.771 0.0000000000
121766  45.843  37.943  5.464 0.0000000000
121780  47.571  37.527  4.816 0.0000000000
121048  47.588  36.614  5.375 0.0000000000
118875  47.506  33.270  5.303 0.0000000000
112775  48.647  24.754  6.214 0.0000000000
112776  47.926  24.977  6.481 0.0000000000
112760  48.470  24.632  6.960 0.0000000000
111960  48.864  24.416  9.617 0.0000000000
111959  49.885  23.918  9.355 0.0000000000
111945  48.324  24.476  10.756 0.0000000000
111138  47.884  23.275  13.253 0.0000000000
106075  50.358  17.757  13.392 0.0000000000
107031  49.594  18.528  13.728 0.0000000000
106076  49.616  18.140  13.175 0.0000000000
110410  38.587  22.135  12.256 0.0000000000
111197  39.221  23.410  10.402 0.0000000000
111208  39.906  23.693  9.960 0.0000000000
109631  39.632  21.577  12.897 0.0000000000
121847  44.049  37.464  1.622 0.0000000000
118295  42.663  32.925  3.289 0.0000000000
118296  42.247  33.284  3.458 0.0000000000
121714  48.414  37.782  9.623 0.0000000000
120247  48.408  36.488  9.443 0.0000000000
121000  48.235  37.179  9.680 0.0000000000
121002  46.581  36.984  9.527 0.0000000000
118225  46.521  32.812  9.831 0.0000000000
117537  46.069  31.477  10.161 0.0000000000
115121  45.029  28.588  11.075 0.0000000000
127176  39.841  46.101  10.943 0.0000000000
127177  39.387  45.224  11.428 0.0000000000
126554  38.584  44.609  9.854 0.0000000000
125928  38.232  43.521  8.237 0.0000000000
125307  38.433  42.697  7.578 0.0000000000
124670  38.800  41.387  7.139 0.0000000000
123959  37.561  39.957  8.560 0.0000000000
124662  37.723  41.319  7.751 0.0000000000
123984  38.870  40.874  7.173 0.0000000000
123277  40.448  39.281  6.796 0.0000000000
122505  40.871  38.708  7.227 0.0000000000
122472  44.363  39.238  8.675 0.0000000000
123248  43.876  39.841  9.454 0.0000000000
123247  44.942  39.909  9.482 0.0000000000
123245  47.166  39.905  9.344 0.0000000000
123227  48.087  39.430  9.568 0.0000000000
111153  52.393  22.967  12.044 0.0000000000
110399  52.610  21.975  12.465 0.0000000000
109624  52.796  21.626  13.002 0.0000000000
110369  53.055  21.946  13.926 0.0000000000
109605  53.162  21.163  13.618 0.0000000000
108782  52.586  20.321  13.762 0.0000000000
107909  51.831  19.293  14.327 0.0000000000
107020  52.118  18.415  14.259 0.0000000000
107882  52.190  19.427  16.335 0.0000000000
107897  52.708  19.569  15.692 0.0000000000
107895  53.732  19.160  15.046 0.0000000000
107018  53.871  18.194  14.823 0.0000000000
106063  51.344  17.838  13.958 0.0000000000
106074  51.640  17.134  13.178 0.0000000000
113574  42.692  26.569  5.686 0.0000000000
113595  42.147  25.723  4.810 0.0000000000
113594  43.036  26.198  4.588 0.0000000000
113593  43.953  26.341  4.272 0.0000000000
113592  45.052  26.232  4.110 0.0000000000
113605  45.391  25.674  3.493 0.0000000000
113604  46.471  25.505  3.664 0.0000000000
113603  47.462  25.299  4.031 0.0000000000
112829  48.199  25.138  4.578 0.0000000000
114358  48.336  26.367  5.135 0.0000000000
113588  48.884  25.280  5.038 0.0000000000
112792  48.759  24.872  5.526 0.0000000000
112022  49.578  24.771  6.208 0.0000000000
112008  50.811  24.210  7.239 0.0000000000
112759  51.114  24.773  7.774 0.0000000000
112758  51.429  24.277  8.212 0.0000000000
119500  49.692  34.105  9.670 0.0000000000
118825  50.124  33.459  10.003 0.0000000000
118812  48.883  33.436  10.442 0.0000000000
118811  49.591  33.425  10.362 0.0000000000
118223  50.200  32.705  9.621 0.0000000000
117556  50.348  31.964  9.818 0.0000000000
115905  50.417  29.734  9.681 0.0000000000
115892  49.002  29.972  10.420 0.0000000000
115100  49.493  28.383  11.337 0.0000000000
115891  49.939  29.953  10.472 0.0000000000
115890  50.333  29.892  10.271 0.0000000000
115904  50.521  29.673  10.112 0.0000000000
114291  51.502  27.397  11.678 0.0000000000
114304  51.454  26.944  11.090 0.0000000000
112730  52.126  25.248  11.071 0.0000000000
111126  51.307  24.203  14.486 0.0000000000
113516  49.583  26.791  15.680 0.0000000000
112710  49.484  25.681  15.482 0.0000000000
111907  49.064  24.908  16.204 0.0000000000
112700  48.465  25.396  16.925 0.0000000000
111116  48.778  24.167  16.531 0.0000000000
111115  49.316  23.873  15.950 0.0000000000
110354  49.396  22.736  16.377 0.0000000000
108740  50.025  20.779  17.132 0.0000000000
108734  49.704  20.880  18.005 0.0000000000
108728  50.260  20.388  18.764 0.0000000000
107839  51.087  20.252  20.195 0.0000000000
128617  42.604  47.366  4.607 0.0000000000
128601  43.280  47.186  5.202 0.0000000000
127969  44.391  46.482  4.670 0.0000000000
127268  44.925  45.710  4.224 0.0000000000
126597  45.539  44.331  3.932 0.0000000000
125966  46.019  43.452  2.694 0.0000000000
127217  40.378  46.030  7.320 0.0000000000
126571  41.278  44.947  6.471 0.0000000000
123981  41.243  40.379  6.051 0.0000000000
124676  40.872  41.697  6.008 0.0000000000
123992  42.937  40.686  5.342 0.0000000000
126583  41.987  44.764  6.118 0.0000000000
126582  43.125  44.670  5.758 0.0000000000
125957  44.425  43.453  5.032 0.0000000000
124685  44.785  41.706  4.467 0.0000000000
125956  44.984  43.480  4.710 0.0000000000
125337  46.155  42.262  3.098 0.0000000000
125350  46.294  41.835  2.173 0.0000000000
124715  46.430  41.145  2.016 0.0000000000
122594  46.792  38.612  2.521 0.0000000000
121844  46.441  37.720  1.910 0.0000000000
121096  45.485  36.550  1.315 0.0000000000
120323  45.468  35.453  1.774 0.0000000000
119574  44.964  33.959  2.113 0.0000000000
118899  44.425  33.407  2.633 0.0000000000
121058  47.025  36.082  3.917 0.0000000000
120301  46.611  35.413  3.820 0.0000000000
119561  46.359  34.262  3.854 0.0000000000
119572  46.061  34.654  3.248 0.0000000000
118898  45.206  33.609  3.155 0.0000000000
118887  44.815  33.166  3.443 0.0000000000
118293  44.215  32.860  3.482 0.0000000000
116815  42.931  30.838  6.784 0.0000000000
117592  44.498  31.386  6.398 0.0000000000
116800  43.368  30.270  7.295 0.0000000000
115926  42.896  29.594  7.478 0.0000000000
114327  42.863  27.858  7.368 0.0000000000
112835  42.313  25.177  3.931 0.0000000000
112053  42.356  24.799  4.104 0.0000000000
112039  42.478  24.643  5.092 0.0000000000
112038  43.783  24.939  5.389 0.0000000000
112024  43.557  25.142  6.081 0.0000000000
112025  42.859  25.044  6.528 0.0000000000
112766  43.022  25.120  8.596 0.0000000000
112751  42.911  24.898  9.143 0.0000000000
112777  47.076  25.398  6.712 0.0000000000
112762  46.777  25.449  7.660 0.0000000000
112763  45.776  25.594  7.991 0.0000000000
112737  46.462  25.272  9.526 0.0000000000
112748  45.580  25.448  8.996 0.0000000000
112764  44.779  25.472  8.301 0.0000000000
112750  43.468  25.015  9.244 0.0000000000
111965  43.192  24.420  10.725 0.0000000000
111161  43.051  22.935  12.438 0.0000000000
111934  43.970  23.603  12.186 0.0000000000
110420  51.367  22.741  11.578 0.0000000000
110385  50.988  21.914  13.151 0.0000000000
110402  50.023  23.020  12.587 0.0000000000
111137  49.073  23.260  13.054 0.0000000000
107923  49.022  18.943  13.808 0.0000000000
107912  48.829  19.680  14.234 0.0000000000
108784  48.513  20.019  14.218 0.0000000000
107936  47.304  19.175  12.380 0.0000000000
108785  47.888  20.436  13.945 0.0000000000
109610  47.746  21.568  13.970 0.0000000000
110388  47.291  22.448  13.610 0.0000000000
110389  46.337  22.291  13.374 0.0000000000
110390  45.526  22.180  13.207 0.0000000000
106005  52.071  17.279  18.679 0.0000000000
104018  54.431  15.976  14.807 0.0000000000
104019  54.235  15.776  14.811 0.0000000000
104032  54.413  15.893  14.457 0.0000000000
104033  54.163  15.616  14.267 0.0000000000
104034  53.570  15.533  14.057 0.0000000000
104991  52.998  16.654  17.348 0.0000000000
104998  54.097  16.480  15.869 0.0000000000
105015  54.428  16.267  14.649 0.0000000000
105037  54.516  16.064  14.128 0.0000000000
105039  53.572  15.636  14.667 0.0000000000
105057  54.365  15.929  13.717 0.0000000000
105076  52.681  16.262  11.784 0.0000000000
105995  52.824  17.403  19.501 0.0000000000
106014  53.413  16.858  17.840 0.0000000000
106060  54.398  16.428  14.220 0.0000000000
106072  53.663  16.405  13.301 0.0000000000
106086  48.683  18.163  12.121 0.0000000000
106966  53.080  17.715  20.145 0.0000000000
106968  52.772  18.465  20.260 0.0000000000
106981  53.187  17.657  19.794 0.0000000000
107010  53.123  18.685  15.918 0.0000000000
107021  50.988  18.555  14.273 0.0000000000
107030  50.326  18.336  13.959 0.0000000000
107043  47.842  18.642  12.316 0.0000000000
107874  51.719  19.215  17.085 0.0000000000
107920  53.378  19.968  14.064 0.0000000000
107922  52.562  19.725  14.097 0.0000000000
108698  51.276  20.878  20.665 0.0000000000
108712  50.191  21.548  19.581 0.0000000000
108738  51.597  20.016  16.130 0.0000000000
108739  50.808  20.352  16.537 0.0000000000
108750  53.497  19.611  15.106 0.0000000000
108766  53.184  20.464  14.802 0.0000000000
108767  52.138  19.851  14.137 0.0000000000
108771  48.633  20.582  14.319 0.0000000000
110348  49.047  23.265  18.393 0.0000000000
110391  44.924  21.953  13.103 0.0000000000
110400  51.849  21.886  12.368 0.0000000000
111120  49.900  23.977  15.341 0.0000000000
111141  45.419  22.628  12.998 0.0000000000
111152  52.446  22.413  12.193 0.0000000000
111172  52.209  22.554  11.868 0.0000000000
111205  51.487  23.531  9.716 0.0000000000
111908  48.514  24.626  16.887 0.0000000000
111910  50.174  24.372  15.069 0.0000000000
111976  51.142  23.618  8.717 0.0000000000
111993  51.544  23.957  8.497 0.0000000000
112010  49.228  24.547  6.573 0.0000000000
112023  49.162  24.797  5.994 0.0000000000
112036  45.147  24.823  4.610 0.0000000000
112037  44.760  24.822  4.812 0.0000000000
112051  44.265  24.782  4.337 0.0000000000
112055  40.954  24.918  4.420 0.0000000000
112063  44.676  24.833  3.830 0.0000000000
112066  42.700  24.990  3.573 0.0000000000
112652  48.057  25.580  19.134 0.0000000000
112761  47.682  25.108  7.315 0.0000000000
112797  44.081  25.321  6.350 0.0000000000
112810  49.066  25.155  5.198 0.0000000000
112811  48.812  25.006  4.904 0.0000000000
112812  48.078  25.022  5.055 0.0000000000
112817  41.956  25.298  4.339 0.0000000000
112820  39.860  25.691  5.547 0.0000000000
112830  47.656  25.131  4.357 0.0000000000
112834  42.856  25.296  3.635 0.0000000000
112836  41.195  25.046  4.264 0.0000000000
112842  44.562  24.993  3.559 0.0000000000
112843  43.902  25.155  3.474 0.0000000000
112844  43.074  25.201  3.477 0.0000000000
112845  42.724  25.280  3.620 0.0000000000
113474  47.927  26.205  18.380 0.0000000000
113487  48.172  26.635  17.706 0.0000000000
113488  47.665  26.555  17.904 0.0000000000
113562  50.549  25.303  7.360 0.0000000000
113572  48.600  26.172  5.265 0.0000000000
113589  48.305  25.606  4.694 0.0000000000
113606  44.182  25.667  3.562 0.0000000000
113608  42.684  25.658  4.202 0.0000000000
113613  43.501  25.453  3.555 0.0000000000
114199  47.911  27.238  17.488 0.0000000000
114216  49.231  27.945  16.423 0.0000000000
114243  51.277  28.582  14.652 0.0000000000
114244  51.064  28.296  15.127 0.0000000000
114295  47.372  27.714  11.689 0.0000000000
115025  49.565  28.350  16.172 0.0000000000
115047  50.688  28.729  15.424 0.0000000000
115061  51.259  28.773  14.554 0.0000000000
115066  46.420  28.213  15.163 0.0000000000
115072  51.121  28.947  14.619 0.0000000000
115086  49.945  28.216  11.914 0.0000000000
115149  41.630  28.929  7.202 0.0000000000
115921  49.500  30.159  8.356 0.0000000000
115923  45.366  29.515  7.004 0.0000000000
115925  43.817  29.507  7.426 0.0000000000
116757  50.413  30.134  10.142 0.0000000000
116777  47.317  31.381  9.961 0.0000000000
116802  42.068  30.261  7.011 0.0000000000
116814  43.895  30.858  6.911 0.0000000000
117603  47.539  31.791  5.634 0.0000000000
118209  44.776  31.968  10.165 0.0000000000
118240  49.866  32.715  8.914 0.0000000000
118279  47.060  32.643  4.936 0.0000000000
118283  43.684  32.591  4.102 0.0000000000
118810  49.969  33.423  10.264 0.0000000000
118911  43.213  34.045  2.495 0.0000000000
118912  42.809  34.249  2.802 0.0000000000
119484  49.118  34.175  10.337 0.0000000000
119562  45.789  33.968  3.294 0.0000000000
119583  45.208  34.520  1.895 0.0000000000
119584  44.486  34.193  1.779 0.0000000000
119594  44.352  34.989  1.459 0.0000000000
120324  43.510  35.640  2.129 0.0000000000
120335  44.268  35.692  1.432 0.0000000000
120336  43.874  35.696  1.634 0.0000000000
120999  48.388  37.192  9.508 0.0000000000
121038  48.328  37.463  7.221 0.0000000000
121068  47.459  36.921  3.715 0.0000000000
121095  46.021  37.145  1.570 0.0000000000
121732  48.425  38.246  8.145 0.0000000000
121751  45.043  37.654  6.221 0.0000000000
121752  44.147  37.995  6.563 0.0000000000
121800  47.576  37.475  3.918 0.0000000000
121865  45.354  38.339  0.721 0.0000000000
122455  48.293  38.893  9.704 0.0000000000
122456  47.437  39.047  10.111 0.0000000000
122465  38.788  38.921  9.087 0.0000000000
122468  48.346  39.069  8.743 0.0000000000
122476  40.275  38.690  8.676 0.0000000000
122483  48.014  39.027  7.931 0.0000000000
122593  47.256  38.185  3.108 0.0000000000
122609  44.555  38.475  1.068 0.0000000000
123214  43.937  40.098  10.292 0.0000000000
123215  43.104  39.863  10.252 0.0000000000
123216  42.232  39.641  10.519 0.0000000000
123228  47.662  39.553  9.721 0.0000000000
123230  45.327  39.905  10.069 0.0000000000
123243  48.228  39.326  9.361 0.0000000000
123244  47.922  39.619  9.265 0.0000000000
123249  42.864  39.535  9.509 0.0000000000
123252  38.526  39.273  8.482 0.0000000000
123264  39.372  39.301  7.529 0.0000000000
123265  38.816  39.416  7.860 0.0000000000
123275  42.105  39.422  5.995 0.0000000000
123278  39.773  39.446  7.003 0.0000000000
123290  44.222  39.753  4.868 0.0000000000
123355  46.481  39.639  1.982 0.0000000000
123946  36.606  39.969  9.560 0.0000000000
123983  39.483  40.183  6.839 0.0000000000
124026  46.110  40.673  3.487 0.0000000000
124667  41.025  41.020  6.003 0.0000000000
124699  46.097  41.471  3.351 0.0000000000
125306  39.027  42.937  7.303 0.0000000000
125313  38.776  41.904  7.093 0.0000000000
125329  44.311  42.615  4.836 0.0000000000
125336  46.283  41.808  2.727 0.0000000000
125929  37.728  43.367  8.754 0.0000000000
125943  44.585  44.114  5.153 0.0000000000
127187  39.229  45.374  10.460 0.0000000000
127232  40.916  45.883  7.006 0.0000000000
127880  40.596  46.496  12.461 0.0000000000
127970  43.920  47.091  4.782 0.0000000000
128588  41.509  47.147  6.511 0.0000000000
128605  40.497  47.327  6.410 0.0000000000
128664  42.274  47.265  3.207 0.0000000000
