#!ascii label  , from subject abby vox2ras=TkReg
773
49591  31.364  -34.976  57.477 0.0000000000
69403  45.080  -17.472  38.532 0.0000000000
71710  54.929  -15.169  38.560 0.0000000000
58134  53.621  -27.145  42.045 0.0000000000
50700  38.303  -33.092  52.166 0.0000000000
49596  35.852  -34.879  56.304 0.0000000000
71701  50.484  -15.479  39.860 0.0000000000
69372  47.837  -17.649  41.579 0.0000000000
53295  51.742  -31.488  43.853 0.0000000000
53203  43.919  -31.954  50.873 0.0000000000
77085  59.955  -10.369  29.005 0.0000000000
74889  56.170  -12.691  34.355 0.0000000000
60425  47.561  -25.447  42.311 0.0000000000
65017  47.138  -20.917  43.827 0.0000000000
50657  34.398  -32.920  54.810 0.0000000000
49589  33.231  -35.135  57.106 0.0000000000
70528  47.651  -16.209  40.045 0.0000000000
71648  49.248  -15.692  42.662 0.0000000000
70492  46.179  -16.803  41.716 0.0000000000
48754  49.651  -35.921  44.711 0.0000000000
50667  39.510  -33.519  53.811 0.0000000000
51983  40.881  -31.955  51.750 0.0000000000
49635  41.771  -34.477  52.002 0.0000000000
78228  57.742  -9.538  30.696 0.0000000000
74957  58.695  -12.303  29.355 0.0000000000
76015  58.098  -11.656  31.900 0.0000000000
72815  53.024  -14.635  36.957 0.0000000000
72853  53.249  -14.278  34.287 0.0000000000
73827  55.622  -13.964  36.352 0.0000000000
72838  56.342  -14.850  34.297 0.0000000000
70604  54.952  -16.002  35.386 0.0000000000
54395  52.910  -30.260  43.648 0.0000000000
56919  50.214  -28.354  42.345 0.0000000000
59282  50.527  -26.189  44.048 0.0000000000
62628  47.602  -23.352  42.896 0.0000000000
62600  50.972  -23.381  44.933 0.0000000000
65014  49.710  -21.292  43.737 0.0000000000
61522  53.423  -24.571  41.407 0.0000000000
50655  36.768  -32.623  54.561 0.0000000000
71742  50.221  -15.530  36.960 0.0000000000
72788  53.017  -14.886  39.685 0.0000000000
70487  51.616  -15.983  41.777 0.0000000000
69386  49.681  -17.788  40.098 0.0000000000
53240  47.619  -31.443  47.713 0.0000000000
50794  50.357  -33.617  45.971 0.0000000000
50852  51.954  -33.755  43.381 0.0000000000
52171  52.176  -31.762  41.084 0.0000000000
55659  51.431  -29.189  39.764 0.0000000000
54353  45.468  -30.833  48.332 0.0000000000
49667  45.137  -33.678  48.416 0.0000000000
77110  59.130  -10.806  26.394 0.0000000000
76008  56.001  -11.247  32.536 0.0000000000
73862  57.426  -13.227  33.484 0.0000000000
72878  55.063  -14.276  31.348 0.0000000000
68230  45.037  -18.205  40.234 0.0000000000
67235  46.757  -19.437  41.534 0.0000000000
65049  48.010  -21.755  41.035 0.0000000000
47547  31.470  -36.542  58.407 0.0000000000
49590  32.195  -35.020  57.327 0.0000000000
48581  32.634  -36.036  57.520 0.0000000000
70550  46.000  -17.225  38.598 0.0000000000
70508  46.729  -16.151  41.294 0.0000000000
70530  45.270  -17.213  39.876 0.0000000000
50683  40.522  -33.916  53.025 0.0000000000
78229  57.083  -9.747  31.003 0.0000000000
77058  58.172  -10.920  31.190 0.0000000000
77060  57.050  -10.433  31.833 0.0000000000
72803  54.306  -14.428  38.160 0.0000000000
72813  54.978  -14.113  37.193 0.0000000000
72801  55.273  -14.909  38.005 0.0000000000
71756  56.072  -15.437  35.938 0.0000000000
55572  53.421  -29.076  42.857 0.0000000000
56908  52.435  -28.308  43.633 0.0000000000
58124  52.525  -27.100  43.797 0.0000000000
60384  51.050  -25.269  44.506 0.0000000000
60391  52.888  -25.315  43.259 0.0000000000
62613  52.786  -24.052  43.339 0.0000000000
59319  53.641  -26.255  41.464 0.0000000000
51958  35.450  -32.781  54.728 0.0000000000
50644  36.450  -33.712  55.714 0.0000000000
50643  37.366  -33.670  55.324 0.0000000000
71715  49.211  -16.051  38.405 0.0000000000
71744  48.826  -15.851  36.411 0.0000000000
71714  50.049  -15.765  38.690 0.0000000000
71726  51.457  -15.227  38.089 0.0000000000
71700  51.567  -15.189  39.802 0.0000000000
71667  52.321  -15.666  41.141 0.0000000000
71669  50.613  -15.365  41.801 0.0000000000
69335  48.074  -16.852  42.787 0.0000000000
70489  49.556  -16.414  42.425 0.0000000000
68226  48.620  -17.944  40.641 0.0000000000
68236  47.914  -18.919  39.428 0.0000000000
67247  47.421  -19.586  39.681 0.0000000000
50772  48.237  -33.354  47.369 0.0000000000
52046  48.878  -32.798  47.075 0.0000000000
50796  49.331  -34.196  46.577 0.0000000000
49711  51.214  -34.250  43.889 0.0000000000
50870  52.367  -32.757  42.127 0.0000000000
53205  42.630  -31.730  51.423 0.0000000000
53214  42.704  -31.601  50.502 0.0000000000
53223  44.769  -31.427  49.629 0.0000000000
52010  45.978  -31.986  49.207 0.0000000000
50731  44.664  -32.970  49.539 0.0000000000
78239  58.779  -8.910  29.680 0.0000000000
77094  60.034  -10.508  28.063 0.0000000000
73919  57.497  -12.918  29.722 0.0000000000
73849  54.595  -13.447  34.765 0.0000000000
73864  53.500  -13.414  33.569 0.0000000000
74907  54.443  -12.258  33.386 0.0000000000
74919  54.102  -11.744  32.684 0.0000000000
74906  55.708  -12.231  33.707 0.0000000000
75998  57.028  -11.848  33.330 0.0000000000
74888  56.821  -12.743  34.263 0.0000000000
71798  54.659  -15.307  32.906 0.0000000000
72865  55.380  -14.704  32.501 0.0000000000
52119  49.884  -32.211  44.279 0.0000000000
53314  49.938  -31.462  42.853 0.0000000000
58136  49.483  -27.231  42.583 0.0000000000
56921  48.575  -28.044  41.749 0.0000000000
63807  47.240  -21.780  43.387 0.0000000000
63834  46.840  -22.383  41.924 0.0000000000
65041  46.109  -21.100  41.701 0.0000000000
67249  45.636  -19.416  40.121 0.0000000000
66193  45.982  -20.304  41.506 0.0000000000
67242  46.182  -19.391  40.741 0.0000000000
67223  46.672  -19.460  42.621 0.0000000000
63831  50.863  -22.717  41.788 0.0000000000
65027  48.668  -21.378  42.633 0.0000000000
63848  49.687  -22.633  40.658 0.0000000000
63867  48.334  -22.437  39.830 0.0000000000
50635  33.559  -33.488  56.303 0.0000000000
49597  34.931  -35.007  56.584 0.0000000000
48592  35.152  -36.378  56.822 0.0000000000
48579  34.550  -36.119  57.058 0.0000000000
70527  48.310  -16.178  39.446 0.0000000000
71670  49.600  -15.282  42.065 0.0000000000
71688  47.766  -15.804  41.365 0.0000000000
71650  47.449  -15.950  42.917 0.0000000000
69336  47.269  -16.960  42.940 0.0000000000
51970  39.003  -33.001  53.093 0.0000000000
51999  39.630  -32.941  51.814 0.0000000000
51969  39.908  -32.748  52.726 0.0000000000
51967  41.594  -32.379  52.344 0.0000000000
50698  42.661  -33.201  51.536 0.0000000000
50714  43.875  -33.182  50.398 0.0000000000
49652  42.569  -35.283  51.049 0.0000000000
78226  59.094  -9.738  30.039 0.0000000000
76049  59.221  -11.735  28.982 0.0000000000
77068  58.860  -10.526  30.446 0.0000000000
76025  58.543  -11.638  30.857 0.0000000000
73895  58.252  -13.012  30.868 0.0000000000
72827  51.727  -14.914  35.624 0.0000000000
72826  52.794  -14.701  35.875 0.0000000000
73838  54.871  -13.746  35.811 0.0000000000
73836  56.230  -13.659  35.610 0.0000000000
72836  57.121  -13.993  34.909 0.0000000000
71773  56.499  -14.921  35.516 0.0000000000
71775  55.291  -15.602  34.657 0.0000000000
54396  51.991  -30.479  43.594 0.0000000000
54413  51.250  -30.307  42.989 0.0000000000
55574  52.319  -29.378  43.555 0.0000000000
58126  50.696  -27.203  43.580 0.0000000000
59284  49.185  -25.880  43.253 0.0000000000
61516  47.882  -24.470  42.784 0.0000000000
61504  49.201  -24.789  44.209 0.0000000000
62602  48.885  -23.013  44.676 0.0000000000
63792  48.806  -21.849  45.087 0.0000000000
66149  48.363  -20.348  44.527 0.0000000000
64996  50.578  -21.687  44.589 0.0000000000
63816  51.610  -22.861  42.839 0.0000000000
62646  52.525  -23.488  40.619 0.0000000000
50687  34.929  -33.511  52.856 0.0000000000
50686  36.125  -33.265  53.010 0.0000000000
50685  37.347  -32.845  53.190 0.0000000000
51955  38.102  -32.632  54.136 0.0000000000
49615  38.673  -34.710  54.681 0.0000000000
72816  52.011  -14.903  36.679 0.0000000000
72796  52.783  -14.870  38.855 0.0000000000
72787  53.592  -15.064  39.502 0.0000000000
71682  53.531  -15.712  39.996 0.0000000000
69367  52.240  -16.847  40.274 0.0000000000
69368  51.386  -17.175  40.654 0.0000000000
70467  50.801  -15.856  42.384 0.0000000000
69352  51.102  -16.767  41.552 0.0000000000
53254  46.690  -31.010  46.784 0.0000000000
52083  48.647  -32.240  46.098 0.0000000000
52082  49.625  -32.597  45.837 0.0000000000
52099  51.425  -32.800  44.795 0.0000000000
48739  50.254  -35.288  45.177 0.0000000000
50813  51.310  -33.531  44.942 0.0000000000
52098  52.225  -32.665  44.188 0.0000000000
52117  53.000  -31.560  43.456 0.0000000000
53313  53.509  -30.742  42.557 0.0000000000
54434  53.492  -29.861  41.641 0.0000000000
56956  53.538  -28.154  41.111 0.0000000000
54455  52.287  -30.171  40.410 0.0000000000
54350  47.005  -31.089  48.286 0.0000000000
50773  47.033  -32.992  47.834 0.0000000000
49678  46.681  -34.326  47.354 0.0000000000
49668  44.358  -34.219  48.615 0.0000000000
48708  45.364  -35.725  47.491 0.0000000000
77121  59.635  -10.321  26.042 0.0000000000
76017  55.517  -10.978  31.816 0.0000000000
76007  56.853  -11.338  32.835 0.0000000000
74917  58.092  -12.506  32.269 0.0000000000
73896  57.695  -13.319  31.251 0.0000000000
72850  57.306  -13.940  33.918 0.0000000000
73878  56.721  -13.956  32.494 0.0000000000
73911  55.605  -13.693  30.797 0.0000000000
55611  49.594  -29.621  41.911 0.0000000000
68238  44.657  -18.469  39.504 0.0000000000
70531  44.850  -17.575  39.735 0.0000000000
69373  45.304  -17.659  40.580 0.0000000000
68221  46.254  -17.983  41.518 0.0000000000
68220  46.877  -18.060  41.746 0.0000000000
66167  47.751  -19.713  43.264 0.0000000000
66191  47.493  -20.343  41.354 0.0000000000
67240  47.158  -19.636  40.801 0.0000000000
66207  47.276  -20.449  39.838 0.0000000000
59337  53.233  -26.853  40.456 0.0000000000
60460  52.814  -25.356  40.078 0.0000000000
48582  31.381  -35.884  58.173 0.0000000000
48571  30.884  -36.076  58.529 0.0000000000
69402  45.535  -17.344  38.670 0.0000000000
70529  46.233  -16.851  39.799 0.0000000000
69387  45.503  -17.327  39.141 0.0000000000
77069  56.646  -10.138  31.352 0.0000000000
77070  55.954  -10.399  31.194 0.0000000000
72793  54.787  -15.057  38.734 0.0000000000
72802  55.006  -14.482  38.150 0.0000000000
71741  55.671  -15.160  37.015 0.0000000000
70565  55.043  -15.804  37.424 0.0000000000
56917  53.527  -28.100  42.526 0.0000000000
56907  53.182  -28.151  43.270 0.0000000000
58123  53.418  -26.987  43.022 0.0000000000
59281  52.864  -26.203  43.511 0.0000000000
59280  53.294  -26.020  42.996 0.0000000000
60390  53.279  -25.476  42.721 0.0000000000
50633  35.385  -33.802  56.259 0.0000000000
51924  35.693  -33.188  55.648 0.0000000000
50632  36.119  -34.267  55.999 0.0000000000
49595  36.284  -34.867  56.037 0.0000000000
71713  51.032  -15.419  38.826 0.0000000000
71685  51.135  -15.177  40.869 0.0000000000
71686  49.973  -15.320  41.011 0.0000000000
69355  48.201  -17.176  42.046 0.0000000000
69371  48.410  -17.606  41.302 0.0000000000
68227  47.555  -18.409  40.879 0.0000000000
48705  48.278  -34.933  46.896 0.0000000000
49676  48.483  -34.163  47.091 0.0000000000
48726  48.795  -35.449  46.459 0.0000000000
53204  43.590  -31.821  51.048 0.0000000000
53213  43.632  -31.533  50.533 0.0000000000
53224  43.862  -31.435  49.608 0.0000000000
53212  44.123  -31.738  50.603 0.0000000000
51993  44.525  -32.148  50.229 0.0000000000
51994  44.139  -32.445  50.556 0.0000000000
78238  59.560  -9.206  29.279 0.0000000000
73848  55.749  -13.119  35.013 0.0000000000
74891  54.777  -12.912  33.979 0.0000000000
74890  55.281  -12.783  34.195 0.0000000000
74905  56.575  -12.274  33.781 0.0000000000
71809  54.155  -15.258  32.293 0.0000000000
72866  54.605  -15.087  32.317 0.0000000000
53296  50.705  -31.793  43.617 0.0000000000
59302  47.987  -26.247  42.337 0.0000000000
59320  47.407  -26.323  41.972 0.0000000000
65040  46.551  -21.309  42.160 0.0000000000
65029  46.677  -21.042  43.032 0.0000000000
66183  46.205  -20.187  42.391 0.0000000000
66184  46.125  -19.896  41.859 0.0000000000
66168  46.460  -19.987  43.430 0.0000000000
63846  51.795  -23.113  40.894 0.0000000000
63832  50.007  -22.468  41.640 0.0000000000
63847  50.745  -22.814  40.642 0.0000000000
63865  50.383  -22.596  39.568 0.0000000000
49599  32.839  -34.291  56.733 0.0000000000
49598  33.855  -34.391  56.772 0.0000000000
50634  34.453  -33.747  56.490 0.0000000000
49587  34.716  -35.714  56.819 0.0000000000
48580  33.817  -36.092  57.317 0.0000000000
70549  47.011  -16.707  38.624 0.0000000000
70571  47.527  -16.530  37.185 0.0000000000
70548  48.248  -16.306  38.547 0.0000000000
71703  48.324  -15.878  40.605 0.0000000000
71689  47.233  -15.773  41.897 0.0000000000
70491  46.711  -16.465  42.395 0.0000000000
70471  47.165  -16.440  42.964 0.0000000000
69337  46.839  -16.809  42.811 0.0000000000
51953  39.519  -33.119  53.345 0.0000000000
49636  41.330  -34.523  52.457 0.0000000000
50682  40.910  -33.519  52.730 0.0000000000
50681  41.808  -33.518  52.018 0.0000000000
51966  42.421  -32.374  51.934 0.0000000000
49643  42.850  -33.712  51.240 0.0000000000
78241  57.091  -9.530  30.090 0.0000000000
78227  58.450  -9.541  30.345 0.0000000000
77059  57.691  -10.770  31.819 0.0000000000
74930  58.365  -12.473  31.338 0.0000000000
72824  54.600  -14.088  36.428 0.0000000000
73828  55.167  -13.860  36.335 0.0000000000
73837  55.421  -13.572  35.702 0.0000000000
72823  56.615  -14.254  35.565 0.0000000000
73826  56.117  -14.143  36.207 0.0000000000
70603  55.580  -15.733  35.778 0.0000000000
71757  55.672  -15.650  35.357 0.0000000000
71776  54.594  -15.588  34.228 0.0000000000
58125  51.672  -27.490  43.952 0.0000000000
58127  49.984  -26.874  43.100 0.0000000000
59283  49.842  -26.164  43.583 0.0000000000
60394  49.174  -25.324  43.771 0.0000000000
60393  49.803  -25.336  44.279 0.0000000000
61494  51.468  -24.402  44.441 0.0000000000
61495  50.547  -24.280  44.866 0.0000000000
61488  50.138  -23.516  45.285 0.0000000000
62601  49.363  -22.908  45.092 0.0000000000
63780  50.095  -22.189  45.403 0.0000000000
64979  49.930  -21.324  45.202 0.0000000000
63779  50.676  -22.573  45.122 0.0000000000
62635  53.309  -23.970  41.978 0.0000000000
62626  52.840  -23.671  42.665 0.0000000000
62636  52.703  -23.546  41.761 0.0000000000
62637  52.012  -23.270  41.915 0.0000000000
62645  53.162  -23.902  41.230 0.0000000000
50671  34.080  -33.333  53.811 0.0000000000
50688  33.753  -33.513  52.686 0.0000000000
51942  36.115  -32.651  54.933 0.0000000000
51957  35.798  -32.855  54.495 0.0000000000
50669  36.384  -32.952  54.104 0.0000000000
50668  37.121  -32.681  54.120 0.0000000000
51972  37.639  -32.582  53.860 0.0000000000
51956  37.446  -32.658  54.376 0.0000000000
71743  49.559  -15.691  36.726 0.0000000000
71758  50.170  -15.436  36.257 0.0000000000
72817  50.960  -15.203  36.553 0.0000000000
71712  51.907  -15.089  38.839 0.0000000000
72805  52.272  -14.931  37.816 0.0000000000
72795  53.627  -14.744  38.930 0.0000000000
72774  53.690  -15.532  39.777 0.0000000000
72776  53.092  -15.050  40.074 0.0000000000
70486  52.233  -15.892  41.247 0.0000000000
70505  52.802  -16.052  40.673 0.0000000000
70506  51.865  -16.530  41.067 0.0000000000
71647  50.252  -15.569  42.449 0.0000000000
70468  49.943  -15.962  42.734 0.0000000000
69370  49.299  -17.560  40.921 0.0000000000
69353  50.060  -16.891  41.700 0.0000000000
69369  50.425  -17.377  40.872 0.0000000000
53253  47.466  -31.119  47.099 0.0000000000
53266  48.026  -31.608  46.498 0.0000000000
53252  48.357  -31.582  46.958 0.0000000000
52065  49.652  -32.979  46.413 0.0000000000
52081  50.553  -33.025  45.688 0.0000000000
52100  50.481  -32.424  44.843 0.0000000000
48740  49.861  -35.486  45.449 0.0000000000
48753  50.259  -35.385  44.865 0.0000000000
49702  51.136  -34.183  44.743 0.0000000000
50833  51.799  -33.545  44.303 0.0000000000
50832  52.371  -33.139  43.711 0.0000000000
53279  52.377  -32.094  43.951 0.0000000000
52118  52.702  -32.246  43.499 0.0000000000
52157  52.690  -31.984  41.702 0.0000000000
52156  53.247  -31.592  42.311 0.0000000000
53335  53.206  -31.011  41.725 0.0000000000
54435  52.983  -30.409  41.155 0.0000000000
54454  53.156  -29.761  40.859 0.0000000000
53352  51.904  -31.267  40.589 0.0000000000
51998  40.278  -32.754  51.367 0.0000000000
50715  40.056  -33.087  50.780 0.0000000000
51997  41.010  -32.229  51.004 0.0000000000
53232  44.797  -31.142  48.837 0.0000000000
53241  45.024  -31.209  47.839 0.0000000000
54360  45.532  -30.856  47.756 0.0000000000
54358  46.375  -30.583  47.991 0.0000000000
54352  45.888  -30.644  48.522 0.0000000000
50750  45.792  -32.945  48.597 0.0000000000
52029  46.370  -32.179  48.778 0.0000000000
50749  46.540  -32.469  48.436 0.0000000000
50774  46.240  -33.604  47.831 0.0000000000
49661  43.494  -34.384  49.652 0.0000000000
47698  45.992  -36.632  47.275 0.0000000000
77109  59.727  -10.566  27.059 0.0000000000
77122  58.729  -10.644  25.551 0.0000000000
72854  52.421  -14.392  33.867 0.0000000000
76009  54.856  -11.481  32.536 0.0000000000
76010  54.094  -11.612  32.182 0.0000000000
76018  54.686  -11.378  31.616 0.0000000000
77053  56.714  -10.829  32.356 0.0000000000
74904  57.236  -12.464  33.568 0.0000000000
75997  57.286  -12.006  33.234 0.0000000000
74918  57.661  -12.722  32.943 0.0000000000
73876  58.226  -13.082  31.692 0.0000000000
73877  57.656  -13.481  32.576 0.0000000000
72837  56.807  -14.568  34.753 0.0000000000
72851  56.767  -14.461  33.833 0.0000000000
73879  56.107  -14.228  32.507 0.0000000000
73898  55.928  -14.009  31.902 0.0000000000
73897  56.765  -13.599  31.597 0.0000000000
55590  50.578  -29.599  42.466 0.0000000000
55610  50.104  -29.078  41.993 0.0000000000
61506  48.078  -23.858  43.219 0.0000000000
65060  45.660  -21.438  40.173 0.0000000000
68237  45.200  -18.745  40.003 0.0000000000
69374  44.816  -17.848  39.964 0.0000000000
70510  45.115  -17.399  40.222 0.0000000000
68228  46.530  -18.621  41.097 0.0000000000
67241  46.778  -19.170  40.811 0.0000000000
66148  49.123  -20.658  44.295 0.0000000000
67208  48.110  -19.693  44.229 0.0000000000
66166  48.344  -20.286  43.595 0.0000000000
65038  48.333  -21.675  41.671 0.0000000000
65028  48.049  -21.055  42.282 0.0000000000
66200  47.391  -20.602  40.496 0.0000000000
65050  47.623  -21.365  40.650 0.0000000000
63886  48.123  -22.277  39.309 0.0000000000
55636  52.849  -29.093  40.480 0.0000000000
58167  53.393  -27.365  40.724 0.0000000000
56981  52.514  -28.111  40.131 0.0000000000
49600  31.910  -34.348  56.757 0.0000000000
70572  46.376  -17.007  37.592 0.0000000000
70509  45.582  -16.902  40.791 0.0000000000
49625  39.661  -34.015  53.979 0.0000000000
50666  40.176  -33.661  53.327 0.0000000000
49624  39.974  -34.651  53.890 0.0000000000
49637  40.606  -34.650  53.137 0.0000000000
78219  58.227  -10.006  31.222 0.0000000000
78220  57.523  -9.991  31.414 0.0000000000
72804  53.366  -14.634  38.018 0.0000000000
72814  54.044  -14.359  37.199 0.0000000000
72812  55.553  -14.517  36.964 0.0000000000
71740  55.972  -14.744  36.628 0.0000000000
70584  55.387  -15.748  36.369 0.0000000000
55573  53.077  -29.225  43.450 0.0000000000
58112  51.709  -26.745  44.262 0.0000000000
60392  50.513  -25.596  44.392 0.0000000000
59265  51.692  -26.069  44.342 0.0000000000
60383  51.924  -25.351  44.265 0.0000000000
61493  52.362  -24.599  43.814 0.0000000000
62599  51.992  -23.622  44.089 0.0000000000
61503  52.794  -24.650  43.297 0.0000000000
60404  53.393  -25.250  42.314 0.0000000000
60424  53.537  -25.354  41.741 0.0000000000
51943  35.128  -32.788  55.201 0.0000000000
51923  36.662  -33.013  55.312 0.0000000000
51922  37.227  -32.950  55.136 0.0000000000
71730  48.315  -16.173  36.932 0.0000000000
71729  48.867  -15.995  37.444 0.0000000000
71728  49.770  -15.800  37.635 0.0000000000
71727  50.699  -15.475  37.707 0.0000000000
71699  52.361  -15.007  39.601 0.0000000000
71684  52.316  -15.218  40.473 0.0000000000
71668  51.530  -15.497  41.463 0.0000000000
70469  48.792  -16.184  42.940 0.0000000000
70490  48.690  -16.618  42.461 0.0000000000
69354  49.025  -16.969  41.799 0.0000000000
68234  49.013  -17.912  40.291 0.0000000000
68235  48.538  -18.444  40.015 0.0000000000
52047  47.901  -32.310  47.651 0.0000000000
53239  48.452  -31.981  47.303 0.0000000000
50770  49.368  -33.571  46.658 0.0000000000
50795  49.714  -33.735  46.427 0.0000000000
48772  50.108  -35.359  44.230 0.0000000000
50851  52.509  -33.078  42.952 0.0000000000
50871  51.616  -33.485  42.342 0.0000000000
50887  51.765  -32.826  41.630 0.0000000000
53206  41.924  -31.528  51.507 0.0000000000
53216  41.462  -31.951  51.035 0.0000000000
53215  41.848  -31.811  50.974 0.0000000000
52012  42.410  -32.141  49.702 0.0000000000
53225  43.218  -31.778  49.359 0.0000000000
54346  45.370  -30.858  48.928 0.0000000000
54345  45.786  -30.879  49.116 0.0000000000
53222  45.741  -31.400  49.311 0.0000000000
52011  45.236  -32.020  49.614 0.0000000000
50751  44.956  -33.387  48.774 0.0000000000
78247  60.123  -9.577  28.438 0.0000000000
78258  60.242  -9.779  27.560 0.0000000000
74958  57.936  -12.735  29.630 0.0000000000
73850  53.807  -13.954  34.386 0.0000000000
73863  54.415  -13.043  33.856 0.0000000000
74908  53.626  -12.576  33.053 0.0000000000
76000  55.440  -11.738  33.131 0.0000000000
75999  56.292  -11.784  33.229 0.0000000000
71797  55.347  -15.098  33.380 0.0000000000
72852  55.977  -14.729  33.572 0.0000000000
52120  49.024  -32.240  44.327 0.0000000000
56920  49.254  -28.033  41.965 0.0000000000
58137  48.408  -27.238  42.144 0.0000000000
58151  47.552  -27.375  41.647 0.0000000000
63820  47.573  -22.569  43.305 0.0000000000
62629  47.135  -23.084  42.344 0.0000000000
63821  47.131  -22.213  42.699 0.0000000000
65051  46.464  -21.720  41.576 0.0000000000
65052  45.971  -21.427  41.082 0.0000000000
66209  45.394  -20.387  39.764 0.0000000000
66201  45.734  -20.382  40.583 0.0000000000
68229  45.729  -18.409  40.722 0.0000000000
67236  46.331  -19.599  41.332 0.0000000000
63818  50.115  -22.116  42.719 0.0000000000
65026  49.363  -21.615  43.006 0.0000000000
63819  49.438  -21.995  42.348 0.0000000000
63833  49.076  -22.217  41.664 0.0000000000
63849  48.606  -22.348  40.746 0.0000000000
63850  47.946  -22.112  40.431 0.0000000000
50658  33.358  -33.353  54.712 0.0000000000
50647  32.884  -33.515  55.610 0.0000000000
50646  33.784  -33.123  55.531 0.0000000000
51911  34.239  -33.354  56.202 0.0000000000
48591  35.778  -35.953  56.573 0.0000000000
70570  48.251  -16.290  37.514 0.0000000000
71702  49.029  -15.924  39.768 0.0000000000
71687  48.886  -15.622  41.236 0.0000000000
71671  48.554  -15.520  42.258 0.0000000000
70507  47.335  -16.002  40.914 0.0000000000
71672  47.672  -15.685  42.395 0.0000000000
71649  48.227  -15.739  42.981 0.0000000000
70470  47.806  -16.321  43.187 0.0000000000
69356  47.404  -17.577  42.116 0.0000000000
47715  48.978  -36.001  46.095 0.0000000000
50699  39.106  -33.072  51.894 0.0000000000
51985  39.258  -32.970  52.414 0.0000000000
51984  40.212  -32.607  52.131 0.0000000000
51968  40.891  -32.094  52.389 0.0000000000
50665  40.590  -33.119  52.946 0.0000000000
51951  40.868  -32.721  52.675 0.0000000000
53196  41.357  -31.427  51.918 0.0000000000
53194  42.241  -31.782  52.181 0.0000000000
51982  43.137  -32.354  51.411 0.0000000000
50697  43.308  -33.145  51.118 0.0000000000
49651  43.015  -34.243  50.767 0.0000000000
48654  42.840  -35.817  50.245 0.0000000000
77078  59.412  -10.383  29.801 0.0000000000
76048  59.580  -11.087  29.381 0.0000000000
76037  59.404  -11.009  29.803 0.0000000000
76038  59.156  -11.548  29.941 0.0000000000
74942  58.524  -12.525  30.323 0.0000000000
73908  58.174  -12.883  30.398 0.0000000000
73909  57.714  -13.053  30.241 0.0000000000
72842  51.522  -14.864  34.519 0.0000000000
72841  52.589  -14.695  34.833 0.0000000000
72840  53.662  -14.364  35.104 0.0000000000
72825  53.769  -14.418  36.196 0.0000000000
72839  54.363  -14.071  35.649 0.0000000000
73847  56.567  -13.195  34.841 0.0000000000
73835  56.871  -13.717  35.155 0.0000000000
72822  56.935  -13.986  35.247 0.0000000000
71755  56.270  -14.840  36.201 0.0000000000
71774  56.210  -15.310  34.960 0.0000000000
71786  55.691  -15.146  34.144 0.0000000000
71787  54.943  -15.351  33.826 0.0000000000
71799  53.846  -15.497  32.696 0.0000000000
54397  51.353  -31.033  43.269 0.0000000000
55589  51.495  -29.507  43.125 0.0000000000
56918  50.940  -28.800  42.863 0.0000000000
56909  51.484  -28.415  43.432 0.0000000000
56910  50.685  -28.104  43.103 0.0000000000
59301  48.778  -26.226  42.708 0.0000000000
60406  48.193  -25.427  42.725 0.0000000000
60405  48.653  -25.361  43.257 0.0000000000
61515  48.305  -24.894  43.136 0.0000000000
61505  48.537  -24.324  43.791 0.0000000000
60385  50.233  -24.937  44.620 0.0000000000
61496  49.463  -24.052  44.737 0.0000000000
62615  48.420  -23.160  44.174 0.0000000000
63805  48.423  -22.392  44.511 0.0000000000
63793  48.165  -21.698  44.539 0.0000000000
64999  48.045  -20.903  44.728 0.0000000000
66150  47.584  -20.049  44.410 0.0000000000
64998  48.652  -20.874  45.090 0.0000000000
66133  49.284  -20.637  44.993 0.0000000000
65013  50.435  -21.491  44.061 0.0000000000
63789  51.939  -23.026  43.996 0.0000000000
63803  51.108  -22.167  43.737 0.0000000000
63804  50.487  -21.902  43.474 0.0000000000
63830  51.444  -22.970  42.050 0.0000000000
50701  37.026  -33.348  51.979 0.0000000000
50670  35.257  -33.061  54.081 0.0000000000
50684  38.083  -32.952  52.945 0.0000000000
51954  38.753  -32.899  53.746 0.0000000000
51938  39.144  -33.189  53.991 0.0000000000
51940  37.734  -33.052  54.704 0.0000000000
51939  38.575  -33.109  54.319 0.0000000000
50651  39.133  -33.763  54.369 0.0000000000
72806  51.457  -15.149  37.348 0.0000000000
72794  54.312  -14.809  38.896 0.0000000000
72785  54.434  -15.414  39.084 0.0000000000
71711  54.650  -15.484  38.759 0.0000000000
71697  54.231  -15.717  39.327 0.0000000000
70525  53.786  -16.029  39.726 0.0000000000
71683  52.998  -15.459  40.474 0.0000000000
71646  50.994  -15.735  42.143 0.0000000000
70466  51.107  -15.973  42.211 0.0000000000
70488  50.609  -16.302  42.292 0.0000000000
53267  47.368  -31.525  46.107 0.0000000000
52066  48.882  -32.388  46.644 0.0000000000
52101  49.401  -32.397  45.144 0.0000000000
53281  51.364  -32.132  44.299 0.0000000000
48725  49.310  -35.628  46.006 0.0000000000
49704  50.043  -34.859  45.675 0.0000000000
49691  50.230  -34.294  45.873 0.0000000000
49712  50.633  -34.853  44.394 0.0000000000
50814  50.853  -33.830  45.469 0.0000000000
52080  51.093  -33.272  45.267 0.0000000000
53280  52.033  -32.073  44.254 0.0000000000
53294  52.539  -31.403  43.702 0.0000000000
53293  53.272  -30.964  43.390 0.0000000000
52140  52.870  -32.260  42.606 0.0000000000
52139  53.245  -31.613  43.020 0.0000000000
54394  53.422  -30.036  43.159 0.0000000000
54412  53.556  -29.773  42.475 0.0000000000
55588  53.577  -28.989  42.111 0.0000000000
55609  53.553  -28.851  41.503 0.0000000000
56930  53.612  -28.103  41.744 0.0000000000
55635  53.454  -29.027  40.971 0.0000000000
54476  51.818  -29.639  40.000 0.0000000000
53353  51.152  -31.483  40.363 0.0000000000
54456  51.311  -30.728  40.223 0.0000000000
50716  39.246  -33.134  51.085 0.0000000000
52014  40.890  -32.544  50.160 0.0000000000
54366  46.202  -30.699  47.350 0.0000000000
54357  47.027  -30.810  47.926 0.0000000000
54344  46.249  -31.063  49.091 0.0000000000
53230  47.106  -31.464  48.241 0.0000000000
52048  47.316  -32.215  47.989 0.0000000000
49677  47.732  -34.226  47.302 0.0000000000
48706  47.439  -35.514  46.943 0.0000000000
50732  44.038  -33.523  49.808 0.0000000000
49660  44.106  -33.725  49.419 0.0000000000
49680  44.755  -35.183  47.857 0.0000000000
49679  45.523  -34.342  47.783 0.0000000000
48707  46.269  -35.505  47.138 0.0000000000
48583  30.492  -35.352  58.006 0.0000000000
77133  59.460  -10.093  25.052 0.0000000000
77061  56.284  -10.542  31.914 0.0000000000
77051  57.550  -11.164  32.291 0.0000000000
76006  57.565  -11.794  32.700 0.0000000000
76005  57.968  -11.986  32.332 0.0000000000
73846  57.134  -13.323  34.372 0.0000000000
72864  56.385  -14.358  33.043 0.0000000000
72863  57.139  -14.118  33.198 0.0000000000
73921  55.761  -13.436  29.635 0.0000000000
69404  44.408  -17.717  38.767 0.0000000000
54414  50.566  -30.796  42.707 0.0000000000
55591  50.064  -30.182  42.362 0.0000000000
67250  45.011  -19.391  39.407 0.0000000000
69389  44.284  -17.927  39.253 0.0000000000
69388  44.877  -17.542  39.244 0.0000000000
69358  45.853  -17.483  41.349 0.0000000000
69357  46.573  -17.322  42.265 0.0000000000
68219  47.232  -17.993  41.647 0.0000000000
67200  47.270  -19.456  44.289 0.0000000000
67222  47.309  -19.394  43.009 0.0000000000
66181  48.163  -20.713  42.784 0.0000000000
66182  47.740  -20.186  42.505 0.0000000000
67234  47.165  -19.597  41.984 0.0000000000
66208  46.983  -20.452  39.046 0.0000000000
63868  47.750  -22.058  39.764 0.0000000000
65059  47.163  -21.175  39.149 0.0000000000
58149  53.615  -27.240  41.263 0.0000000000
59336  53.448  -26.330  40.679 0.0000000000
58186  52.536  -27.134  40.020 0.0000000000
59355  52.889  -26.348  40.139 0.0000000000
60459  53.203  -25.353  40.460 0.0000000000
61542  52.885  -24.849  40.174 0.0000000000
47533  31.477  -36.838  58.474 0.0000000000
48572  30.525  -35.969  58.727 0.0000000000
49588  34.188  -35.367  56.953 0.0000000000
49692  49.565  -34.801  46.189 0.0000000000
49693  48.924  -34.546  46.700 0.0000000000
49703  50.488  -34.825  45.231 0.0000000000
50645  35.893  -33.716  55.887 0.0000000000
50653  37.855  -33.633  54.868 0.0000000000
50654  37.099  -32.592  54.520 0.0000000000
50656  35.032  -32.818  54.723 0.0000000000
50713  44.315  -32.642  50.252 0.0000000000
50730  45.437  -32.424  49.288 0.0000000000
50771  49.049  -33.695  46.843 0.0000000000
50886  52.236  -32.481  41.684 0.0000000000
51926  34.264  -33.138  55.946 0.0000000000
51941  37.033  -32.594  54.879 0.0000000000
51952  40.350  -32.832  52.926 0.0000000000
51971  38.199  -32.744  53.427 0.0000000000
51980  44.117  -32.088  50.704 0.0000000000
51981  43.743  -32.378  50.899 0.0000000000
51986  38.548  -33.003  52.844 0.0000000000
51996  41.460  -32.130  50.543 0.0000000000
52009  46.434  -31.717  48.868 0.0000000000
52015  40.460  -32.778  50.635 0.0000000000
52027  47.372  -31.823  48.009 0.0000000000
52028  46.890  -31.975  48.416 0.0000000000
52045  49.345  -33.325  46.695 0.0000000000
52064  50.109  -33.309  46.141 0.0000000000
53195  41.831  -31.486  52.149 0.0000000000
53207  41.431  -31.701  51.446 0.0000000000
53221  46.245  -31.433  49.097 0.0000000000
53231  46.625  -31.306  48.679 0.0000000000
53336  52.528  -31.112  41.143 0.0000000000
54351  46.436  -30.838  48.571 0.0000000000
54359  45.855  -30.618  47.891 0.0000000000
54365  46.751  -30.771  47.465 0.0000000000
55658  52.142  -29.128  40.027 0.0000000000
56957  53.196  -28.203  40.609 0.0000000000
58111  52.089  -26.559  44.225 0.0000000000
58113  51.106  -26.800  44.135 0.0000000000
58135  50.240  -27.548  42.925 0.0000000000
58150  48.151  -27.780  41.745 0.0000000000
58168  53.017  -27.348  40.326 0.0000000000
58187  51.936  -27.380  39.771 0.0000000000
59264  52.306  -26.163  44.081 0.0000000000
59266  51.074  -26.152  44.384 0.0000000000
59299  53.508  -26.078  42.317 0.0000000000
59300  49.465  -26.447  43.020 0.0000000000
59354  53.145  -25.848  40.323 0.0000000000
60382  52.470  -25.538  43.795 0.0000000000
60442  53.554  -25.358  40.990 0.0000000000
61489  49.685  -23.352  45.189 0.0000000000
61497  48.774  -23.676  44.415 0.0000000000
61502  53.135  -24.705  42.822 0.0000000000
61514  53.399  -24.640  42.136 0.0000000000
61531  53.083  -24.414  40.520 0.0000000000
62587  50.364  -22.888  45.329 0.0000000000
62588  49.848  -22.870  45.392 0.0000000000
62598  52.402  -24.039  43.769 0.0000000000
62612  53.101  -24.259  42.960 0.0000000000
62614  52.279  -23.391  43.429 0.0000000000
62616  48.054  -23.246  43.542 0.0000000000
62625  53.197  -24.155  42.667 0.0000000000
62627  52.246  -23.257  42.721 0.0000000000
62647  52.296  -23.360  41.271 0.0000000000
63781  49.503  -21.689  45.320 0.0000000000
63790  51.252  -22.606  44.474 0.0000000000
63791  49.509  -22.297  45.335 0.0000000000
63802  51.808  -22.833  43.596 0.0000000000
63806  47.806  -22.150  43.983 0.0000000000
63817  50.938  -22.510  42.807 0.0000000000
64978  50.568  -22.006  45.087 0.0000000000
64980  49.153  -21.048  45.300 0.0000000000
64997  49.886  -21.056  44.559 0.0000000000
65000  47.444  -20.564  44.302 0.0000000000
65015  48.962  -21.124  43.443 0.0000000000
65016  47.678  -21.237  44.317 0.0000000000
65039  47.770  -21.107  41.620 0.0000000000
65058  47.385  -21.347  39.769 0.0000000000
66134  48.880  -20.650  45.075 0.0000000000
66151  46.914  -19.944  44.179 0.0000000000
66165  49.014  -20.796  43.846 0.0000000000
66192  46.146  -20.700  41.969 0.0000000000
67198  48.063  -19.844  44.423 0.0000000000
67199  47.853  -19.653  44.369 0.0000000000
67209  47.673  -19.422  43.828 0.0000000000
67210  46.920  -19.342  43.657 0.0000000000
67224  46.398  -19.690  41.971 0.0000000000
68225  48.965  -17.770  40.591 0.0000000000
70504  53.412  -16.032  40.151 0.0000000000
70524  54.160  -15.956  39.391 0.0000000000
70551  45.536  -17.334  38.420 0.0000000000
70625  54.719  -15.793  34.668 0.0000000000
71651  47.008  -16.118  42.697 0.0000000000
71673  47.038  -15.900  42.346 0.0000000000
71698  53.906  -15.720  39.630 0.0000000000
71724  55.118  -15.322  38.152 0.0000000000
72775  53.487  -15.372  39.892 0.0000000000
72786  54.038  -15.390  39.457 0.0000000000
72792  55.097  -15.062  38.430 0.0000000000
72811  56.144  -14.488  36.311 0.0000000000
72891  54.950  -14.003  30.797 0.0000000000
74943  58.109  -12.833  30.151 0.0000000000
76016  57.732  -11.298  32.216 0.0000000000
77052  57.282  -10.974  32.379 0.0000000000
77067  59.160  -10.200  30.142 0.0000000000
77079  59.255  -10.892  30.022 0.0000000000
77080  56.486  -9.996  30.612 0.0000000000
78221  57.086  -10.054  31.411 0.0000000000
