#!ascii label  , from subject abby vox2ras=TkReg
1370
42443  17.505  -42.161  54.700 0.0000000000
72908  44.766  -14.623  29.371 0.0000000000
50842  34.365  -33.293  44.959 0.0000000000
53269  45.719  -31.431  45.607 0.0000000000
49694  28.208  -34.685  45.987 0.0000000000
42454  25.008  -40.929  53.875 0.0000000000
79462  56.136  -8.710  21.652 0.0000000000
77070  55.954  -10.399  31.194 0.0000000000
61587  42.064  -24.010  36.763 0.0000000000
86632  56.083  -2.120  14.806 0.0000000000
50705  32.385  -33.503  51.448 0.0000000000
42458  21.257  -41.216  53.745 0.0000000000
78272  55.882  -9.299  26.093 0.0000000000
76103  50.666  -11.602  25.687 0.0000000000
70651  45.620  -16.447  33.187 0.0000000000
72843  50.443  -14.934  34.278 0.0000000000
68291  41.838  -18.388  33.688 0.0000000000
53359  40.560  -31.545  40.342 0.0000000000
50817  40.135  -33.665  45.413 0.0000000000
48633  29.595  -35.255  52.082 0.0000000000
46539  26.620  -37.544  56.410 0.0000000000
46635  26.558  -38.130  50.229 0.0000000000
44584  22.258  -39.551  49.356 0.0000000000
53260  29.655  -31.705  46.022 0.0000000000
82542  59.296  -4.724  22.477 0.0000000000
82514  59.339  -5.613  26.644 0.0000000000
74946  50.345  -12.544  30.382 0.0000000000
67268  42.945  -19.520  37.830 0.0000000000
55637  45.208  -29.549  40.442 0.0000000000
82574  56.095  -5.682  18.046 0.0000000000
85530  60.127  -1.952  18.303 0.0000000000
87784  60.723  -0.022  14.575 0.0000000000
50659  32.238  -33.905  54.691 0.0000000000
42460  19.312  -41.264  53.771 0.0000000000
42396  21.652  -41.748  57.035 0.0000000000
42398  19.823  -41.627  57.760 0.0000000000
77151  50.181  -11.315  23.493 0.0000000000
70612  45.360  -17.136  35.713 0.0000000000
71745  48.094  -16.169  36.166 0.0000000000
39983  13.538  -43.444  59.731 0.0000000000
68351  40.594  -18.588  31.219 0.0000000000
50878  34.852  -33.048  42.955 0.0000000000
50875  37.847  -33.311  42.451 0.0000000000
50820  36.891  -33.376  45.428 0.0000000000
48676  28.959  -35.291  49.072 0.0000000000
46632  28.553  -37.079  51.257 0.0000000000
46677  27.762  -37.329  47.666 0.0000000000
52075  28.396  -32.914  45.919 0.0000000000
52036  29.547  -33.319  48.733 0.0000000000
45556  25.515  -38.473  54.968 0.0000000000
80526  58.741  -7.192  22.024 0.0000000000
82528  59.219  -5.006  24.305 0.0000000000
80510  58.633  -7.441  24.110 0.0000000000
77096  55.282  -10.834  27.970 0.0000000000
78248  57.563  -8.693  28.843 0.0000000000
73950  44.289  -13.016  27.627 0.0000000000
75004  46.823  -12.434  27.775 0.0000000000
73923  47.323  -13.058  29.457 0.0000000000
66247  40.336  -20.481  35.570 0.0000000000
67278  40.795  -19.344  36.911 0.0000000000
65086  43.018  -21.304  36.709 0.0000000000
53303  43.331  -31.943  43.221 0.0000000000
54461  42.556  -30.585  40.138 0.0000000000
53318  45.701  -31.680  42.384 0.0000000000
79484  53.469  -8.037  19.818 0.0000000000
81623  53.584  -5.824  18.660 0.0000000000
80546  56.418  -7.251  19.713 0.0000000000
81603  58.292  -6.340  19.482 0.0000000000
87820  58.814  0.154  12.688 0.0000000000
86629  58.864  -1.363  14.186 0.0000000000
86620  60.356  -1.227  16.243 0.0000000000
84525  58.227  -3.221  15.536 0.0000000000
50783  33.517  -33.188  47.785 0.0000000000
50758  35.863  -33.415  48.512 0.0000000000
50702  35.796  -33.479  51.810 0.0000000000
42456  23.258  -41.326  53.198 0.0000000000
41249  25.191  -42.623  55.152 0.0000000000
41219  22.999  -42.551  56.122 0.0000000000
78325  52.640  -9.656  21.525 0.0000000000
78290  56.001  -9.070  23.858 0.0000000000
78302  52.967  -9.937  23.490 0.0000000000
77114  52.789  -10.962  25.996 0.0000000000
74997  53.087  -11.995  27.714 0.0000000000
71817  45.197  -15.832  31.248 0.0000000000
72882  47.706  -14.248  31.167 0.0000000000
71790  48.070  -15.512  33.847 0.0000000000
60498  40.358  -25.427  36.163 0.0000000000
52102  48.493  -32.306  45.212 0.0000000000
41238  15.181  -42.971  55.640 0.0000000000
41209  17.404  -42.522  57.964 0.0000000000
39994  15.169  -43.539  59.206 0.0000000000
70718  42.430  -16.198  28.651 0.0000000000
69519  42.710  -17.343  30.624 0.0000000000
69481  43.415  -17.896  33.803 0.0000000000
69450  43.287  -17.789  35.881 0.0000000000
52178  37.586  -32.790  40.046 0.0000000000
52126  40.581  -32.981  42.896 0.0000000000
52069  43.129  -32.893  46.055 0.0000000000
50755  39.474  -33.693  48.707 0.0000000000
52031  42.787  -32.486  48.762 0.0000000000
48603  30.526  -34.907  55.509 0.0000000000
48585  28.598  -36.020  57.934 0.0000000000
47584  28.738  -36.447  54.362 0.0000000000
46592  26.749  -37.675  53.807 0.0000000000
45582  25.447  -38.778  52.219 0.0000000000
46679  25.604  -38.109  47.473 0.0000000000
45618  24.590  -38.695  49.410 0.0000000000
44555  23.636  -39.911  51.301 0.0000000000
43571  22.007  -40.452  51.103 0.0000000000
43573  19.733  -40.503  51.456 0.0000000000
42477  17.482  -41.580  52.507 0.0000000000
52147  32.155  -32.842  43.026 0.0000000000
53306  30.411  -31.165  43.281 0.0000000000
52090  32.203  -32.883  45.898 0.0000000000
52017  30.989  -33.077  48.947 0.0000000000
50692  30.688  -34.013  51.946 0.0000000000
80498  60.639  -7.223  24.800 0.0000000000
80480  57.837  -7.496  27.123 0.0000000000
75050  47.726  -12.379  25.487 0.0000000000
75001  49.776  -12.148  27.861 0.0000000000
76029  53.023  -12.005  30.227 0.0000000000
73883  50.098  -13.386  31.962 0.0000000000
73880  53.272  -12.787  32.874 0.0000000000
68294  38.812  -18.765  34.767 0.0000000000
68265  41.140  -18.527  36.728 0.0000000000
68247  43.421  -18.373  38.787 0.0000000000
57001  42.243  -28.360  38.542 0.0000000000
59372  43.178  -26.630  38.637 0.0000000000
54416  48.599  -30.905  42.176 0.0000000000
58152  46.645  -27.460  41.099 0.0000000000
61547  44.621  -24.498  39.328 0.0000000000
63870  44.987  -22.465  39.057 0.0000000000
66209  45.394  -20.387  39.764 0.0000000000
84514  56.281  -3.774  16.180 0.0000000000
83521  58.140  -4.882  17.233 0.0000000000
84483  59.603  -2.858  20.029 0.0000000000
50636  32.500  -33.789  56.285 0.0000000000
42442  18.733  -41.589  54.720 0.0000000000
42426  19.379  -41.594  55.730 0.0000000000
42427  18.122  -41.979  55.998 0.0000000000
70592  45.619  -17.257  36.933 0.0000000000
70572  46.376  -17.007  37.592 0.0000000000
41192  11.217  -42.587  59.217 0.0000000000
50859  34.632  -33.197  43.956 0.0000000000
50840  36.263  -33.323  44.577 0.0000000000
50821  35.949  -33.383  45.531 0.0000000000
48715  28.604  -35.287  47.542 0.0000000000
47707  28.577  -35.975  47.971 0.0000000000
48734  28.144  -35.790  45.995 0.0000000000
52093  28.185  -32.697  44.870 0.0000000000
50825  28.107  -33.661  45.472 0.0000000000
50787  28.518  -33.574  47.312 0.0000000000
44532  25.301  -39.168  54.111 0.0000000000
43527  25.480  -40.263  54.716 0.0000000000
79471  57.432  -8.269  21.522 0.0000000000
80518  58.800  -7.276  22.998 0.0000000000
79450  57.522  -8.347  23.012 0.0000000000
77087  55.754  -10.820  29.187 0.0000000000
78241  57.091  -9.530  30.090 0.0000000000
72921  44.461  -14.128  28.685 0.0000000000
73939  45.401  -13.118  28.469 0.0000000000
72907  46.068  -14.074  29.696 0.0000000000
62728  40.774  -23.256  35.597 0.0000000000
63915  41.440  -22.497  35.882 0.0000000000
65097  41.659  -21.401  35.958 0.0000000000
62696  42.928  -23.275  37.152 0.0000000000
53285  44.676  -32.022  44.380 0.0000000000
53319  44.716  -31.788  42.349 0.0000000000
53300  46.163  -31.918  43.451 0.0000000000
79474  55.055  -8.351  20.682 0.0000000000
80548  54.417  -7.125  19.518 0.0000000000
80537  55.745  -7.869  20.162 0.0000000000
80535  57.675  -7.761  20.824 0.0000000000
87804  56.724  -0.598  13.473 0.0000000000
86631  56.729  -1.616  14.198 0.0000000000
85562  58.592  -1.999  14.623 0.0000000000
85564  56.819  -2.449  14.788 0.0000000000
50741  32.947  -33.397  49.435 0.0000000000
50740  34.016  -33.523  49.521 0.0000000000
50704  33.460  -33.492  51.561 0.0000000000
42457  22.148  -41.271  53.424 0.0000000000
41252  22.798  -42.128  54.373 0.0000000000
42423  21.919  -41.740  55.158 0.0000000000
42378  22.058  -42.246  58.437 0.0000000000
41197  22.649  -42.800  58.127 0.0000000000
78326  51.873  -10.021  21.608 0.0000000000
78312  53.442  -9.570  22.409 0.0000000000
77161  51.870  -10.204  22.931 0.0000000000
76114  50.393  -11.493  24.784 0.0000000000
77139  51.226  -10.972  24.357 0.0000000000
76102  51.580  -11.343  25.767 0.0000000000
76082  52.744  -11.435  26.570 0.0000000000
76083  51.894  -11.620  26.531 0.0000000000
70667  45.297  -16.248  32.108 0.0000000000
71804  46.585  -15.496  32.659 0.0000000000
71792  46.659  -15.771  33.419 0.0000000000
79477  52.229  -8.815  20.019 0.0000000000
40021  15.025  -43.456  57.112 0.0000000000
40009  14.339  -43.594  57.889 0.0000000000
70719  41.718  -16.640  28.448 0.0000000000
70694  42.839  -16.896  30.112 0.0000000000
69533  41.922  -17.459  29.525 0.0000000000
68331  41.309  -18.506  31.987 0.0000000000
68330  42.088  -18.219  31.766 0.0000000000
69482  42.706  -18.152  33.247 0.0000000000
69465  43.285  -17.879  34.848 0.0000000000
69466  42.551  -18.216  34.316 0.0000000000
50908  36.545  -32.931  40.503 0.0000000000
50837  39.435  -33.457  44.361 0.0000000000
50874  38.905  -33.075  42.363 0.0000000000
50836  40.690  -33.255  44.243 0.0000000000
50835  41.805  -33.210  44.615 0.0000000000
50816  41.310  -33.507  45.462 0.0000000000
50737  37.473  -33.515  49.685 0.0000000000
50756  38.246  -33.644  48.619 0.0000000000
50736  38.727  -33.458  49.806 0.0000000000
52013  41.625  -32.453  49.812 0.0000000000
53233  44.050  -31.625  48.499 0.0000000000
48619  30.014  -35.276  53.192 0.0000000000
48614  29.246  -35.911  55.053 0.0000000000
47599  29.477  -36.069  52.889 0.0000000000
46634  27.199  -37.947  50.508 0.0000000000
46620  27.768  -37.409  51.852 0.0000000000
46609  26.422  -38.045  51.850 0.0000000000
45581  26.026  -38.325  52.646 0.0000000000
45592  25.875  -38.408  51.613 0.0000000000
46713  25.900  -37.468  45.640 0.0000000000
45633  22.645  -38.952  48.132 0.0000000000
45631  24.278  -38.659  48.528 0.0000000000
45619  23.846  -39.141  49.335 0.0000000000
44568  24.162  -39.496  50.660 0.0000000000
44569  23.463  -39.571  50.277 0.0000000000
43570  22.892  -40.449  51.541 0.0000000000
43589  21.968  -40.156  50.308 0.0000000000
43560  18.434  -41.147  52.360 0.0000000000
52167  32.196  -32.632  41.737 0.0000000000
52148  31.396  -32.243  42.613 0.0000000000
54375  29.152  -31.387  44.722 0.0000000000
53272  30.118  -31.637  45.076 0.0000000000
53287  30.782  -31.986  44.415 0.0000000000
53258  30.906  -32.272  46.262 0.0000000000
52053  31.515  -32.859  47.206 0.0000000000
52054  30.798  -32.595  47.528 0.0000000000
49653  29.332  -34.405  50.441 0.0000000000
52002  30.016  -33.406  50.313 0.0000000000
49639  30.267  -34.475  52.296 0.0000000000
49627  30.531  -34.596  53.461 0.0000000000
47548  27.832  -36.435  57.529 0.0000000000
41190  16.690  -42.921  59.926 0.0000000000
41199  18.389  -42.223  59.085 0.0000000000
84456  59.937  -3.808  23.154 0.0000000000
83464  59.364  -5.267  26.065 0.0000000000
82520  60.191  -5.405  25.619 0.0000000000
82512  60.243  -5.945  26.360 0.0000000000
80478  60.426  -7.436  26.576 0.0000000000
78282  55.207  -9.356  25.248 0.0000000000
79421  56.506  -8.771  25.533 0.0000000000
79413  56.645  -8.854  26.570 0.0000000000
79391  58.666  -7.845  28.750 0.0000000000
74985  48.272  -12.354  28.782 0.0000000000
75002  48.828  -12.136  27.877 0.0000000000
74964  49.727  -12.318  29.634 0.0000000000
74962  51.701  -12.376  29.318 0.0000000000
74945  51.420  -12.456  30.257 0.0000000000
72857  49.018  -14.725  33.203 0.0000000000
73885  48.722  -13.998  31.424 0.0000000000
72868  50.586  -14.091  32.708 0.0000000000
68295  37.823  -18.808  34.759 0.0000000000
67277  41.746  -19.482  37.067 0.0000000000
68258  40.953  -18.820  37.220 0.0000000000
67269  42.135  -19.095  37.697 0.0000000000
68256  42.505  -18.413  38.002 0.0000000000
67261  43.152  -19.162  38.573 0.0000000000
53387  39.024  -31.491  38.574 0.0000000000
54485  40.188  -31.124  39.260 0.0000000000
54460  43.653  -30.446  40.262 0.0000000000
55664  42.328  -29.292  38.908 0.0000000000
55663  43.359  -29.199  39.361 0.0000000000
58205  42.780  -27.501  38.634 0.0000000000
56960  44.288  -28.171  39.695 0.0000000000
53298  48.553  -31.964  43.517 0.0000000000
59321  46.798  -26.474  41.491 0.0000000000
59339  45.427  -26.538  40.184 0.0000000000
60444  45.888  -25.574  40.448 0.0000000000
62661  45.164  -23.710  39.596 0.0000000000
61524  46.690  -24.572  41.380 0.0000000000
82575  55.085  -5.545  18.068 0.0000000000
83523  56.164  -4.712  17.057 0.0000000000
83538  57.618  -4.399  16.568 0.0000000000
82583  57.458  -5.265  17.643 0.0000000000
82549  59.084  -5.312  21.036 0.0000000000
82556  59.279  -4.361  19.786 0.0000000000
83489  59.377  -4.040  21.647 0.0000000000
85503  59.909  -2.838  21.357 0.0000000000
87801  60.253  0.144  13.686 0.0000000000
86608  60.519  -1.408  17.499 0.0000000000
86593  60.877  -1.250  18.087 0.0000000000
85519  60.524  -1.840  18.952 0.0000000000
50673  31.973  -33.582  53.380 0.0000000000
50672  32.945  -33.398  53.650 0.0000000000
50647  32.884  -33.515  55.610 0.0000000000
43528  20.469  -41.221  53.985 0.0000000000
42424  21.238  -41.556  55.350 0.0000000000
42425  20.391  -41.442  55.538 0.0000000000
42397  20.805  -41.573  57.399 0.0000000000
42388  20.706  -41.629  58.507 0.0000000000
76143  48.959  -11.612  22.987 0.0000000000
76115  49.393  -11.783  24.813 0.0000000000
70633  45.595  -16.829  34.392 0.0000000000
70611  46.554  -16.435  35.067 0.0000000000
70591  46.457  -16.781  36.383 0.0000000000
70571  47.527  -16.530  37.185 0.0000000000
40010  13.503  -43.433  57.709 0.0000000000
41191  12.026  -43.003  59.354 0.0000000000
41179  12.159  -43.054  60.191 0.0000000000
68374  40.503  -18.007  29.622 0.0000000000
68332  40.349  -18.657  32.292 0.0000000000
50894  36.998  -33.142  41.376 0.0000000000
50877  35.784  -33.109  42.764 0.0000000000
50839  37.264  -33.390  44.474 0.0000000000
50818  38.975  -33.771  45.409 0.0000000000
48660  29.066  -35.118  50.559 0.0000000000
47639  28.958  -36.508  51.692 0.0000000000
47674  28.969  -36.224  49.642 0.0000000000
46659  28.603  -37.072  49.407 0.0000000000
46648  27.193  -37.965  49.574 0.0000000000
44585  21.454  -39.820  49.228 0.0000000000
44602  21.017  -39.495  48.384 0.0000000000
53275  28.455  -31.890  44.798 0.0000000000
53246  29.283  -32.170  46.481 0.0000000000
52055  29.984  -32.597  47.664 0.0000000000
52056  28.984  -32.797  47.451 0.0000000000
49663  28.953  -34.535  49.367 0.0000000000
46559  25.832  -38.158  55.775 0.0000000000
81590  59.234  -5.507  22.269 0.0000000000
82536  59.359  -4.748  23.345 0.0000000000
81576  59.085  -6.327  23.551 0.0000000000
81565  58.846  -5.947  24.609 0.0000000000
81554  58.585  -6.018  25.842 0.0000000000
78260  55.349  -10.321  27.182 0.0000000000
79402  56.987  -8.775  27.614 0.0000000000
78249  56.934  -9.279  28.763 0.0000000000
78240  57.893  -8.953  29.566 0.0000000000
75024  45.668  -12.553  26.655 0.0000000000
74988  45.328  -12.853  28.125 0.0000000000
74986  47.249  -12.484  28.678 0.0000000000
74948  48.706  -12.728  30.257 0.0000000000
72842  51.522  -14.864  34.519 0.0000000000
67288  38.202  -19.668  35.890 0.0000000000
68268  38.482  -19.189  36.060 0.0000000000
66233  40.439  -20.004  36.396 0.0000000000
66232  41.520  -20.252  36.389 0.0000000000
66223  43.165  -20.269  37.037 0.0000000000
53343  41.224  -32.062  41.512 0.0000000000
54463  41.164  -31.193  40.186 0.0000000000
53341  43.288  -31.395  41.198 0.0000000000
53340  44.249  -31.441  41.507 0.0000000000
54440  45.388  -30.339  40.994 0.0000000000
81609  52.038  -6.537  18.720 0.0000000000
81624  52.627  -5.816  18.597 0.0000000000
81607  53.996  -6.493  19.072 0.0000000000
81606  54.978  -6.618  19.005 0.0000000000
81620  56.593  -6.174  18.591 0.0000000000
81619  57.598  -6.055  18.731 0.0000000000
81604  57.074  -6.610  19.260 0.0000000000
80544  58.250  -7.028  20.314 0.0000000000
87822  56.978  0.123  12.887 0.0000000000
87803  58.291  -0.490  13.152 0.0000000000
86642  59.715  -0.320  13.886 0.0000000000
86627  60.729  -0.177  15.125 0.0000000000
85561  59.256  -1.576  14.699 0.0000000000
85551  59.392  -2.133  15.434 0.0000000000
84511  59.045  -3.334  16.284 0.0000000000
50805  33.899  -32.964  47.038 0.0000000000
50803  35.684  -33.387  46.514 0.0000000000
50759  34.765  -33.303  48.577 0.0000000000
50738  36.275  -33.515  49.599 0.0000000000
50701  37.026  -33.348  51.979 0.0000000000
42455  24.178  -41.105  53.484 0.0000000000
42435  25.527  -41.788  54.724 0.0000000000
41250  24.610  -42.501  54.835 0.0000000000
41233  24.678  -43.018  55.719 0.0000000000
42395  22.360  -42.082  56.630 0.0000000000
40016  23.964  -43.506  57.060 0.0000000000
78323  54.574  -8.921  21.564 0.0000000000
78310  55.498  -8.958  22.499 0.0000000000
78301  54.275  -9.391  23.350 0.0000000000
78292  53.976  -9.804  24.524 0.0000000000
77149  51.875  -10.388  23.579 0.0000000000
77137  53.034  -10.344  24.825 0.0000000000
78274  54.402  -10.327  26.122 0.0000000000
77112  54.241  -10.759  26.657 0.0000000000
76061  54.337  -11.399  27.997 0.0000000000
76051  54.389  -11.738  28.810 0.0000000000
72898  45.010  -15.195  30.074 0.0000000000
72897  45.710  -14.968  30.433 0.0000000000
72883  46.528  -15.010  31.403 0.0000000000
72858  48.071  -15.145  33.103 0.0000000000
72844  49.384  -15.119  34.149 0.0000000000
71761  47.780  -15.900  35.237 0.0000000000
71777  49.214  -15.549  34.932 0.0000000000
72828  50.606  -15.212  35.387 0.0000000000
61588  41.465  -24.430  36.576 0.0000000000
53282  47.127  -31.788  45.057 0.0000000000
80551  51.406  -7.278  19.004 0.0000000000
79486  51.803  -8.151  19.340 0.0000000000
78338  53.413  -8.847  20.658 0.0000000000
88957  55.536  0.325  14.652 0.0000000000
88944  55.246  0.175  15.736 0.0000000000
41253  16.680  -42.582  55.088 0.0000000000
41220  17.204  -42.439  56.872 0.0000000000
41221  16.316  -42.782  56.594 0.0000000000
40007  15.890  -43.292  58.617 0.0000000000
39980  15.854  -43.301  60.370 0.0000000000
39995  14.373  -43.631  58.923 0.0000000000
72922  43.688  -14.566  28.389 0.0000000000
71866  42.502  -15.424  27.954 0.0000000000
71851  43.551  -15.400  28.899 0.0000000000
70706  43.329  -16.132  29.640 0.0000000000
70681  44.651  -16.350  31.320 0.0000000000
70668  44.447  -16.943  32.551 0.0000000000
69508  42.208  -17.847  30.936 0.0000000000
69506  43.327  -17.540  31.892 0.0000000000
70652  44.790  -17.126  33.766 0.0000000000
70634  44.767  -17.276  34.793 0.0000000000
69449  44.283  -17.586  36.117 0.0000000000
69433  44.262  -17.799  37.138 0.0000000000
53361  38.884  -32.310  40.309 0.0000000000
50893  38.128  -33.052  41.665 0.0000000000
52145  39.011  -32.847  41.738 0.0000000000
52160  40.576  -32.433  41.741 0.0000000000
52124  42.111  -32.648  43.132 0.0000000000
52105  43.320  -32.298  44.250 0.0000000000
52085  44.581  -32.000  45.600 0.0000000000
50780  36.529  -33.412  47.304 0.0000000000
50800  38.442  -33.649  46.449 0.0000000000
50777  40.129  -33.768  47.609 0.0000000000
50735  40.075  -33.231  49.908 0.0000000000
50754  40.665  -33.576  48.683 0.0000000000
50776  41.302  -33.670  47.663 0.0000000000
52050  43.192  -32.886  47.523 0.0000000000
53242  44.480  -31.610  47.322 0.0000000000
54367  45.674  -30.887  47.279 0.0000000000
48593  30.218  -35.147  56.843 0.0000000000
48594  29.122  -35.541  57.072 0.0000000000
48605  28.806  -35.924  56.176 0.0000000000
47570  27.587  -36.803  55.582 0.0000000000
47621  28.470  -36.842  53.166 0.0000000000
46591  27.583  -37.091  53.938 0.0000000000
46574  26.500  -37.654  54.901 0.0000000000
45569  25.876  -38.231  53.903 0.0000000000
44542  25.387  -38.883  53.079 0.0000000000
44533  25.127  -39.594  53.246 0.0000000000
47725  27.267  -37.130  46.132 0.0000000000
46678  26.718  -37.868  47.575 0.0000000000
46662  26.005  -38.137  48.539 0.0000000000
46680  24.798  -38.123  47.098 0.0000000000
45630  25.083  -38.338  48.566 0.0000000000
45617  25.378  -38.320  49.513 0.0000000000
45606  24.869  -38.963  50.393 0.0000000000
44554  24.526  -39.531  51.325 0.0000000000
43554  24.214  -40.207  52.489 0.0000000000
43555  23.388  -40.569  52.287 0.0000000000
42475  22.666  -41.113  52.731 0.0000000000
43542  21.584  -41.040  52.971 0.0000000000
43590  21.235  -40.345  50.146 0.0000000000
43572  20.768  -40.504  51.333 0.0000000000
43543  20.687  -41.018  53.235 0.0000000000
43544  19.799  -40.921  53.072 0.0000000000
42461  18.224  -41.584  53.497 0.0000000000
42462  16.920  -42.105  53.522 0.0000000000
41269  16.624  -42.434  54.433 0.0000000000
41271  15.036  -42.284  53.845 0.0000000000
50897  34.151  -33.108  42.100 0.0000000000
50879  33.937  -33.081  43.185 0.0000000000
50860  33.762  -33.104  44.222 0.0000000000
52130  31.456  -32.329  43.730 0.0000000000
52110  32.224  -32.689  45.067 0.0000000000
50824  33.429  -32.883  45.687 0.0000000000
52071  32.891  -32.982  47.016 0.0000000000
50762  32.163  -33.259  48.159 0.0000000000
50722  32.100  -33.344  50.377 0.0000000000
52018  30.255  -33.106  49.312 0.0000000000
50723  31.005  -33.365  50.281 0.0000000000
50706  31.444  -33.561  51.332 0.0000000000
50674  31.289  -33.791  53.052 0.0000000000
49617  31.183  -34.405  54.815 0.0000000000
42400  18.072  -42.282  57.917 0.0000000000
41187  19.330  -41.997  59.574 0.0000000000
83469  60.086  -4.469  24.228 0.0000000000
79442  56.715  -8.717  23.484 0.0000000000
80500  57.621  -7.909  25.652 0.0000000000
81540  58.714  -6.154  26.888 0.0000000000
79401  57.587  -8.060  27.752 0.0000000000
80466  58.657  -6.899  27.733 0.0000000000
81518  59.852  -6.631  27.475 0.0000000000
76117  47.359  -12.147  24.302 0.0000000000
76105  48.906  -11.996  25.708 0.0000000000
75022  47.517  -12.383  26.868 0.0000000000
75021  48.569  -12.183  26.796 0.0000000000
75019  50.205  -11.979  27.097 0.0000000000
74999  51.737  -12.194  27.789 0.0000000000
74960  53.112  -12.159  28.856 0.0000000000
76027  54.517  -11.422  30.667 0.0000000000
72895  47.523  -13.877  30.523 0.0000000000
74936  49.075  -12.992  30.702 0.0000000000
74934  50.015  -12.827  31.118 0.0000000000
73866  51.480  -13.976  32.949 0.0000000000
73882  51.305  -13.468  32.514 0.0000000000
74933  51.096  -12.618  31.123 0.0000000000
74931  53.126  -11.903  31.473 0.0000000000
76019  53.751  -11.608  31.406 0.0000000000
67330  38.922  -19.161  32.983 0.0000000000
68310  40.152  -18.693  33.405 0.0000000000
68279  39.521  -18.650  35.709 0.0000000000
68278  40.840  -18.419  35.611 0.0000000000
68277  41.672  -18.340  34.694 0.0000000000
69435  42.569  -18.070  36.641 0.0000000000
69419  43.499  -17.942  37.764 0.0000000000
69404  44.408  -17.717  38.767 0.0000000000
54501  41.065  -30.158  38.757 0.0000000000
59382  41.193  -26.542  37.122 0.0000000000
59381  41.855  -25.948  37.426 0.0000000000
60481  42.983  -25.526  38.120 0.0000000000
53299  47.350  -32.010  43.770 0.0000000000
53317  46.894  -31.481  42.261 0.0000000000
54438  47.205  -30.451  41.512 0.0000000000
55613  47.686  -29.450  41.332 0.0000000000
56935  46.189  -28.477  40.948 0.0000000000
59340  45.031  -27.056  39.961 0.0000000000
60466  44.410  -25.934  39.111 0.0000000000
61563  43.426  -24.408  38.176 0.0000000000
62678  43.989  -23.427  38.268 0.0000000000
63887  44.388  -22.404  38.403 0.0000000000
65073  44.668  -21.217  38.611 0.0000000000
62639  46.878  -23.517  41.752 0.0000000000
65061  45.253  -21.397  39.366 0.0000000000
66216  44.514  -20.186  38.583 0.0000000000
67251  44.311  -19.017  38.945 0.0000000000
86609  54.993  -1.346  16.126 0.0000000000
85555  55.956  -2.760  15.536 0.0000000000
84527  56.565  -3.398  15.710 0.0000000000
84512  58.004  -3.809  16.057 0.0000000000
84498  59.502  -3.088  17.687 0.0000000000
82571  58.849  -4.959  18.507 0.0000000000
83510  59.183  -4.059  18.417 0.0000000000
84489  59.586  -2.883  18.935 0.0000000000
85514  60.007  -2.408  20.413 0.0000000000
49601  31.072  -34.666  56.938 0.0000000000
49600  31.910  -34.348  56.757 0.0000000000
70573  45.510  -17.325  37.920 0.0000000000
70550  46.000  -17.225  38.598 0.0000000000
50841  35.292  -33.374  44.741 0.0000000000
50822  34.990  -33.427  45.746 0.0000000000
48716  28.400  -35.518  46.749 0.0000000000
49682  28.488  -34.449  46.991 0.0000000000
43538  25.104  -40.036  53.784 0.0000000000
79460  57.514  -8.350  22.193 0.0000000000
79461  56.843  -8.595  21.926 0.0000000000
77081  55.904  -10.628  30.253 0.0000000000
77080  56.486  -9.996  30.612 0.0000000000
73926  44.844  -13.914  28.792 0.0000000000
62712  41.769  -23.384  36.351 0.0000000000
63921  40.779  -22.636  35.481 0.0000000000
63914  42.050  -22.380  36.332 0.0000000000
62697  42.346  -23.277  36.759 0.0000000000
53270  45.124  -31.723  45.356 0.0000000000
53284  45.521  -31.781  44.485 0.0000000000
79463  55.249  -8.770  21.466 0.0000000000
79473  56.004  -8.462  20.855 0.0000000000
79472  56.857  -8.395  21.149 0.0000000000
87785  56.280  -1.136  13.964 0.0000000000
50721  33.187  -33.473  50.486 0.0000000000
42439  21.585  -41.431  54.438 0.0000000000
42438  22.220  -41.702  54.353 0.0000000000
77174  51.192  -10.352  21.370 0.0000000000
78314  51.651  -10.293  21.970 0.0000000000
76113  51.139  -11.327  25.102 0.0000000000
76084  50.966  -11.807  26.585 0.0000000000
71793  46.205  -15.934  33.022 0.0000000000
70632  46.312  -16.316  33.916 0.0000000000
40022  14.255  -43.495  56.955 0.0000000000
70720  40.673  -16.784  28.195 0.0000000000
69545  40.843  -17.303  28.736 0.0000000000
69544  41.511  -17.291  28.993 0.0000000000
68309  41.078  -18.389  33.029 0.0000000000
68308  41.985  -18.350  32.663 0.0000000000
50717  37.895  -33.346  50.899 0.0000000000
47583  29.465  -35.930  53.917 0.0000000000
46621  27.089  -37.818  51.440 0.0000000000
46622  26.457  -38.135  51.034 0.0000000000
44600  22.666  -39.245  48.773 0.0000000000
45632  23.352  -38.873  48.479 0.0000000000
44583  23.014  -39.380  49.414 0.0000000000
44570  22.530  -39.861  50.171 0.0000000000
53273  29.428  -31.583  45.315 0.0000000000
54374  29.660  -31.442  44.587 0.0000000000
53259  30.310  -31.798  46.150 0.0000000000
53244  30.493  -32.173  46.929 0.0000000000
48646  29.273  -35.015  51.175 0.0000000000
49645  29.733  -34.404  51.324 0.0000000000
47558  27.266  -37.028  56.716 0.0000000000
41178  17.099  -42.926  60.920 0.0000000000
41189  17.745  -42.479  60.000 0.0000000000
83483  59.521  -3.993  22.708 0.0000000000
84462  59.888  -3.710  22.859 0.0000000000
83458  59.513  -5.389  26.296 0.0000000000
82521  59.783  -5.299  25.953 0.0000000000
82513  59.822  -5.522  26.422 0.0000000000
81539  60.381  -6.627  26.376 0.0000000000
82501  60.079  -6.031  26.939 0.0000000000
78281  55.897  -9.118  25.469 0.0000000000
74965  48.798  -12.293  29.676 0.0000000000
74984  49.231  -12.196  28.803 0.0000000000
74963  50.745  -12.436  29.489 0.0000000000
72856  50.042  -14.574  33.382 0.0000000000
68281  37.699  -19.183  35.448 0.0000000000
67276  42.477  -19.628  37.234 0.0000000000
67262  42.570  -19.031  38.299 0.0000000000
67267  43.598  -19.689  38.103 0.0000000000
53370  39.743  -31.457  39.409 0.0000000000
53386  39.595  -31.241  38.825 0.0000000000
53369  40.319  -31.257  39.635 0.0000000000
54459  44.731  -30.124  40.469 0.0000000000
55639  43.703  -29.766  39.727 0.0000000000
55638  44.307  -29.348  39.769 0.0000000000
55662  43.851  -28.558  39.447 0.0000000000
58138  47.807  -26.802  42.047 0.0000000000
60443  46.406  -25.555  41.150 0.0000000000
61533  46.203  -24.602  40.657 0.0000000000
60426  46.995  -25.510  41.742 0.0000000000
82586  54.678  -4.923  17.713 0.0000000000
82585  55.611  -5.122  17.554 0.0000000000
83524  55.121  -4.288  17.119 0.0000000000
82584  56.604  -5.246  17.584 0.0000000000
83522  57.136  -4.851  17.093 0.0000000000
82548  59.201  -5.029  21.739 0.0000000000
83497  59.277  -4.606  20.938 0.0000000000
84469  59.833  -3.239  21.974 0.0000000000
88970  60.701  0.293  13.150 0.0000000000
87800  61.044  0.023  13.839 0.0000000000
87799  61.362  -0.689  14.432 0.0000000000
85541  59.836  -2.114  16.939 0.0000000000
86594  60.573  -1.481  18.127 0.0000000000
86584  60.844  -1.600  18.742 0.0000000000
42441  19.887  -41.289  54.591 0.0000000000
42410  19.031  -41.785  56.913 0.0000000000
42409  20.063  -41.525  56.622 0.0000000000
76130  48.170  -11.892  23.691 0.0000000000
76129  49.075  -11.805  23.944 0.0000000000
41202  11.868  -42.963  58.335 0.0000000000
41170  11.586  -43.197  60.621 0.0000000000
50896  35.010  -32.978  42.030 0.0000000000
50895  35.902  -33.073  41.770 0.0000000000
50838  38.314  -33.550  44.409 0.0000000000
50819  37.890  -33.567  45.417 0.0000000000
48661  28.940  -35.269  49.920 0.0000000000
47690  28.339  -36.736  48.061 0.0000000000
46660  28.049  -37.448  48.785 0.0000000000
52092  28.593  -32.319  45.447 0.0000000000
53274  28.896  -31.785  45.346 0.0000000000
52074  28.825  -32.376  46.219 0.0000000000
52057  28.446  -32.938  46.775 0.0000000000
49681  28.733  -34.400  47.792 0.0000000000
49670  28.861  -34.470  48.578 0.0000000000
45545  25.742  -38.825  55.839 0.0000000000
81584  59.124  -6.337  22.559 0.0000000000
80511  58.213  -7.935  23.311 0.0000000000
80499  58.214  -7.387  25.337 0.0000000000
78259  56.047  -9.715  27.375 0.0000000000
77095  56.146  -10.204  28.544 0.0000000000
75006  44.890  -12.704  27.471 0.0000000000
74968  46.294  -12.965  29.088 0.0000000000
74987  46.107  -12.677  28.578 0.0000000000
74967  46.917  -12.810  29.147 0.0000000000
74966  47.920  -12.759  29.455 0.0000000000
74949  48.247  -12.959  29.877 0.0000000000
66249  38.559  -20.246  35.619 0.0000000000
66248  39.390  -20.287  35.648 0.0000000000
66235  38.867  -19.948  36.157 0.0000000000
65096  42.292  -21.308  36.348 0.0000000000
66231  42.416  -20.284  36.676 0.0000000000
53322  42.039  -32.226  42.265 0.0000000000
53342  42.245  -31.764  41.406 0.0000000000
53321  42.906  -31.965  42.193 0.0000000000
53339  45.147  -31.332  41.532 0.0000000000
53338  46.026  -31.012  41.670 0.0000000000
80549  53.432  -7.282  19.411 0.0000000000
81608  53.028  -6.551  18.857 0.0000000000
80547  55.390  -7.212  19.558 0.0000000000
81621  55.550  -6.152  18.505 0.0000000000
81605  56.010  -6.692  19.060 0.0000000000
80534  58.579  -7.155  21.083 0.0000000000
81591  59.068  -6.145  21.571 0.0000000000
86644  58.020  -1.140  13.610 0.0000000000
86643  59.109  -0.756  13.744 0.0000000000
86628  59.975  -0.691  14.764 0.0000000000
85552  58.385  -2.616  15.076 0.0000000000
84524  58.788  -2.865  15.548 0.0000000000
50782  34.367  -33.166  47.716 0.0000000000
50720  34.304  -33.556  50.563 0.0000000000
50739  35.121  -33.494  49.557 0.0000000000
50719  35.458  -33.512  50.644 0.0000000000
50718  36.658  -33.545  50.761 0.0000000000
42437  23.755  -41.681  53.807 0.0000000000
42436  24.491  -41.756  54.135 0.0000000000
41235  22.938  -42.448  55.150 0.0000000000
41234  23.783  -42.715  55.476 0.0000000000
41217  24.406  -43.476  56.429 0.0000000000
41218  23.812  -42.969  56.585 0.0000000000
42407  21.774  -41.764  56.056 0.0000000000
78324  53.768  -9.085  21.337 0.0000000000
78311  54.742  -9.077  22.255 0.0000000000
78293  53.168  -10.103  24.240 0.0000000000
77163  49.952  -11.263  22.630 0.0000000000
77162  51.277  -10.620  22.468 0.0000000000
77150  50.829  -10.927  23.426 0.0000000000
77126  52.363  -10.788  25.437 0.0000000000
77138  52.113  -10.545  24.587 0.0000000000
77125  53.199  -10.612  25.617 0.0000000000
77136  53.712  -10.268  25.273 0.0000000000
77124  53.910  -10.515  25.892 0.0000000000
77113  53.406  -10.940  26.263 0.0000000000
76063  52.988  -11.839  27.266 0.0000000000
76080  54.052  -11.242  27.319 0.0000000000
76062  53.572  -11.727  27.671 0.0000000000
76052  53.743  -11.954  28.465 0.0000000000
71829  44.907  -15.656  30.624 0.0000000000
72884  45.868  -15.290  31.122 0.0000000000
71828  45.488  -15.492  31.015 0.0000000000
71803  47.046  -15.343  33.046 0.0000000000
72859  47.449  -15.259  33.023 0.0000000000
72845  48.631  -15.265  33.750 0.0000000000
70590  47.287  -16.364  35.867 0.0000000000
71762  47.207  -15.972  34.844 0.0000000000
71760  48.661  -15.768  35.497 0.0000000000
71759  49.555  -15.558  35.718 0.0000000000
72817  50.960  -15.203  36.553 0.0000000000
61597  40.198  -24.532  35.814 0.0000000000
62714  40.609  -24.102  35.817 0.0000000000
61589  40.775  -24.577  36.145 0.0000000000
79487  50.783  -8.135  19.282 0.0000000000
78339  52.812  -9.177  20.706 0.0000000000
41254  15.960  -42.663  54.922 0.0000000000
41237  16.129  -42.777  55.727 0.0000000000
41222  15.549  -43.102  56.415 0.0000000000
40008  15.294  -43.486  58.056 0.0000000000
41211  15.712  -43.163  57.150 0.0000000000
39993  15.913  -43.302  59.504 0.0000000000
39996  13.540  -43.513  58.712 0.0000000000
72934  43.282  -13.930  27.686 0.0000000000
72935  42.484  -14.565  27.558 0.0000000000
71853  42.282  -15.960  28.211 0.0000000000
71867  41.572  -15.722  27.618 0.0000000000
71852  42.897  -15.594  28.633 0.0000000000
71841  43.953  -15.685  29.522 0.0000000000
71842  43.247  -15.865  29.216 0.0000000000
70693  43.589  -16.539  30.417 0.0000000000
69518  43.261  -17.298  31.163 0.0000000000
70682  43.891  -17.058  31.562 0.0000000000
68364  40.799  -18.223  30.207 0.0000000000
68363  41.438  -18.038  30.387 0.0000000000
68350  41.597  -18.249  30.994 0.0000000000
69498  42.720  -17.964  32.295 0.0000000000
69497  43.527  -17.656  32.764 0.0000000000
69496  44.087  -17.492  33.426 0.0000000000
69480  44.095  -17.574  34.293 0.0000000000
69464  44.057  -17.534  35.218 0.0000000000
69448  44.908  -17.488  36.653 0.0000000000
52190  38.034  -32.538  39.655 0.0000000000
53371  38.735  -32.143  39.588 0.0000000000
52177  38.387  -32.632  40.321 0.0000000000
50876  36.782  -33.270  42.552 0.0000000000
50873  39.573  -33.001  42.576 0.0000000000
52144  39.593  -32.851  42.046 0.0000000000
52161  39.977  -32.517  41.595 0.0000000000
52143  40.310  -32.764  42.184 0.0000000000
52142  41.042  -32.607  42.284 0.0000000000
52125  41.345  -32.889  43.002 0.0000000000
50834  42.398  -33.076  44.763 0.0000000000
52106  42.442  -32.799  44.131 0.0000000000
52086  43.765  -32.422  45.335 0.0000000000
52104  44.102  -32.228  44.674 0.0000000000
50781  35.346  -33.287  47.558 0.0000000000
50779  37.781  -33.532  47.464 0.0000000000
50778  38.951  -33.726  47.554 0.0000000000
52032  42.049  -32.643  49.265 0.0000000000
50734  41.104  -33.011  49.418 0.0000000000
50753  41.824  -33.234  48.676 0.0000000000
50775  42.234  -33.418  47.759 0.0000000000
50752  42.567  -33.115  48.226 0.0000000000
52049  43.938  -32.069  47.655 0.0000000000
54368  45.381  -31.067  47.369 0.0000000000
48604  29.719  -35.465  55.894 0.0000000000
47569  28.372  -36.353  55.368 0.0000000000
47557  27.951  -36.295  56.418 0.0000000000
47585  27.927  -36.744  54.599 0.0000000000
47620  28.774  -36.722  52.606 0.0000000000
46619  28.389  -37.008  52.135 0.0000000000
46608  26.852  -37.714  52.531 0.0000000000
46607  27.870  -37.094  52.904 0.0000000000
46573  27.228  -37.250  54.747 0.0000000000
46593  26.206  -37.893  54.404 0.0000000000
45568  26.301  -37.976  53.674 0.0000000000
46693  26.430  -37.627  46.456 0.0000000000
46695  24.272  -38.000  46.325 0.0000000000
45650  23.997  -38.365  47.535 0.0000000000
44544  24.138  -39.953  51.939 0.0000000000
43540  23.917  -40.651  52.924 0.0000000000
43556  22.271  -40.899  52.288 0.0000000000
43541  22.015  -41.056  52.882 0.0000000000
43557  21.244  -40.726  52.237 0.0000000000
43605  20.939  -40.137  49.448 0.0000000000
43558  20.259  -40.549  52.330 0.0000000000
43559  19.337  -40.742  52.306 0.0000000000
42478  16.527  -41.688  52.566 0.0000000000
42463  15.858  -41.933  53.276 0.0000000000
41270  15.936  -42.388  54.087 0.0000000000
52166  33.163  -32.991  42.377 0.0000000000
52146  33.050  -32.914  43.579 0.0000000000
53305  30.882  -31.728  43.424 0.0000000000
52091  31.458  -32.576  45.640 0.0000000000
52111  31.459  -32.408  44.736 0.0000000000
52109  32.946  -32.816  45.427 0.0000000000
52089  33.057  -32.824  46.202 0.0000000000
52072  32.212  -32.977  46.656 0.0000000000
52034  31.189  -32.916  48.041 0.0000000000
52033  31.784  -33.143  47.744 0.0000000000
52016  31.559  -33.166  48.397 0.0000000000
50742  31.813  -33.275  49.197 0.0000000000
50708  30.241  -33.927  51.348 0.0000000000
52001  30.305  -33.296  50.042 0.0000000000
50707  30.736  -33.668  51.301 0.0000000000
50691  31.066  -33.743  52.147 0.0000000000
48612  30.654  -34.729  54.794 0.0000000000
49618  30.714  -34.578  54.268 0.0000000000
49609  31.016  -34.500  56.026 0.0000000000
48584  29.471  -35.602  58.055 0.0000000000
42411  18.088  -42.151  57.281 0.0000000000
41188  18.843  -42.172  60.052 0.0000000000
41198  19.041  -42.101  59.288 0.0000000000
42381  19.773  -41.943  59.996 0.0000000000
42372  19.833  -42.050  60.622 0.0000000000
83477  59.751  -4.280  23.581 0.0000000000
83470  59.581  -4.784  24.868 0.0000000000
81563  60.565  -6.146  24.738 0.0000000000
78300  55.522  -9.060  23.124 0.0000000000
79420  57.212  -8.312  25.989 0.0000000000
79430  57.507  -8.234  25.099 0.0000000000
80490  57.684  -7.686  26.247 0.0000000000
80489  58.296  -6.957  26.491 0.0000000000
80479  58.357  -6.962  27.271 0.0000000000
79393  57.421  -8.574  28.327 0.0000000000
79392  58.049  -8.161  28.577 0.0000000000
80456  58.507  -7.478  28.286 0.0000000000
80455  59.098  -7.302  28.356 0.0000000000
81500  59.497  -6.941  27.876 0.0000000000
81499  59.720  -7.034  27.822 0.0000000000
80464  60.200  -7.468  27.457 0.0000000000
75052  46.408  -12.352  24.799 0.0000000000
75051  47.256  -12.360  25.199 0.0000000000
76116  48.258  -12.121  24.865 0.0000000000
75023  46.589  -12.516  26.806 0.0000000000
75020  49.461  -12.041  27.042 0.0000000000
75000  50.796  -12.130  27.659 0.0000000000
74944  52.320  -12.257  29.933 0.0000000000
74961  52.467  -12.257  29.105 0.0000000000
76042  52.917  -12.144  29.512 0.0000000000
76041  53.664  -12.035  29.434 0.0000000000
76028  53.764  -11.780  30.405 0.0000000000
72896  46.852  -14.110  30.366 0.0000000000
73884  49.208  -13.794  31.628 0.0000000000
73900  49.495  -13.158  31.192 0.0000000000
73899  49.953  -13.066  31.491 0.0000000000
73881  52.574  -13.067  32.681 0.0000000000
74921  51.896  -12.765  31.899 0.0000000000
74932  52.381  -12.167  31.078 0.0000000000
74920  53.265  -12.110  32.348 0.0000000000
68312  38.128  -18.920  33.763 0.0000000000
67316  38.691  -19.049  33.298 0.0000000000
67329  39.194  -19.079  33.084 0.0000000000
68293  39.906  -18.670  34.599 0.0000000000
67279  39.777  -19.408  36.590 0.0000000000
68267  39.143  -18.936  36.366 0.0000000000
68266  40.259  -18.857  36.530 0.0000000000
69452  41.483  -18.359  36.213 0.0000000000
69451  42.197  -18.194  35.630 0.0000000000
69436  41.866  -18.323  36.690 0.0000000000
68248  42.858  -18.519  38.547 0.0000000000
69406  42.932  -18.115  38.171 0.0000000000
69405  43.615  -17.996  38.589 0.0000000000
54462  41.710  -30.892  40.130 0.0000000000
54483  41.841  -30.182  39.372 0.0000000000
55680  41.906  -28.887  38.509 0.0000000000
55681  41.478  -29.370  38.538 0.0000000000
57002  41.530  -28.493  38.100 0.0000000000
58213  41.261  -27.750  37.667 0.0000000000
58206  41.976  -27.628  38.103 0.0000000000
58204  43.128  -27.192  38.780 0.0000000000
59373  42.236  -26.518  37.947 0.0000000000
60489  42.360  -25.306  37.464 0.0000000000
52103  47.749  -32.080  45.254 0.0000000000
52122  47.575  -32.078  44.611 0.0000000000
52121  48.128  -32.199  44.426 0.0000000000
53315  49.066  -31.506  42.755 0.0000000000
53316  48.070  -31.604  42.634 0.0000000000
54417  47.802  -30.999  41.985 0.0000000000
54437  48.165  -30.298  41.620 0.0000000000
58150  48.151  -27.780  41.745 0.0000000000
56933  48.120  -28.475  41.448 0.0000000000
56934  47.172  -28.452  41.191 0.0000000000
56958  45.579  -28.158  40.556 0.0000000000
58169  45.876  -27.452  40.662 0.0000000000
60465  44.820  -25.499  39.508 0.0000000000
59359  45.123  -26.058  39.738 0.0000000000
60479  44.392  -25.185  39.044 0.0000000000
60480  43.802  -25.551  38.667 0.0000000000
61562  44.114  -24.423  38.756 0.0000000000
62679  43.480  -23.341  37.639 0.0000000000
62662  44.494  -23.479  38.953 0.0000000000
65074  44.092  -21.344  37.955 0.0000000000
62638  47.341  -23.828  42.370 0.0000000000
62629  47.135  -23.084  42.344 0.0000000000
63851  46.478  -22.510  41.267 0.0000000000
65060  45.660  -21.438  40.173 0.0000000000
66210  44.937  -20.357  39.065 0.0000000000
67259  44.591  -19.646  38.845 0.0000000000
82577  53.129  -5.102  18.432 0.0000000000
84515  55.455  -3.339  16.315 0.0000000000
85542  55.166  -2.313  16.065 0.0000000000
84528  56.042  -3.365  15.892 0.0000000000
83537  58.416  -4.222  16.609 0.0000000000
83520  58.960  -4.183  17.280 0.0000000000
81618  58.187  -5.849  18.855 0.0000000000
82564  58.680  -5.464  19.012 0.0000000000
82563  59.102  -4.644  19.196 0.0000000000
83503  59.317  -3.733  19.484 0.0000000000
85520  60.031  -2.224  19.433 0.0000000000
85508  60.554  -2.618  20.754 0.0000000000
88984  58.322  0.731  12.284 0.0000000000
88983  59.406  0.835  12.329 0.0000000000
86619  60.818  -0.506  15.755 0.0000000000
50637  32.010  -33.979  56.284 0.0000000000
50858  35.568  -33.214  43.752 0.0000000000
48694  28.812  -35.251  48.266 0.0000000000
47708  28.358  -36.294  47.436 0.0000000000
47724  27.970  -36.665  46.602 0.0000000000
50807  28.324  -33.647  46.472 0.0000000000
44522  25.539  -39.243  55.098 0.0000000000
43518  26.081  -40.747  55.743 0.0000000000
80527  58.082  -7.868  21.651 0.0000000000
80519  58.178  -7.903  22.505 0.0000000000
77086  56.420  -10.093  29.578 0.0000000000
73940  44.565  -13.436  28.246 0.0000000000
73925  45.587  -13.490  28.960 0.0000000000
73924  46.697  -13.361  29.480 0.0000000000
65106  40.415  -21.538  35.124 0.0000000000
65105  41.032  -21.503  35.537 0.0000000000
63904  42.709  -22.344  36.661 0.0000000000
53286  43.924  -32.046  43.942 0.0000000000
53302  44.220  -31.861  43.276 0.0000000000
53301  45.153  -31.991  43.372 0.0000000000
80539  54.007  -7.697  19.849 0.0000000000
80538  54.768  -7.789  20.009 0.0000000000
80536  56.714  -7.835  20.441 0.0000000000
86645  57.270  -1.336  13.752 0.0000000000
86630  57.830  -1.648  14.135 0.0000000000
85563  57.620  -2.281  14.556 0.0000000000
85553  57.526  -2.820  15.136 0.0000000000
50760  33.755  -33.328  48.579 0.0000000000
50703  34.607  -33.535  51.675 0.0000000000
41268  22.694  -41.720  53.774 0.0000000000
41267  23.217  -41.895  53.861 0.0000000000
42422  22.390  -42.082  54.939 0.0000000000
42387  21.537  -41.826  58.048 0.0000000000
42386  22.233  -42.182  57.604 0.0000000000
78313  52.189  -9.962  22.470 0.0000000000
78303  52.182  -10.033  23.143 0.0000000000
77140  50.504  -11.230  24.017 0.0000000000
77127  51.684  -10.969  25.052 0.0000000000
76101  52.265  -11.192  26.070 0.0000000000
76064  52.257  -11.935  27.148 0.0000000000
70680  45.223  -16.025  31.581 0.0000000000
71816  45.721  -15.641  31.641 0.0000000000
71805  45.948  -15.860  32.456 0.0000000000
71791  47.411  -15.532  33.575 0.0000000000
78340  51.723  -9.684  20.716 0.0000000000
40034  14.872  -43.341  56.408 0.0000000000
70738  41.145  -16.409  27.923 0.0000000000
70707  42.635  -16.536  29.379 0.0000000000
70708  42.027  -17.075  28.989 0.0000000000
69532  42.471  -17.260  29.955 0.0000000000
52179  36.810  -32.827  39.861 0.0000000000
50855  38.656  -33.388  43.376 0.0000000000
50854  39.797  -33.142  43.251 0.0000000000
50853  40.509  -33.102  43.487 0.0000000000
52107  41.565  -32.993  43.773 0.0000000000
50815  42.315  -33.273  45.394 0.0000000000
50757  37.039  -33.509  48.520 0.0000000000
51995  42.029  -32.059  50.363 0.0000000000
53234  43.413  -31.962  48.792 0.0000000000
48613  30.173  -35.190  54.524 0.0000000000
47600  28.927  -36.564  53.451 0.0000000000
46633  27.892  -37.584  50.875 0.0000000000
45580  26.361  -38.022  53.315 0.0000000000
46694  25.363  -37.942  46.310 0.0000000000
45651  23.032  -38.455  47.575 0.0000000000
45607  24.224  -39.243  49.998 0.0000000000
44556  22.909  -40.003  50.902 0.0000000000
43574  18.755  -40.765  51.459 0.0000000000
53288  30.336  -31.527  44.098 0.0000000000
53271  30.780  -32.136  45.396 0.0000000000
52073  31.509  -32.717  46.434 0.0000000000
53243  31.059  -32.446  46.890 0.0000000000
50744  29.425  -33.851  49.679 0.0000000000
52019  29.848  -33.391  49.813 0.0000000000
50725  29.809  -33.764  50.540 0.0000000000
49638  30.830  -34.097  52.766 0.0000000000
41200  17.467  -42.541  59.003 0.0000000000
83471  59.300  -5.112  25.624 0.0000000000
83463  59.661  -5.068  25.631 0.0000000000
81553  60.476  -6.400  25.642 0.0000000000
80488  60.554  -7.361  25.729 0.0000000000
79432  55.771  -9.089  24.565 0.0000000000
79431  56.585  -8.746  24.511 0.0000000000
79422  55.972  -8.982  25.065 0.0000000000
79412  57.293  -8.186  26.887 0.0000000000
79384  58.525  -8.371  29.175 0.0000000000
75042  46.458  -12.528  25.844 0.0000000000
75003  47.839  -12.284  27.836 0.0000000000
74983  50.223  -12.256  28.682 0.0000000000
74982  51.202  -12.339  28.568 0.0000000000
72870  48.500  -14.395  32.097 0.0000000000
72869  49.587  -14.196  32.478 0.0000000000
67270  41.360  -19.057  37.441 0.0000000000
68257  41.866  -18.629  37.430 0.0000000000
68249  42.387  -18.727  38.045 0.0000000000
68240  43.297  -18.704  38.840 0.0000000000
54482  42.853  -29.966  39.607 0.0000000000
54481  43.399  -29.887  39.691 0.0000000000
58192  43.154  -27.894  38.948 0.0000000000
56985  43.815  -27.935  39.427 0.0000000000
58190  44.090  -27.367  39.580 0.0000000000
52120  49.024  -32.240  44.327 0.0000000000
53297  49.558  -31.913  43.507 0.0000000000
53314  49.938  -31.462  42.853 0.0000000000
54415  49.547  -30.701  42.327 0.0000000000
59338  46.196  -26.509  40.819 0.0000000000
61546  45.035  -24.763  39.755 0.0000000000
61534  45.643  -24.651  40.018 0.0000000000
62649  45.871  -23.595  40.223 0.0000000000
81622  54.551  -5.966  18.585 0.0000000000
82576  54.108  -5.171  18.227 0.0000000000
83540  55.829  -4.111  16.609 0.0000000000
83539  56.699  -4.342  16.565 0.0000000000
82557  59.089  -5.152  20.039 0.0000000000
83496  59.395  -3.901  20.453 0.0000000000
84477  59.704  -2.951  21.065 0.0000000000
87819  59.670  0.394  12.953 0.0000000000
86607  61.032  -0.843  16.916 0.0000000000
86592  61.306  -1.481  17.733 0.0000000000
50689  32.649  -33.446  52.525 0.0000000000
42459  20.814  -41.211  53.870 0.0000000000
42440  20.814  -41.296  54.518 0.0000000000
42408  20.973  -41.656  56.338 0.0000000000
42379  21.557  -41.947  59.119 0.0000000000
42370  21.297  -41.981  59.939 0.0000000000
76142  49.627  -11.527  23.405 0.0000000000
76128  49.887  -11.566  24.055 0.0000000000
40011  12.694  -43.142  57.554 0.0000000000
39997  12.718  -43.287  58.524 0.0000000000
39984  12.805  -43.228  59.515 0.0000000000
39971  12.750  -43.233  60.380 0.0000000000
50857  36.549  -33.289  43.586 0.0000000000
50856  37.580  -33.413  43.462 0.0000000000
47638  29.350  -35.792  51.429 0.0000000000
47656  29.225  -35.504  50.958 0.0000000000
47657  29.157  -36.135  50.676 0.0000000000
46646  28.618  -37.067  50.281 0.0000000000
47689  28.781  -36.350  48.659 0.0000000000
46647  27.945  -37.599  49.898 0.0000000000
44601  21.959  -39.356  48.429 0.0000000000
54376  28.757  -31.513  44.655 0.0000000000
53261  29.216  -31.892  45.898 0.0000000000
53245  29.754  -32.117  46.818 0.0000000000
52037  29.040  -33.458  48.250 0.0000000000
50786  28.775  -33.727  48.056 0.0000000000
50764  28.994  -33.896  48.796 0.0000000000
49662  29.152  -34.291  49.757 0.0000000000
49654  29.004  -34.672  50.027 0.0000000000
81583  59.194  -5.452  23.024 0.0000000000
81575  59.197  -5.419  23.888 0.0000000000
81564  59.118  -5.401  24.298 0.0000000000
82529  58.991  -5.180  25.297 0.0000000000
82522  58.960  -5.336  26.145 0.0000000000
78273  55.034  -10.011  26.419 0.0000000000
75025  44.741  -12.511  26.455 0.0000000000
75005  45.864  -12.578  27.613 0.0000000000
74947  49.412  -12.501  30.374 0.0000000000
67280  38.919  -19.499  36.430 0.0000000000
66246  41.085  -20.602  35.837 0.0000000000
66222  43.750  -20.311  37.581 0.0000000000
53358  41.542  -31.432  40.720 0.0000000000
53357  42.389  -31.180  40.692 0.0000000000
53320  43.787  -31.805  42.274 0.0000000000
54442  43.927  -30.993  41.024 0.0000000000
54441  44.531  -30.814  40.948 0.0000000000
54458  45.128  -30.023  40.626 0.0000000000
82573  57.097  -5.628  18.163 0.0000000000
80545  57.453  -7.200  19.952 0.0000000000
81597  58.765  -6.224  20.562 0.0000000000
88985  57.154  0.799  12.432 0.0000000000
87821  57.678  0.042  12.716 0.0000000000
87802  59.364  -0.158  13.312 0.0000000000
87783  61.167  -0.183  15.116 0.0000000000
50823  34.006  -32.936  46.011 0.0000000000
50804  34.728  -33.272  46.755 0.0000000000
50688  33.753  -33.513  52.686 0.0000000000
50687  34.929  -33.511  52.856 0.0000000000
48747  27.791  -35.474  45.306 0.0000000000
41251  23.653  -42.276  54.454 0.0000000000
42406  22.397  -42.080  55.697 0.0000000000
41207  22.848  -42.723  57.105 0.0000000000
79453  55.569  -8.887  22.084 0.0000000000
78291  55.111  -9.258  24.125 0.0000000000
78283  54.375  -10.029  25.574 0.0000000000
77148  52.628  -10.237  24.151 0.0000000000
77111  54.912  -10.596  27.101 0.0000000000
77097  54.577  -10.984  27.388 0.0000000000
76081  53.513  -11.340  26.936 0.0000000000
76060  54.761  -11.337  28.423 0.0000000000
76050  55.048  -11.381  28.977 0.0000000000
76039  55.206  -11.220  29.951 0.0000000000
71815  46.297  -15.457  32.066 0.0000000000
72871  47.284  -14.948  32.376 0.0000000000
71780  46.943  -15.905  34.218 0.0000000000
71779  47.647  -15.726  34.378 0.0000000000
71778  48.497  -15.590  34.530 0.0000000000
72829  49.853  -15.317  34.879 0.0000000000
62729  40.493  -23.558  35.415 0.0000000000
62713  41.034  -23.581  35.889 0.0000000000
53254  46.690  -31.010  46.784 0.0000000000
53268  46.501  -31.378  45.839 0.0000000000
52084  48.017  -32.041  45.918 0.0000000000
80550  52.415  -7.306  19.103 0.0000000000
79485  52.748  -8.067  19.550 0.0000000000
79476  53.102  -8.587  20.171 0.0000000000
79475  54.009  -8.417  20.440 0.0000000000
79464  54.534  -8.745  21.099 0.0000000000
87786  55.721  -0.971  14.513 0.0000000000
87772  55.286  -0.875  15.640 0.0000000000
41236  17.036  -42.546  55.802 0.0000000000
41210  16.348  -42.937  57.692 0.0000000000
41201  16.633  -42.947  58.760 0.0000000000
39967  16.241  -43.221  61.008 0.0000000000
73951  43.725  -13.315  27.513 0.0000000000
73941  43.815  -13.800  27.967 0.0000000000
72923  42.939  -15.055  28.105 0.0000000000
72909  44.044  -15.138  28.946 0.0000000000
71830  44.295  -15.906  30.216 0.0000000000
70692  44.384  -16.146  30.625 0.0000000000
69534  41.014  -17.692  29.478 0.0000000000
69520  41.987  -17.773  30.327 0.0000000000
68349  42.124  -18.028  31.289 0.0000000000
69507  42.637  -17.764  31.426 0.0000000000
70669  43.810  -17.320  32.185 0.0000000000
70613  44.631  -17.394  35.447 0.0000000000
69432  44.945  -17.516  37.439 0.0000000000
69417  44.974  -17.497  37.984 0.0000000000
53388  38.055  -31.985  38.794 0.0000000000
53360  39.494  -32.052  40.539 0.0000000000
52165  37.136  -32.952  40.523 0.0000000000
52164  37.798  -32.922  40.852 0.0000000000
50892  38.657  -32.958  41.744 0.0000000000
52163  38.610  -32.811  41.188 0.0000000000
52176  38.931  -32.455  40.744 0.0000000000
53345  39.749  -32.277  41.168 0.0000000000
53344  40.257  -32.126  41.164 0.0000000000
53304  42.636  -32.191  42.879 0.0000000000
52123  42.768  -32.329  43.527 0.0000000000
50802  36.500  -33.404  46.224 0.0000000000
50801  37.361  -33.466  46.376 0.0000000000
50799  39.575  -33.822  46.492 0.0000000000
50798  40.765  -33.740  46.540 0.0000000000
50797  42.083  -33.493  46.619 0.0000000000
52030  43.514  -32.212  48.284 0.0000000000
52068  44.205  -32.084  46.573 0.0000000000
52067  44.627  -31.748  46.245 0.0000000000
53256  44.991  -31.340  46.578 0.0000000000
53255  45.946  -31.060  46.604 0.0000000000
48583  30.492  -35.352  58.006 0.0000000000
48595  28.401  -35.959  57.080 0.0000000000
47619  29.362  -36.143  52.116 0.0000000000
47601  28.251  -36.811  53.728 0.0000000000
46557  26.916  -37.373  55.695 0.0000000000
46558  26.214  -37.736  55.742 0.0000000000
46575  25.833  -37.909  54.967 0.0000000000
46692  27.297  -37.446  46.850 0.0000000000
46661  27.037  -37.935  48.585 0.0000000000
46649  26.290  -38.142  49.499 0.0000000000
45649  24.772  -38.415  47.818 0.0000000000
45605  25.766  -38.357  50.532 0.0000000000
45593  25.299  -39.002  51.380 0.0000000000
44543  24.906  -39.570  52.318 0.0000000000
43539  24.631  -40.281  53.134 0.0000000000
44571  21.926  -39.923  49.840 0.0000000000
43591  20.118  -40.451  50.489 0.0000000000
43529  20.052  -41.132  53.735 0.0000000000
43545  19.025  -41.081  53.013 0.0000000000
41255  15.114  -42.640  54.702 0.0000000000
41239  14.305  -42.929  55.321 0.0000000000
50911  34.418  -32.979  41.486 0.0000000000
52129  32.219  -32.687  44.126 0.0000000000
52128  32.987  -32.856  44.586 0.0000000000
50843  33.589  -33.027  45.140 0.0000000000
52088  33.494  -32.894  46.651 0.0000000000
50806  33.335  -33.035  47.309 0.0000000000
52052  32.186  -33.114  47.235 0.0000000000
52051  32.532  -33.158  47.353 0.0000000000
50761  32.834  -33.322  48.457 0.0000000000
52035  30.449  -32.856  48.403 0.0000000000
50743  31.085  -33.224  49.533 0.0000000000
50690  31.729  -33.625  52.338 0.0000000000
50660  31.570  -34.076  53.893 0.0000000000
49626  31.038  -34.255  53.695 0.0000000000
42399  18.743  -42.014  58.130 0.0000000000
41208  18.010  -42.312  58.398 0.0000000000
42390  18.960  -42.086  58.844 0.0000000000
42389  19.635  -41.864  58.958 0.0000000000
42380  20.656  -41.831  59.549 0.0000000000
79443  56.264  -8.847  23.014 0.0000000000
79441  57.709  -8.365  24.031 0.0000000000
79440  58.037  -7.904  24.715 0.0000000000
80467  58.119  -7.427  27.848 0.0000000000
81519  59.280  -6.440  27.438 0.0000000000
82502  59.711  -5.933  27.051 0.0000000000
76131  47.296  -11.951  23.404 0.0000000000
76104  49.793  -11.736  25.602 0.0000000000
75041  47.278  -12.498  26.012 0.0000000000
75040  48.070  -12.379  25.940 0.0000000000
76086  49.353  -11.924  26.296 0.0000000000
76085  50.066  -11.812  26.380 0.0000000000
76065  51.529  -11.961  27.124 0.0000000000
74998  52.576  -12.143  27.846 0.0000000000
74981  52.062  -12.292  28.514 0.0000000000
76040  54.457  -11.660  29.708 0.0000000000
76026  55.344  -11.071  30.928 0.0000000000
72906  46.660  -13.792  29.833 0.0000000000
73914  47.665  -13.408  30.005 0.0000000000
72881  48.403  -14.081  31.334 0.0000000000
73901  48.559  -13.521  30.805 0.0000000000
73913  48.369  -13.119  30.162 0.0000000000
74935  49.342  -12.786  30.720 0.0000000000
72855  51.266  -14.507  33.350 0.0000000000
72867  51.172  -14.059  32.835 0.0000000000
73865  52.096  -13.806  33.152 0.0000000000
74922  50.719  -13.013  31.718 0.0000000000
76020  53.183  -11.843  30.945 0.0000000000
76018  54.686  -11.378  31.616 0.0000000000
68333  39.312  -18.972  32.637 0.0000000000
68292  40.903  -18.400  34.179 0.0000000000
68280  38.541  -18.878  35.627 0.0000000000
69421  42.204  -18.295  37.120 0.0000000000
69434  43.422  -17.939  36.845 0.0000000000
69418  44.380  -17.715  38.050 0.0000000000
54484  40.868  -30.951  39.480 0.0000000000
55665  41.818  -29.701  38.913 0.0000000000
54500  41.563  -29.861  38.880 0.0000000000
59389  40.759  -25.984  36.539 0.0000000000
59374  41.702  -27.119  37.682 0.0000000000
60497  41.040  -25.378  36.615 0.0000000000
60490  41.678  -25.402  37.011 0.0000000000
61578  42.074  -24.692  36.948 0.0000000000
61577  42.499  -24.163  37.270 0.0000000000
53283  46.377  -31.685  44.694 0.0000000000
53337  46.630  -30.847  41.632 0.0000000000
54439  46.327  -30.276  41.292 0.0000000000
55615  45.893  -29.483  40.964 0.0000000000
54436  48.932  -30.243  41.813 0.0000000000
56932  49.008  -28.728  41.590 0.0000000000
55612  48.607  -29.488  41.515 0.0000000000
55614  46.750  -29.443  41.172 0.0000000000
56936  45.609  -28.842  40.585 0.0000000000
56959  45.045  -28.458  40.089 0.0000000000
58171  44.705  -27.521  39.892 0.0000000000
59361  43.927  -26.605  39.134 0.0000000000
59360  44.688  -26.596  39.637 0.0000000000
61564  42.866  -24.678  37.750 0.0000000000
63903  43.362  -22.364  37.098 0.0000000000
63888  43.874  -22.391  37.737 0.0000000000
65085  43.650  -21.329  37.249 0.0000000000
61523  47.230  -24.578  42.051 0.0000000000
62648  46.401  -23.554  40.940 0.0000000000
63852  46.023  -22.503  40.551 0.0000000000
63869  45.585  -22.521  39.756 0.0000000000
66217  44.140  -20.347  38.181 0.0000000000
67260  44.005  -19.494  38.507 0.0000000000
67252  43.646  -18.966  38.831 0.0000000000
68239  43.891  -18.499  38.956 0.0000000000
86621  55.486  -1.769  15.418 0.0000000000
85565  56.402  -2.567  15.111 0.0000000000
85554  56.762  -2.923  15.287 0.0000000000
84526  57.381  -3.389  15.588 0.0000000000
84513  57.103  -3.887  16.092 0.0000000000
82572  58.133  -5.434  18.217 0.0000000000
83511  58.726  -4.794  17.885 0.0000000000
85513  60.626  -2.156  19.657 0.0000000000
41169  12.178  -43.304  60.587 0.0000000000
42363  20.096  -42.180  60.696 0.0000000000
42476  22.248  -41.094  52.821 0.0000000000
46606  28.355  -36.981  52.542 0.0000000000
50724  30.302  -33.529  50.664 0.0000000000
50733  41.635  -32.842  49.290 0.0000000000
50745  29.125  -34.078  49.334 0.0000000000
50763  29.247  -33.811  49.126 0.0000000000
50784  32.797  -33.211  47.650 0.0000000000
50785  32.275  -33.211  47.599 0.0000000000
52000  30.685  -33.213  49.645 0.0000000000
52012  42.410  -32.141  49.702 0.0000000000
52070  33.436  -32.932  47.009 0.0000000000
52087  42.948  -32.856  44.962 0.0000000000
52108  40.947  -33.069  43.489 0.0000000000
52127  39.979  -32.944  42.602 0.0000000000
52141  41.617  -32.548  42.570 0.0000000000
52162  39.330  -32.538  41.298 0.0000000000
53257  44.581  -31.619  46.827 0.0000000000
53323  41.492  -32.362  42.157 0.0000000000
53356  42.975  -30.908  40.582 0.0000000000
53372  38.057  -32.331  39.268 0.0000000000
54373  30.001  -31.475  44.428 0.0000000000
56931  49.699  -28.745  41.808 0.0000000000
56986  43.434  -28.228  39.213 0.0000000000
56987  42.889  -28.410  38.928 0.0000000000
57012  41.202  -28.263  37.823 0.0000000000
58170  45.268  -27.530  40.244 0.0000000000
58191  43.447  -27.425  39.058 0.0000000000
60464  45.328  -25.512  39.935 0.0000000000
61576  43.008  -23.969  37.649 0.0000000000
66234  39.550  -19.955  36.297 0.0000000000
66250  37.683  -20.266  35.551 0.0000000000
67315  39.009  -19.076  33.261 0.0000000000
68311  39.170  -18.917  33.632 0.0000000000
68334  38.339  -19.064  32.695 0.0000000000
69390  43.749  -18.185  38.912 0.0000000000
69420  42.650  -18.163  37.503 0.0000000000
69521  41.418  -17.847  29.990 0.0000000000
70610  47.200  -16.143  35.258 0.0000000000
70650  46.207  -16.122  33.382 0.0000000000
71840  44.604  -15.437  29.939 0.0000000000
72872  46.669  -15.220  32.143 0.0000000000
73902  47.873  -13.765  30.601 0.0000000000
73915  46.976  -13.639  29.899 0.0000000000
74923  50.158  -13.053  31.579 0.0000000000
74979  53.147  -12.092  28.158 0.0000000000
74980  52.676  -12.213  28.490 0.0000000000
78299  56.129  -8.942  23.366 0.0000000000
79429  57.916  -7.867  25.043 0.0000000000
79451  56.827  -8.625  22.670 0.0000000000
79452  56.111  -8.835  22.433 0.0000000000
80454  59.817  -7.606  28.166 0.0000000000
80465  59.903  -7.161  27.744 0.0000000000
81517  60.214  -6.673  26.979 0.0000000000
82500  60.224  -6.234  26.730 0.0000000000
83457  59.577  -5.302  26.074 0.0000000000
83490  59.247  -4.723  21.368 0.0000000000
84455  60.084  -3.680  22.982 0.0000000000
85502  60.106  -2.776  21.384 0.0000000000
85509  59.996  -2.562  21.084 0.0000000000
85529  60.624  -1.569  18.454 0.0000000000
86578  60.755  -1.804  19.122 0.0000000000
