#!ascii label  , from subject abby vox2ras=TkReg
1043
57942  19.139  -27.974  58.973 0.0000000000
50812  10.797  -34.264  46.592 0.0000000000
50588  16.716  -34.503  62.018 0.0000000000
56732  14.158  -28.369  57.216 0.0000000000
58041  8.924  -27.213  50.344 0.0000000000
54285  18.533  -30.674  63.081 0.0000000000
55438  15.465  -28.986  63.468 0.0000000000
55473  22.971  -29.223  58.589 0.0000000000
50577  20.436  -33.989  60.977 0.0000000000
45462  17.166  -36.526  61.186 0.0000000000
60285  9.424  -26.032  58.281 0.0000000000
56779  10.355  -28.354  53.834 0.0000000000
63668  8.391  -22.667  55.422 0.0000000000
50599  12.448  -35.249  59.137 0.0000000000
53170  14.092  -32.056  55.898 0.0000000000
54309  17.296  -31.298  59.517 0.0000000000
57926  10.754  -27.433  62.001 0.0000000000
54340  15.832  -30.340  51.052 0.0000000000
56892  12.715  -28.764  46.113 0.0000000000
56906  8.372  -28.046  43.857 0.0000000000
63744  8.840  -22.349  48.848 0.0000000000
56688  18.896  -28.928  61.544 0.0000000000
57921  16.987  -27.962  62.070 0.0000000000
56719  20.857  -28.625  58.257 0.0000000000
53153  21.567  -31.361  59.100 0.0000000000
54299  20.480  -30.550  60.714 0.0000000000
51864  20.407  -32.519  62.190 0.0000000000
61421  8.525  -24.485  56.578 0.0000000000
49576  14.502  -35.000  60.368 0.0000000000
50620  15.611  -33.599  58.326 0.0000000000
50606  17.664  -33.306  59.920 0.0000000000
59086  13.102  -26.378  63.696 0.0000000000
56684  13.458  -28.659  62.767 0.0000000000
48548  17.014  -35.366  62.635 0.0000000000
46475  15.019  -37.167  61.311 0.0000000000
48551  14.699  -35.951  61.844 0.0000000000
48559  12.203  -35.595  60.443 0.0000000000
54326  16.586  -30.149  55.405 0.0000000000
53190  14.616  -31.682  53.367 0.0000000000
56774  16.164  -28.212  54.034 0.0000000000
58022  9.457  -27.686  51.830 0.0000000000
56840  12.160  -29.226  49.903 0.0000000000
136431  9.734  -28.373  48.529 0.0000000000
55553  10.355  -28.809  44.940 0.0000000000
58084  8.479  -27.250  47.564 0.0000000000
51860  18.534  -32.604  62.805 0.0000000000
53141  17.515  -31.139  62.090 0.0000000000
55436  17.265  -29.252  63.548 0.0000000000
57924  15.019  -27.320  62.939 0.0000000000
55472  23.988  -29.671  57.690 0.0000000000
51929  22.670  -31.592  55.638 0.0000000000
53151  22.614  -31.420  58.059 0.0000000000
48575  20.853  -34.188  58.498 0.0000000000
48555  19.391  -35.349  61.113 0.0000000000
49553  18.496  -34.347  62.658 0.0000000000
56736  10.481  -27.403  58.054 0.0000000000
56754  12.524  -27.845  55.666 0.0000000000
56757  9.783  -27.684  56.304 0.0000000000
59145  8.727  -26.659  54.678 0.0000000000
61455  9.660  -25.006  53.453 0.0000000000
60279  20.223  -25.542  58.609 0.0000000000
59129  24.541  -26.381  56.217 0.0000000000
61391  25.853  -24.734  58.897 0.0000000000
59108  24.557  -27.068  59.507 0.0000000000
59110  22.766  -26.366  59.377 0.0000000000
49594  10.594  -35.671  57.673 0.0000000000
51936  11.926  -34.058  55.583 0.0000000000
51896  12.939  -34.272  57.722 0.0000000000
51915  15.980  -32.557  56.673 0.0000000000
55478  16.458  -29.413  58.365 0.0000000000
54302  16.230  -29.748  61.567 0.0000000000
55459  14.401  -28.895  60.411 0.0000000000
56696  12.450  -28.351  60.009 0.0000000000
59106  9.692  -27.151  60.335 0.0000000000
53186  12.561  -32.901  53.524 0.0000000000
51989  12.422  -32.514  51.165 0.0000000000
52041  13.162  -32.141  48.348 0.0000000000
58002  14.174  -28.446  51.945 0.0000000000
55535  15.231  -29.619  47.589 0.0000000000
52095  13.389  -32.466  45.216 0.0000000000
53312  11.329  -31.286  42.687 0.0000000000
55633  8.586  -30.019  41.669 0.0000000000
64836  9.884  -21.343  54.454 0.0000000000
61461  10.983  -23.962  52.211 0.0000000000
64899  10.713  -21.684  50.487 0.0000000000
61476  9.335  -24.407  49.473 0.0000000000
60376  8.112  -25.110  46.414 0.0000000000
56694  19.267  -28.750  60.367 0.0000000000
57933  17.973  -27.902  60.452 0.0000000000
59112  17.934  -26.941  59.028 0.0000000000
56720  20.225  -28.260  58.504 0.0000000000
55465  20.953  -30.048  59.564 0.0000000000
55467  19.740  -29.027  60.115 0.0000000000
55455  19.806  -30.055  61.061 0.0000000000
49710  9.888  -35.172  45.339 0.0000000000
50831  10.702  -34.399  45.481 0.0000000000
49575  15.354  -34.761  61.081 0.0000000000
50596  15.047  -34.581  60.065 0.0000000000
50594  17.763  -33.561  60.756 0.0000000000
54328  23.705  -30.296  54.344 0.0000000000
50583  16.816  -34.701  62.419 0.0000000000
48550  15.314  -35.782  62.133 0.0000000000
49567  15.583  -34.999  61.827 0.0000000000
49568  14.794  -35.243  61.336 0.0000000000
56730  15.953  -28.593  56.722 0.0000000000
56750  16.473  -28.663  55.251 0.0000000000
57962  15.123  -27.944  55.745 0.0000000000
58023  9.206  -27.431  51.331 0.0000000000
136425  9.588  -28.446  49.941 0.0000000000
56827  8.727  -27.981  49.996 0.0000000000
136436  9.258  -28.018  47.690 0.0000000000
58056  8.405  -27.252  49.384 0.0000000000
53133  18.384  -31.497  63.111 0.0000000000
53134  17.967  -30.831  63.201 0.0000000000
54286  18.024  -30.507  63.308 0.0000000000
57923  15.668  -27.379  62.636 0.0000000000
60245  13.992  -25.215  62.459 0.0000000000
55462  23.504  -29.517  58.153 0.0000000000
54303  23.368  -30.422  58.011 0.0000000000
54304  22.877  -30.447  58.366 0.0000000000
51875  21.134  -32.289  60.084 0.0000000000
50590  21.194  -33.361  58.981 0.0000000000
49572  20.727  -34.034  59.626 0.0000000000
48544  19.979  -34.547  61.313 0.0000000000
53136  19.631  -31.352  62.515 0.0000000000
50580  19.871  -33.550  62.506 0.0000000000
51859  18.886  -32.623  63.141 0.0000000000
50574  18.384  -33.844  62.563 0.0000000000
56737  10.094  -27.263  58.303 0.0000000000
56746  10.364  -27.576  56.978 0.0000000000
57966  9.097  -27.305  57.187 0.0000000000
62522  8.240  -23.388  56.094 0.0000000000
60304  8.590  -25.766  55.209 0.0000000000
61446  8.781  -25.113  54.611 0.0000000000
60334  8.871  -25.900  53.520 0.0000000000
61445  9.330  -24.452  54.350 0.0000000000
59107  25.140  -27.023  59.326 0.0000000000
50613  11.202  -34.951  58.804 0.0000000000
50623  11.957  -34.822  57.962 0.0000000000
51885  12.985  -34.575  58.366 0.0000000000
51892  17.049  -32.806  58.361 0.0000000000
50628  16.234  -33.203  57.727 0.0000000000
53165  17.407  -31.770  58.159 0.0000000000
54320  17.045  -30.319  57.526 0.0000000000
54316  17.099  -30.214  58.739 0.0000000000
55443  16.162  -29.457  63.027 0.0000000000
53149  17.109  -30.753  61.700 0.0000000000
55450  16.006  -29.548  62.393 0.0000000000
56678  11.883  -28.146  62.999 0.0000000000
55446  13.439  -29.095  61.962 0.0000000000
55447  12.761  -28.771  61.476 0.0000000000
55460  13.199  -28.597  60.121 0.0000000000
56698  11.165  -28.121  60.459 0.0000000000
56712  10.596  -27.855  59.877 0.0000000000
57931  10.212  -27.496  61.151 0.0000000000
49610  21.751  -32.831  55.383 0.0000000000
50661  22.541  -32.411  54.428 0.0000000000
45471  17.700  -36.515  59.888 0.0000000000
45486  17.105  -36.613  59.471 0.0000000000
45472  16.915  -36.572  60.170 0.0000000000
46476  14.164  -37.196  61.264 0.0000000000
46487  14.273  -37.451  60.643 0.0000000000
49571  12.298  -35.184  59.963 0.0000000000
49582  11.015  -35.036  59.273 0.0000000000
51918  12.923  -33.489  56.159 0.0000000000
51949  12.147  -33.816  54.605 0.0000000000
53179  13.052  -32.060  54.643 0.0000000000
54336  16.032  -30.715  51.932 0.0000000000
53201  14.588  -31.645  52.186 0.0000000000
53210  14.503  -31.383  51.122 0.0000000000
52004  13.253  -31.925  49.973 0.0000000000
53228  14.418  -31.381  49.202 0.0000000000
56765  11.052  -27.951  54.576 0.0000000000
56776  13.325  -28.838  53.056 0.0000000000
56791  12.485  -28.943  52.334 0.0000000000
56868  12.462  -29.129  47.857 0.0000000000
56854  13.801  -28.534  48.875 0.0000000000
55537  14.071  -28.998  46.659 0.0000000000
53264  14.612  -30.994  46.394 0.0000000000
54390  14.169  -30.446  45.166 0.0000000000
52135  12.545  -32.330  43.407 0.0000000000
54392  12.463  -30.154  43.985 0.0000000000
55570  9.044  -28.787  44.284 0.0000000000
55585  9.685  -29.476  43.213 0.0000000000
55608  8.546  -29.029  42.613 0.0000000000
66063  10.603  -20.499  53.982 0.0000000000
63679  11.006  -22.393  53.506 0.0000000000
64853  11.346  -21.186  53.198 0.0000000000
66081  9.450  -20.432  49.406 0.0000000000
63728  9.792  -22.037  49.772 0.0000000000
62571  10.153  -23.171  50.023 0.0000000000
62573  8.965  -23.295  49.124 0.0000000000
60371  8.652  -25.206  48.373 0.0000000000
61480  8.369  -24.163  47.745 0.0000000000
54290  19.220  -30.611  62.594 0.0000000000
55441  17.749  -29.234  63.211 0.0000000000
56680  18.276  -28.990  62.511 0.0000000000
55475  21.902  -29.490  58.648 0.0000000000
54313  21.886  -30.208  58.777 0.0000000000
54314  21.388  -30.261  59.213 0.0000000000
53146  20.823  -31.061  60.381 0.0000000000
51869  20.763  -32.222  61.133 0.0000000000
51863  20.644  -33.089  61.537 0.0000000000
51870  20.533  -31.955  61.645 0.0000000000
54289  19.700  -30.952  62.124 0.0000000000
60289  10.130  -24.942  57.565 0.0000000000
60291  8.646  -25.630  57.430 0.0000000000
62498  9.169  -23.826  57.069 0.0000000000
62515  8.591  -23.354  56.624 0.0000000000
64802  8.023  -22.132  56.422 0.0000000000
50598  13.386  -35.068  59.225 0.0000000000
50610  13.819  -34.415  58.963 0.0000000000
50609  14.547  -34.265  59.222 0.0000000000
50607  16.851  -33.656  59.405 0.0000000000
53155  17.494  -31.928  59.738 0.0000000000
57918  13.635  -27.407  63.666 0.0000000000
56683  14.197  -28.579  62.992 0.0000000000
57919  12.917  -27.637  63.945 0.0000000000
59084  11.985  -27.084  63.851 0.0000000000
59092  10.906  -26.660  62.548 0.0000000000
59093  10.270  -26.775  61.742 0.0000000000
47512  17.238  -35.978  62.322 0.0000000000
45463  16.467  -36.641  61.316 0.0000000000
47513  16.398  -36.121  62.360 0.0000000000
47515  14.855  -36.264  61.899 0.0000000000
46470  13.824  -36.525  61.540 0.0000000000
47521  12.597  -36.263  60.865 0.0000000000
48558  13.251  -35.762  60.801 0.0000000000
49570  13.025  -35.460  60.087 0.0000000000
53176  15.699  -31.683  55.674 0.0000000000
53183  14.624  -31.548  54.517 0.0000000000
53188  16.192  -30.935  54.237 0.0000000000
54332  16.348  -30.247  53.678 0.0000000000
56803  16.390  -28.847  52.110 0.0000000000
56794  9.818  -28.030  53.043 0.0000000000
56808  11.704  -28.938  51.614 0.0000000000
56826  10.316  -28.592  50.798 0.0000000000
56856  11.723  -29.329  48.892 0.0000000000
56869  11.266  -28.846  47.680 0.0000000000
55552  11.453  -29.160  45.456 0.0000000000
56882  10.292  -28.738  45.853 0.0000000000
54381  9.265  -28.213  46.108 0.0000000000
55555  8.750  -28.127  45.549 0.0000000000
64938  9.194  -21.676  48.308 0.0000000000
62579  8.327  -23.353  47.105 0.0000000000
63768  9.054  -22.299  47.660 0.0000000000
50581  18.295  -33.578  62.339 0.0000000000
50586  18.159  -33.312  61.775 0.0000000000
51865  18.283  -32.452  62.472 0.0000000000
54291  17.312  -30.515  62.770 0.0000000000
55437  16.459  -29.158  63.586 0.0000000000
56672  17.191  -28.876  63.434 0.0000000000
56673  16.587  -28.559  63.437 0.0000000000
56674  15.614  -28.408  63.512 0.0000000000
59085  13.822  -26.899  63.461 0.0000000000
55482  24.529  -29.607  57.155 0.0000000000
54322  23.992  -30.336  56.298 0.0000000000
53162  23.773  -30.637  57.061 0.0000000000
53143  21.844  -31.860  58.363 0.0000000000
50602  21.555  -32.674  57.692 0.0000000000
49593  20.811  -33.747  56.847 0.0000000000
46484  18.593  -36.373  60.019 0.0000000000
46464  18.296  -36.210  61.404 0.0000000000
49558  20.048  -34.073  61.922 0.0000000000
48538  19.018  -34.635  62.391 0.0000000000
47511  18.007  -35.899  62.157 0.0000000000
48541  17.577  -35.018  62.949 0.0000000000
49560  17.443  -34.739  62.785 0.0000000000
56734  12.170  -27.859  57.616 0.0000000000
56743  13.336  -28.130  56.363 0.0000000000
56745  11.244  -27.611  56.572 0.0000000000
56755  10.839  -27.774  55.487 0.0000000000
56766  10.231  -28.211  54.894 0.0000000000
59131  8.645  -26.572  56.807 0.0000000000
57984  9.018  -27.284  55.209 0.0000000000
56795  9.347  -27.917  53.788 0.0000000000
58006  9.345  -27.445  52.803 0.0000000000
59170  9.277  -26.528  52.415 0.0000000000
59186  9.478  -26.186  51.755 0.0000000000
59121  19.518  -26.536  58.310 0.0000000000
59130  24.334  -27.178  56.482 0.0000000000
62495  27.323  -23.423  57.764 0.0000000000
62486  27.070  -23.473  58.950 0.0000000000
61399  26.339  -24.018  58.407 0.0000000000
61400  25.605  -24.729  58.136 0.0000000000
59126  24.595  -26.875  57.252 0.0000000000
57956  24.468  -27.926  57.170 0.0000000000
57939  24.436  -27.828  59.019 0.0000000000
57940  23.774  -27.629  58.929 0.0000000000
57941  23.392  -27.060  59.080 0.0000000000
57949  22.798  -27.584  58.590 0.0000000000
57950  21.718  -27.636  58.316 0.0000000000
57951  20.761  -27.531  58.152 0.0000000000
51906  12.672  -34.230  56.858 0.0000000000
51917  13.695  -32.592  56.256 0.0000000000
51895  13.912  -33.909  58.203 0.0000000000
51904  14.343  -33.038  57.356 0.0000000000
51932  15.543  -32.222  56.019 0.0000000000
51930  16.438  -31.480  56.371 0.0000000000
55483  16.551  -29.162  57.026 0.0000000000
56721  14.840  -28.553  58.105 0.0000000000
51872  17.856  -32.096  61.427 0.0000000000
53148  17.379  -31.445  60.945 0.0000000000
54300  17.185  -31.119  60.206 0.0000000000
55445  14.423  -29.138  62.452 0.0000000000
55458  15.739  -29.483  60.744 0.0000000000
55457  16.626  -29.880  60.346 0.0000000000
55469  15.369  -28.841  59.231 0.0000000000
55470  14.086  -28.696  59.390 0.0000000000
56723  12.915  -28.462  58.466 0.0000000000
56725  11.221  -27.626  58.878 0.0000000000
56727  10.266  -27.327  59.354 0.0000000000
60275  9.935  -26.407  58.839 0.0000000000
60264  10.259  -25.950  60.423 0.0000000000
60274  10.320  -25.818  59.337 0.0000000000
60284  10.109  -25.455  58.227 0.0000000000
46512  16.054  -37.107  58.524 0.0000000000
46485  15.681  -37.167  60.705 0.0000000000
53191  13.445  -31.959  52.841 0.0000000000
51961  12.710  -32.319  52.531 0.0000000000
52061  11.574  -33.155  47.200 0.0000000000
56752  14.182  -28.180  54.780 0.0000000000
57991  15.064  -28.094  53.273 0.0000000000
56820  15.347  -28.641  50.738 0.0000000000
56823  12.814  -29.186  50.794 0.0000000000
56837  14.920  -28.606  49.873 0.0000000000
55508  15.511  -29.776  49.634 0.0000000000
53237  14.589  -31.328  48.307 0.0000000000
52077  13.668  -32.224  46.406 0.0000000000
52079  11.809  -33.393  45.746 0.0000000000
50847  11.878  -33.503  43.953 0.0000000000
55584  10.615  -29.808  43.106 0.0000000000
54431  10.270  -30.757  42.368 0.0000000000
64821  7.988  -21.695  55.982 0.0000000000
66049  8.655  -20.441  55.760 0.0000000000
63667  8.869  -22.633  55.023 0.0000000000
62530  9.874  -23.015  54.295 0.0000000000
61454  10.252  -24.387  53.262 0.0000000000
60359  9.829  -25.456  51.469 0.0000000000
63710  11.457  -22.322  51.615 0.0000000000
61471  10.385  -24.106  50.537 0.0000000000
59216  9.506  -26.053  50.219 0.0000000000
59231  8.677  -26.125  49.043 0.0000000000
59252  8.323  -26.092  46.982 0.0000000000
58110  8.285  -26.913  45.124 0.0000000000
60389  7.977  -25.409  44.659 0.0000000000
56706  19.035  -28.273  59.719 0.0000000000
56695  18.609  -28.358  60.522 0.0000000000
57943  18.465  -27.658  59.385 0.0000000000
56705  19.676  -28.579  59.296 0.0000000000
49688  10.217  -34.502  47.059 0.0000000000
49700  10.259  -34.720  45.973 0.0000000000
49709  10.216  -34.783  44.877 0.0000000000
49574  16.046  -34.695  61.669 0.0000000000
50595  16.404  -34.392  60.766 0.0000000000
56739  24.075  -28.667  55.795 0.0000000000
55488  23.914  -29.544  55.017 0.0000000000
49566  16.291  -34.840  62.219 0.0000000000
56731  15.256  -28.442  57.051 0.0000000000
56741  15.561  -28.147  56.129 0.0000000000
56742  14.488  -28.110  55.993 0.0000000000
59187  9.266  -26.723  51.158 0.0000000000
58042  8.532  -27.416  49.716 0.0000000000
55434  18.227  -30.131  63.292 0.0000000000
56715  23.263  -28.952  58.480 0.0000000000
55463  23.048  -29.527  58.489 0.0000000000
55464  22.644  -29.682  58.598 0.0000000000
51867  20.668  -33.469  60.541 0.0000000000
50584  20.706  -33.738  60.039 0.0000000000
49565  20.479  -34.191  60.339 0.0000000000
48562  20.380  -34.580  59.937 0.0000000000
48552  20.258  -34.471  60.729 0.0000000000
48553  19.968  -34.826  60.729 0.0000000000
48543  20.181  -34.463  61.034 0.0000000000
53132  19.227  -31.611  63.096 0.0000000000
57955  9.487  -26.970  58.232 0.0000000000
57958  9.551  -27.318  57.710 0.0000000000
59125  9.206  -26.673  58.075 0.0000000000
61436  8.465  -24.642  55.691 0.0000000000
62532  8.688  -23.574  55.271 0.0000000000
50600  11.603  -35.074  59.138 0.0000000000
50612  12.098  -35.004  58.561 0.0000000000
50611  13.115  -34.987  58.770 0.0000000000
53161  17.351  -31.835  58.933 0.0000000000
51901  17.264  -32.352  58.362 0.0000000000
54315  17.364  -31.087  58.888 0.0000000000
54319  17.288  -30.970  58.126 0.0000000000
55444  15.363  -29.310  62.782 0.0000000000
56686  11.389  -28.091  62.018 0.0000000000
56685  12.469  -28.554  62.292 0.0000000000
56691  11.899  -28.369  61.215 0.0000000000
56692  11.016  -28.126  61.069 0.0000000000
56693  10.571  -27.867  60.919 0.0000000000
56687  10.763  -27.846  61.425 0.0000000000
45466  17.462  -36.527  60.545 0.0000000000
45467  16.752  -36.627  60.799 0.0000000000
46488  13.173  -37.435  60.240 0.0000000000
49579  11.983  -35.115  59.561 0.0000000000
49580  11.370  -35.112  59.458 0.0000000000
50601  11.204  -34.907  59.171 0.0000000000
51933  13.488  -32.171  55.699 0.0000000000
51934  13.133  -32.735  55.300 0.0000000000
53178  13.708  -31.839  55.232 0.0000000000
53209  15.354  -31.122  51.587 0.0000000000
53218  15.166  -30.959  50.611 0.0000000000
53219  14.465  -31.301  50.156 0.0000000000
53227  14.994  -30.879  49.686 0.0000000000
56778  11.331  -28.400  53.519 0.0000000000
56777  12.344  -28.892  53.348 0.0000000000
56792  11.647  -28.675  52.375 0.0000000000
56879  13.249  -28.760  46.884 0.0000000000
55550  13.682  -29.148  45.839 0.0000000000
54379  14.479  -30.123  45.807 0.0000000000
55565  13.259  -29.563  45.129 0.0000000000
54391  13.518  -30.289  44.549 0.0000000000
55566  12.454  -29.586  44.750 0.0000000000
55571  8.697  -28.385  44.561 0.0000000000
55587  8.691  -28.638  43.597 0.0000000000
67125  10.178  -19.448  54.434 0.0000000000
67130  10.778  -19.585  53.688 0.0000000000
66062  11.236  -20.104  53.317 0.0000000000
64901  9.592  -21.339  49.556 0.0000000000
63743  9.297  -22.359  49.441 0.0000000000
63742  9.803  -22.688  49.800 0.0000000000
61477  8.852  -24.239  48.698 0.0000000000
62577  8.426  -23.041  48.284 0.0000000000
56679  18.873  -29.243  62.376 0.0000000000
57934  17.434  -27.560  60.501 0.0000000000
56718  21.872  -28.625  58.377 0.0000000000
55476  21.049  -29.535  58.759 0.0000000000
54308  20.767  -30.306  60.078 0.0000000000
54307  20.986  -30.613  59.859 0.0000000000
54298  20.768  -30.746  60.352 0.0000000000
51876  20.878  -31.815  60.765 0.0000000000
53139  20.734  -31.404  61.159 0.0000000000
53140  20.539  -31.402  61.233 0.0000000000
55448  19.623  -30.247  61.641 0.0000000000
55449  19.354  -29.714  61.981 0.0000000000
61404  9.435  -24.295  57.231 0.0000000000
62514  9.273  -23.338  56.874 0.0000000000
63638  8.747  -22.404  56.776 0.0000000000
63639  8.225  -22.426  56.499 0.0000000000
64801  8.359  -21.705  56.459 0.0000000000
49577  13.657  -35.195  59.799 0.0000000000
50597  14.128  -34.682  59.616 0.0000000000
51882  17.504  -32.909  59.441 0.0000000000
57912  13.086  -27.084  64.196 0.0000000000
59083  12.207  -26.889  63.995 0.0000000000
57925  11.415  -27.455  62.851 0.0000000000
60247  11.107  -25.748  62.839 0.0000000000
60248  10.476  -25.935  62.191 0.0000000000
47514  15.551  -36.231  62.201 0.0000000000
46469  14.232  -36.681  61.635 0.0000000000
47516  14.240  -36.235  61.689 0.0000000000
47520  13.547  -36.229  61.338 0.0000000000
48557  14.198  -35.774  61.390 0.0000000000
49569  13.938  -35.435  60.571 0.0000000000
53175  16.250  -31.028  55.855 0.0000000000
53182  15.602  -31.295  54.972 0.0000000000
56760  16.433  -28.717  54.416 0.0000000000
55491  16.441  -29.437  54.038 0.0000000000
56773  16.410  -28.602  53.532 0.0000000000
55493  16.482  -29.442  53.153 0.0000000000
57989  16.367  -28.182  53.067 0.0000000000
58005  9.596  -27.821  52.281 0.0000000000
56809  10.804  -28.617  51.624 0.0000000000
56810  9.691  -28.201  51.504 0.0000000000
136423  9.786  -28.481  49.210 0.0000000000
56842  10.531  -28.740  50.092 0.0000000000
56857  10.398  -28.630  48.945 0.0000000000
56881  11.078  -29.183  46.332 0.0000000000
56870  9.723  -28.354  47.259 0.0000000000
136430  9.108  -27.859  47.413 0.0000000000
136432  9.277  -27.942  46.984 0.0000000000
136435  8.994  -27.774  46.582 0.0000000000
66088  9.440  -20.412  48.916 0.0000000000
64937  9.475  -21.047  48.566 0.0000000000
64962  9.295  -21.712  47.960 0.0000000000
64961  9.726  -21.280  48.000 0.0000000000
54287  17.530  -30.188  63.380 0.0000000000
53138  17.973  -31.254  62.848 0.0000000000
54292  16.895  -29.817  63.217 0.0000000000
54288  17.069  -29.576  63.563 0.0000000000
56681  17.260  -28.605  62.776 0.0000000000
57915  16.267  -27.937  63.103 0.0000000000
57916  15.695  -27.834  63.308 0.0000000000
57917  14.645  -27.572  63.320 0.0000000000
59090  14.182  -26.557  62.719 0.0000000000
54321  24.383  -30.158  56.856 0.0000000000
54317  24.075  -30.301  57.274 0.0000000000
53157  22.788  -31.376  57.300 0.0000000000
51888  22.163  -31.662  57.049 0.0000000000
53159  21.661  -30.785  58.950 0.0000000000
53152  22.065  -31.231  58.494 0.0000000000
53144  21.589  -32.072  58.856 0.0000000000
49581  21.049  -33.857  58.703 0.0000000000
50589  21.385  -32.954  57.928 0.0000000000
50603  21.277  -33.266  58.100 0.0000000000
50616  21.364  -33.153  57.334 0.0000000000
49584  21.034  -33.732  57.773 0.0000000000
48576  20.686  -34.315  57.890 0.0000000000
47540  19.793  -35.236  58.206 0.0000000000
47518  19.404  -35.562  60.505 0.0000000000
46471  18.953  -36.091  60.249 0.0000000000
46472  18.489  -36.326  60.607 0.0000000000
47519  18.934  -35.776  61.061 0.0000000000
50579  20.297  -33.488  62.166 0.0000000000
50573  19.276  -33.547  62.780 0.0000000000
49552  19.087  -34.347  62.520 0.0000000000
48539  18.716  -34.725  62.557 0.0000000000
48546  18.420  -35.263  62.451 0.0000000000
48547  17.724  -35.394  62.671 0.0000000000
48540  18.129  -34.924  62.924 0.0000000000
50575  17.763  -34.499  62.724 0.0000000000
50582  17.476  -34.438  62.510 0.0000000000
56735  11.230  -27.529  57.815 0.0000000000
56756  10.272  -27.785  55.898 0.0000000000
56767  9.784  -27.967  55.287 0.0000000000
60293  8.502  -25.609  56.284 0.0000000000
59137  8.782  -26.541  55.751 0.0000000000
56781  9.395  -27.798  54.716 0.0000000000
57992  8.977  -27.408  54.114 0.0000000000
59155  8.840  -26.695  53.601 0.0000000000
61456  9.131  -25.254  53.844 0.0000000000
60349  9.195  -25.992  52.908 0.0000000000
59169  9.422  -26.198  52.202 0.0000000000
60348  9.549  -25.744  52.485 0.0000000000
60280  19.037  -25.641  58.400 0.0000000000
61393  19.386  -24.844  58.838 0.0000000000
60303  24.766  -25.526  55.752 0.0000000000
59135  24.455  -26.116  55.343 0.0000000000
59136  24.101  -26.876  55.723 0.0000000000
61390  26.191  -24.251  59.340 0.0000000000
62476  26.838  -23.413  59.819 0.0000000000
59117  25.082  -26.968  58.400 0.0000000000
57947  24.586  -27.878  57.885 0.0000000000
57938  24.667  -27.941  58.630 0.0000000000
56703  23.879  -28.081  58.658 0.0000000000
59102  23.091  -25.701  60.160 0.0000000000
59118  22.271  -26.984  58.622 0.0000000000
60278  20.913  -26.023  58.698 0.0000000000
59120  20.478  -26.593  58.307 0.0000000000
57952  19.808  -27.562  58.460 0.0000000000
48588  10.077  -36.108  57.328 0.0000000000
50631  10.887  -35.086  57.313 0.0000000000
51897  12.240  -34.539  57.540 0.0000000000
51898  11.773  -34.707  57.485 0.0000000000
51905  13.457  -33.603  57.082 0.0000000000
50622  14.249  -34.052  58.755 0.0000000000
50621  14.735  -33.821  58.648 0.0000000000
51902  16.779  -32.613  57.590 0.0000000000
51903  15.474  -33.100  57.561 0.0000000000
51916  14.828  -32.514  56.461 0.0000000000
51931  16.157  -31.888  56.159 0.0000000000
51914  16.624  -31.904  56.768 0.0000000000
55479  15.754  -28.854  57.840 0.0000000000
51871  18.177  -32.630  61.749 0.0000000000
50593  18.162  -33.149  61.336 0.0000000000
54301  16.797  -30.362  60.970 0.0000000000
55452  14.449  -29.252  61.470 0.0000000000
55468  16.477  -29.614  59.587 0.0000000000
55461  12.555  -28.462  60.362 0.0000000000
55471  13.350  -28.570  59.183 0.0000000000
55480  13.769  -28.608  58.904 0.0000000000
56709  12.636  -28.360  59.372 0.0000000000
56724  12.039  -27.900  58.663 0.0000000000
56710  11.914  -28.026  59.564 0.0000000000
56713  10.199  -27.777  60.035 0.0000000000
57946  9.907  -27.397  59.718 0.0000000000
59116  9.888  -26.743  59.486 0.0000000000
60254  10.111  -26.117  61.285 0.0000000000
53167  23.288  -30.803  55.933 0.0000000000
54324  23.513  -30.958  54.860 0.0000000000
53173  23.218  -31.239  55.277 0.0000000000
45487  16.135  -37.073  59.675 0.0000000000
45464  16.039  -36.783  61.313 0.0000000000
45468  16.157  -36.853  60.989 0.0000000000
46474  15.651  -37.017  61.168 0.0000000000
49586  10.801  -35.655  58.402 0.0000000000
51948  12.621  -33.272  54.246 0.0000000000
51964  12.013  -33.578  53.381 0.0000000000
51963  12.089  -33.056  53.134 0.0000000000
53189  15.538  -31.363  53.859 0.0000000000
53184  13.658  -31.778  54.092 0.0000000000
53202  13.678  -31.721  51.585 0.0000000000
51975  12.916  -32.130  51.847 0.0000000000
51976  12.336  -32.639  52.010 0.0000000000
52006  11.750  -32.780  50.510 0.0000000000
52023  12.795  -32.277  49.255 0.0000000000
52042  12.300  -32.720  48.389 0.0000000000
52060  12.942  -32.693  47.374 0.0000000000
56753  13.333  -28.258  55.264 0.0000000000
56775  14.163  -28.442  52.759 0.0000000000
58001  14.700  -28.113  52.219 0.0000000000
58017  15.259  -28.103  51.551 0.0000000000
58037  14.883  -28.188  51.008 0.0000000000
56824  11.931  -29.336  50.799 0.0000000000
56807  12.525  -29.105  51.641 0.0000000000
58039  12.559  -29.175  50.419 0.0000000000
56866  14.504  -28.697  47.974 0.0000000000
56838  14.171  -28.498  49.757 0.0000000000
56853  14.820  -28.653  48.967 0.0000000000
56836  15.380  -29.034  49.564 0.0000000000
55516  15.460  -29.667  48.954 0.0000000000
53236  15.083  -30.907  48.805 0.0000000000
53249  15.227  -30.819  47.983 0.0000000000
53278  13.967  -31.670  45.446 0.0000000000
53251  14.261  -31.638  46.921 0.0000000000
52078  12.693  -32.945  46.139 0.0000000000
52097  11.840  -33.616  45.069 0.0000000000
52096  12.460  -33.277  44.817 0.0000000000
53311  12.027  -31.595  43.036 0.0000000000
53331  10.796  -31.572  42.363 0.0000000000
55567  11.331  -29.534  44.108 0.0000000000
55568  10.259  -29.311  43.898 0.0000000000
55607  9.042  -29.730  42.272 0.0000000000
55606  9.919  -29.995  42.493 0.0000000000
54432  9.545  -30.667  42.001 0.0000000000
54433  8.901  -30.538  41.697 0.0000000000
67116  8.875  -19.642  55.591 0.0000000000
66059  9.200  -20.653  55.210 0.0000000000
64837  9.068  -21.746  55.079 0.0000000000
62531  9.532  -23.359  54.491 0.0000000000
63666  9.667  -22.491  54.451 0.0000000000
62548  11.106  -23.195  52.971 0.0000000000
62549  10.597  -23.873  52.902 0.0000000000
61462  10.438  -24.645  52.357 0.0000000000
66079  10.675  -20.694  50.495 0.0000000000
66072  11.355  -20.457  51.267 0.0000000000
64867  11.562  -21.315  52.028 0.0000000000
64883  11.194  -21.482  51.100 0.0000000000
62568  10.165  -23.780  50.202 0.0000000000
61472  9.984  -24.599  50.232 0.0000000000
60364  9.729  -25.522  50.559 0.0000000000
60367  9.534  -25.408  49.850 0.0000000000
59217  9.174  -26.118  49.698 0.0000000000
60368  9.026  -25.276  49.225 0.0000000000
60373  8.403  -25.160  47.349 0.0000000000
58096  8.388  -26.729  46.368 0.0000000000
59262  8.190  -25.832  46.000 0.0000000000
57944  17.687  -27.337  59.704 0.0000000000
56704  20.272  -28.895  58.843 0.0000000000
55466  20.340  -29.531  59.832 0.0000000000
55456  19.545  -29.316  60.840 0.0000000000
49717  10.256  -34.866  44.180 0.0000000000
50849  10.479  -34.439  44.132 0.0000000000
49561  16.802  -34.956  62.587 0.0000000000
48549  16.140  -35.609  62.430 0.0000000000
49562  15.898  -35.263  62.246 0.0000000000
49563  15.279  -35.391  61.928 0.0000000000
48556  14.869  -35.657  61.770 0.0000000000
55487  16.767  -29.309  55.840 0.0000000000
56740  16.326  -28.579  56.106 0.0000000000
56751  15.975  -28.151  55.463 0.0000000000
57971  15.518  -27.965  54.907 0.0000000000
56811  9.318  -27.815  51.378 0.0000000000
136426  9.196  -28.143  50.602 0.0000000000
136429  9.056  -28.362  49.176 0.0000000000
136433  9.337  -28.268  48.484 0.0000000000
136434  8.902  -27.997  48.361 0.0000000000
56858  8.368  -27.538  49.055 0.0000000000
58071  8.337  -27.301  49.151 0.0000000000
53137  18.277  -31.933  62.934 0.0000000000
55435  17.886  -29.788  63.400 0.0000000000
57922  16.513  -27.778  62.527 0.0000000000
59089  14.890  -26.923  62.422 0.0000000000
59096  14.630  -26.466  62.126 0.0000000000
54311  23.639  -30.418  57.629 0.0000000000
53145  21.681  -32.373  59.173 0.0000000000
51874  21.141  -33.015  59.563 0.0000000000
47517  19.803  -35.197  60.441 0.0000000000
48554  19.708  -35.054  61.005 0.0000000000
53131  19.931  -31.918  62.687 0.0000000000
50572  20.015  -33.170  62.641 0.0000000000
51858  19.700  -32.582  62.950 0.0000000000
56747  9.737  -27.480  57.276 0.0000000000
57965  9.413  -27.420  57.284 0.0000000000
56758  9.397  -27.494  56.653 0.0000000000
60318  8.615  -26.029  54.281 0.0000000000
61435  25.010  -24.864  56.184 0.0000000000
60276  25.722  -24.915  59.281 0.0000000000
59099  25.012  -26.458  59.868 0.0000000000
59111  21.968  -26.042  59.261 0.0000000000
50625  11.132  -35.354  58.116 0.0000000000
50624  11.469  -34.989  57.803 0.0000000000
51886  12.408  -34.660  58.094 0.0000000000
50619  16.546  -33.245  58.292 0.0000000000
53166  17.178  -31.485  57.395 0.0000000000
54295  17.191  -30.594  62.361 0.0000000000
54296  16.735  -30.077  62.237 0.0000000000
54297  16.151  -29.657  62.017 0.0000000000
55453  13.458  -28.932  61.071 0.0000000000
55454  12.624  -28.608  60.782 0.0000000000
56697  11.966  -28.238  60.351 0.0000000000
56711  11.184  -27.951  59.742 0.0000000000
56699  10.584  -27.918  60.455 0.0000000000
57937  9.983  -27.583  60.468 0.0000000000
50649  22.231  -32.585  55.051 0.0000000000
51928  22.692  -31.978  54.965 0.0000000000
49619  22.088  -32.854  54.805 0.0000000000
45485  17.789  -36.513  59.233 0.0000000000
48560  11.365  -35.714  60.315 0.0000000000
48564  11.649  -35.202  60.009 0.0000000000
49583  10.875  -35.285  58.919 0.0000000000
50614  11.016  -35.204  58.602 0.0000000000
51919  12.193  -34.071  56.153 0.0000000000
51935  12.421  -33.587  55.372 0.0000000000
53200  15.621  -31.267  52.700 0.0000000000
51988  13.055  -31.961  50.902 0.0000000000
52005  12.590  -32.454  50.223 0.0000000000
53211  13.777  -31.602  50.582 0.0000000000
53220  13.899  -31.619  49.722 0.0000000000
52021  14.033  -31.683  48.951 0.0000000000
56764  12.164  -28.201  54.576 0.0000000000
56763  13.278  -28.795  54.188 0.0000000000
56790  13.533  -28.740  52.118 0.0000000000
56855  12.816  -29.208  48.928 0.0000000000
56839  13.038  -29.045  49.955 0.0000000000
56867  13.502  -28.803  47.941 0.0000000000
56878  14.048  -28.776  47.275 0.0000000000
55536  14.697  -29.346  47.186 0.0000000000
54371  15.186  -29.968  47.268 0.0000000000
54372  14.870  -30.226  46.765 0.0000000000
53277  14.394  -30.999  45.593 0.0000000000
53291  14.096  -31.006  44.950 0.0000000000
52115  13.080  -32.490  44.119 0.0000000000
53292  13.666  -31.535  44.412 0.0000000000
54408  13.151  -30.807  43.806 0.0000000000
54409  12.297  -30.829  43.503 0.0000000000
136439  9.511  -28.714  44.796 0.0000000000
55569  9.585  -29.018  44.091 0.0000000000
55586  9.026  -29.144  43.377 0.0000000000
66058  9.817  -20.336  54.579 0.0000000000
63680  10.348  -22.200  54.073 0.0000000000
64854  10.719  -21.530  53.930 0.0000000000
63693  11.466  -22.309  52.582 0.0000000000
64900  10.115  -21.433  50.061 0.0000000000
62572  9.617  -23.480  49.750 0.0000000000
55440  18.553  -29.728  62.932 0.0000000000
56690  17.388  -28.189  61.983 0.0000000000
56689  17.960  -28.340  61.565 0.0000000000
56717  22.650  -28.635  58.514 0.0000000000
54312  22.342  -29.908  58.662 0.0000000000
53160  21.537  -30.756  59.145 0.0000000000
53154  21.271  -31.090  59.659 0.0000000000
50605  21.137  -31.857  60.245 0.0000000000
51868  20.803  -32.881  60.704 0.0000000000
51862  20.544  -33.500  61.112 0.0000000000
54293  20.013  -30.746  61.552 0.0000000000
53135  20.203  -31.540  62.042 0.0000000000
60286  8.921  -26.265  57.892 0.0000000000
60290  9.294  -25.136  57.704 0.0000000000
61405  8.794  -24.430  57.177 0.0000000000
62499  8.925  -23.842  57.032 0.0000000000
62516  8.149  -22.772  56.340 0.0000000000
62523  7.981  -22.641  56.166 0.0000000000
63655  7.986  -22.542  55.845 0.0000000000
50608  15.554  -34.227  59.322 0.0000000000
51883  17.102  -33.070  58.832 0.0000000000
51891  17.283  -32.487  58.936 0.0000000000
56675  14.603  -28.241  63.349 0.0000000000
55439  14.826  -28.863  63.046 0.0000000000
56676  13.580  -28.114  63.412 0.0000000000
59082  12.647  -26.777  64.102 0.0000000000
57914  12.178  -27.194  64.040 0.0000000000
56677  12.679  -28.226  63.342 0.0000000000
46465  17.579  -36.347  61.678 0.0000000000
46466  16.777  -36.424  61.819 0.0000000000
46467  15.849  -36.639  61.696 0.0000000000
46468  14.958  -36.711  61.729 0.0000000000
46477  13.218  -36.881  61.068 0.0000000000
49578  12.768  -35.347  59.541 0.0000000000
53177  14.859  -31.872  55.539 0.0000000000
54329  16.374  -30.160  54.543 0.0000000000
53199  16.171  -30.985  53.414 0.0000000000
54335  16.293  -30.344  52.704 0.0000000000
54339  16.228  -29.897  51.823 0.0000000000
56793  10.570  -28.354  52.643 0.0000000000
56825  11.111  -28.847  50.811 0.0000000000
56841  11.320  -29.077  49.927 0.0000000000
56880  12.119  -28.886  46.789 0.0000000000
55551  12.589  -29.156  45.514 0.0000000000
56894  11.453  -29.198  45.959 0.0000000000
55539  10.846  -29.081  45.725 0.0000000000
56895  10.082  -28.671  45.422 0.0000000000
56896  9.724  -28.541  45.607 0.0000000000
55554  9.094  -28.536  45.154 0.0000000000
56897  8.402  -27.775  44.861 0.0000000000
64917  9.152  -21.405  48.985 0.0000000000
64918  8.947  -21.896  48.649 0.0000000000
63757  8.810  -22.217  48.361 0.0000000000
63767  10.124  -22.119  47.310 0.0000000000
50792  10.752  -33.767  47.561 0.0000000000
50587  17.524  -34.069  61.756 0.0000000000
51866  17.993  -31.899  62.182 0.0000000000
56682  16.654  -28.263  63.022 0.0000000000
56728  24.488  -28.752  56.674 0.0000000000
55486  24.179  -29.657  55.840 0.0000000000
55485  24.444  -29.648  56.531 0.0000000000
53168  22.947  -31.158  56.290 0.0000000000
53156  23.494  -30.772  57.310 0.0000000000
53164  22.722  -31.381  56.711 0.0000000000
51913  22.535  -31.479  56.184 0.0000000000
51912  22.104  -31.958  56.002 0.0000000000
49603  21.434  -33.021  55.927 0.0000000000
54305  22.261  -30.371  58.599 0.0000000000
51879  21.806  -32.192  58.012 0.0000000000
51873  21.487  -32.547  58.642 0.0000000000
49592  21.078  -33.473  56.776 0.0000000000
48586  20.834  -33.715  56.597 0.0000000000
47539  20.300  -34.694  57.584 0.0000000000
45469  18.737  -36.372  59.358 0.0000000000
45465  18.128  -36.494  60.241 0.0000000000
46473  17.893  -36.526  60.945 0.0000000000
50578  20.424  -33.731  61.568 0.0000000000
49559  19.692  -33.977  62.325 0.0000000000
48545  19.279  -34.860  61.891 0.0000000000
47510  18.582  -35.622  61.805 0.0000000000
49554  17.832  -34.676  62.863 0.0000000000
49555  17.322  -34.942  62.854 0.0000000000
56733  13.125  -28.262  57.429 0.0000000000
56744  12.317  -27.783  56.570 0.0000000000
57963  11.983  -27.606  55.933 0.0000000000
57974  11.464  -27.640  55.808 0.0000000000
57973  11.841  -27.691  55.336 0.0000000000
59128  8.868  -26.654  57.594 0.0000000000
57975  9.026  -27.222  56.251 0.0000000000
56768  9.431  -27.600  55.743 0.0000000000
56780  9.725  -28.254  54.269 0.0000000000
57953  19.040  -27.325  58.590 0.0000000000
59122  18.533  -26.622  58.534 0.0000000000
61394  18.395  -24.905  58.655 0.0000000000
56729  24.227  -28.253  56.312 0.0000000000
61417  25.227  -24.696  57.071 0.0000000000
60292  24.745  -25.640  56.743 0.0000000000
60287  24.976  -25.715  57.848 0.0000000000
59127  24.435  -27.448  56.901 0.0000000000
56714  24.417  -28.764  57.465 0.0000000000
56701  24.105  -28.664  58.025 0.0000000000
56702  23.759  -28.548  58.417 0.0000000000
56716  23.294  -28.547  58.521 0.0000000000
59100  24.499  -26.300  60.084 0.0000000000
59109  23.846  -26.783  59.580 0.0000000000
57948  23.217  -28.086  58.547 0.0000000000
59119  21.563  -26.538  58.659 0.0000000000
51908  11.529  -34.636  57.072 0.0000000000
51884  13.494  -34.480  58.602 0.0000000000
51894  14.829  -33.193  58.155 0.0000000000
54323  16.948  -30.176  56.352 0.0000000000
53169  16.815  -31.088  56.680 0.0000000000
55484  15.903  -28.750  57.177 0.0000000000
51878  17.892  -32.607  60.402 0.0000000000
54310  17.074  -30.461  59.791 0.0000000000
55451  15.456  -29.502  61.927 0.0000000000
56707  14.449  -28.645  58.805 0.0000000000
56722  13.843  -28.596  58.311 0.0000000000
56726  10.642  -27.406  59.110 0.0000000000
57954  9.905  -27.056  58.578 0.0000000000
59124  9.689  -26.699  58.525 0.0000000000
59097  9.735  -26.990  61.017 0.0000000000
59105  9.854  -26.565  60.461 0.0000000000
59115  10.068  -26.305  59.949 0.0000000000
59123  17.874  -26.313  58.738 0.0000000000
54325  23.704  -30.468  55.222 0.0000000000
54327  23.554  -30.966  54.337 0.0000000000
53187  23.345  -31.254  53.773 0.0000000000
51946  22.944  -32.060  54.014 0.0000000000
45473  16.235  -36.894  60.468 0.0000000000
46496  15.655  -37.252  60.207 0.0000000000
45488  14.971  -37.523  59.605 0.0000000000
51950  11.816  -34.147  55.016 0.0000000000
53185  13.075  -32.579  53.891 0.0000000000
53192  12.678  -32.455  53.144 0.0000000000
53193  12.374  -32.754  53.151 0.0000000000
51977  11.728  -32.925  52.310 0.0000000000
51991  10.998  -33.001  51.803 0.0000000000
50791  11.122  -33.748  46.923 0.0000000000
57972  14.943  -27.938  55.224 0.0000000000
57981  14.911  -27.968  54.336 0.0000000000
56762  14.149  -28.334  53.718 0.0000000000
57990  16.041  -27.924  53.331 0.0000000000
56788  16.193  -28.144  52.345 0.0000000000
56804  16.040  -28.473  51.803 0.0000000000
55500  15.951  -29.291  51.238 0.0000000000
58004  12.065  -28.828  52.131 0.0000000000
56806  13.571  -28.766  51.338 0.0000000000
56822  13.703  -28.647  50.550 0.0000000000
58038  14.538  -28.302  50.986 0.0000000000
55502  15.643  -29.541  50.365 0.0000000000
54343  15.433  -30.334  50.103 0.0000000000
52039  14.228  -31.537  48.724 0.0000000000
52040  13.905  -31.712  48.392 0.0000000000
53250  14.771  -31.070  47.337 0.0000000000
53238  14.240  -31.563  47.703 0.0000000000
52059  13.688  -31.991  47.535 0.0000000000
50811  11.275  -33.884  46.198 0.0000000000
50830  11.286  -33.964  45.030 0.0000000000
50848  11.165  -33.844  43.978 0.0000000000
54393  11.733  -30.221  43.638 0.0000000000
54410  11.371  -30.585  43.044 0.0000000000
55605  10.337  -30.193  42.622 0.0000000000
54430  10.902  -30.885  42.549 0.0000000000
53332  10.011  -31.576  42.003 0.0000000000
64820  8.579  -21.239  55.662 0.0000000000
64838  8.321  -22.070  55.468 0.0000000000
62541  9.936  -24.146  53.982 0.0000000000
62540  10.358  -23.216  53.787 0.0000000000
61463  10.056  -25.103  52.784 0.0000000000
60347  10.021  -25.252  52.182 0.0000000000
59203  9.492  -26.143  50.893 0.0000000000
62558  11.455  -23.274  51.958 0.0000000000
63726  11.007  -22.401  50.845 0.0000000000
62566  11.246  -23.040  51.253 0.0000000000
61466  11.074  -23.868  51.697 0.0000000000
61468  9.982  -25.052  50.866 0.0000000000
59204  9.208  -26.582  50.308 0.0000000000
58055  8.715  -26.839  49.660 0.0000000000
58070  8.420  -26.980  48.897 0.0000000000
59243  8.387  -26.181  48.087 0.0000000000
56883  8.557  -27.411  45.980 0.0000000000
58097  8.418  -26.931  45.806 0.0000000000
61482  7.853  -24.230  46.633 0.0000000000
60380  8.034  -25.212  45.938 0.0000000000
59263  8.011  -26.016  45.193 0.0000000000
58122  8.082  -27.263  44.111 0.0000000000
45505  16.465  -37.014  58.938 0.0000000000
48542  20.283  -34.486  60.908 0.0000000000
48561  20.549  -34.323  59.710 0.0000000000
48569  10.850  -35.551  59.317 0.0000000000
49556  20.313  -34.295  60.913 0.0000000000
49557  20.273  -34.192  61.312 0.0000000000
49564  20.674  -33.938  59.898 0.0000000000
49573  20.503  -34.301  59.951 0.0000000000
49585  20.816  -33.828  57.212 0.0000000000
49602  21.631  -32.813  55.667 0.0000000000
49628  22.337  -32.781  54.066 0.0000000000
50576  20.537  -33.826  60.654 0.0000000000
50585  20.539  -33.957  60.465 0.0000000000
50591  21.116  -32.026  60.422 0.0000000000
50592  21.011  -31.845  60.554 0.0000000000
50604  21.275  -32.097  60.113 0.0000000000
50617  21.246  -31.925  59.971 0.0000000000
50618  21.070  -32.094  59.942 0.0000000000
50629  15.961  -33.389  57.942 0.0000000000
50638  21.831  -32.579  55.660 0.0000000000
50829  11.720  -33.657  44.571 0.0000000000
51861  20.504  -33.743  60.901 0.0000000000
51877  18.135  -32.848  61.087 0.0000000000
51880  21.261  -31.717  59.841 0.0000000000
51881  21.073  -31.616  60.213 0.0000000000
51889  21.156  -31.833  60.155 0.0000000000
51890  21.371  -31.871  60.138 0.0000000000
51893  15.208  -33.175  58.071 0.0000000000
51907  11.936  -34.443  56.885 0.0000000000
51945  23.201  -31.622  53.788 0.0000000000
51947  13.123  -32.802  54.556 0.0000000000
51962  12.302  -32.673  52.738 0.0000000000
52022  13.557  -31.854  49.131 0.0000000000
53142  17.152  -30.638  62.126 0.0000000000
53147  20.577  -30.786  60.911 0.0000000000
53150  23.217  -30.921  57.714 0.0000000000
53163  23.400  -30.895  56.740 0.0000000000
53171  13.675  -32.076  55.794 0.0000000000
53174  22.885  -31.224  55.846 0.0000000000
53181  16.186  -30.716  55.009 0.0000000000
53229  13.977  -31.652  49.256 0.0000000000
53265  14.220  -31.546  46.146 0.0000000000
53310  12.941  -31.600  43.568 0.0000000000
53334  8.779  -30.976  41.432 0.0000000000
54294  19.546  -30.447  61.980 0.0000000000
54306  21.809  -30.681  58.778 0.0000000000
54318  23.990  -30.493  56.865 0.0000000000
54349  15.385  -30.354  49.263 0.0000000000
54356  15.457  -30.295  48.466 0.0000000000
54363  15.426  -30.160  47.759 0.0000000000
54364  15.130  -30.477  47.409 0.0000000000
54380  13.924  -29.851  45.205 0.0000000000
54411  10.686  -30.394  42.687 0.0000000000
55442  17.419  -28.978  63.417 0.0000000000
55474  22.551  -29.400  58.619 0.0000000000
55477  20.591  -29.202  58.833 0.0000000000
55481  13.480  -28.575  58.718 0.0000000000
55489  16.598  -29.402  54.906 0.0000000000
55496  16.417  -29.381  52.360 0.0000000000
55499  16.298  -29.146  51.823 0.0000000000
55525  15.417  -29.528  48.183 0.0000000000
55526  15.069  -29.162  47.787 0.0000000000
55538  11.088  -29.288  45.889 0.0000000000
55549  14.415  -29.525  46.405 0.0000000000
55583  11.265  -29.979  43.445 0.0000000000
56700  10.279  -27.795  60.364 0.0000000000
56708  14.042  -28.636  58.864 0.0000000000
56748  9.376  -27.463  57.043 0.0000000000
56761  16.104  -28.179  54.714 0.0000000000
56787  16.428  -28.584  52.611 0.0000000000
56789  14.168  -28.460  52.250 0.0000000000
56805  14.159  -28.453  50.969 0.0000000000
56821  14.572  -28.424  50.539 0.0000000000
56852  15.288  -29.114  48.756 0.0000000000
56865  15.103  -28.943  48.288 0.0000000000
56893  11.907  -29.027  46.006 0.0000000000
57913  12.497  -27.204  64.171 0.0000000000
57920  12.077  -27.530  63.749 0.0000000000
57932  9.887  -27.378  60.861 0.0000000000
57936  10.329  -27.763  60.637 0.0000000000
57945  17.119  -27.108  59.900 0.0000000000
57957  24.325  -27.871  56.624 0.0000000000
57959  9.290  -27.095  57.894 0.0000000000
57961  15.440  -27.983  55.511 0.0000000000
57964  11.736  -27.608  56.244 0.0000000000
57980  15.660  -27.947  54.112 0.0000000000
57982  11.585  -27.797  54.900 0.0000000000
57983  11.328  -27.729  55.222 0.0000000000
57999  16.237  -28.016  52.742 0.0000000000
58000  15.713  -27.917  52.423 0.0000000000
58003  12.182  -28.899  51.949 0.0000000000
58018  14.426  -28.309  51.450 0.0000000000
58019  13.938  -28.585  51.715 0.0000000000
58020  12.030  -28.939  51.805 0.0000000000
58021  11.900  -28.780  51.962 0.0000000000
58040  12.290  -29.284  50.559 0.0000000000
58053  12.354  -29.204  50.272 0.0000000000
58054  12.091  -29.318  50.405 0.0000000000
58109  8.270  -26.505  45.696 0.0000000000
59087  12.328  -26.303  63.660 0.0000000000
59098  9.771  -27.282  60.664 0.0000000000
60333  9.284  -25.646  53.266 0.0000000000
60358  10.207  -25.002  51.816 0.0000000000
60381  7.926  -25.165  45.455 0.0000000000
61420  9.392  -23.848  57.017 0.0000000000
61467  10.525  -24.444  51.285 0.0000000000
62539  10.851  -22.942  53.430 0.0000000000
62559  11.039  -23.629  51.365 0.0000000000
62567  10.670  -23.404  50.652 0.0000000000
63640  8.005  -22.376  56.354 0.0000000000
63656  7.866  -22.399  56.148 0.0000000000
63727  10.363  -22.408  50.152 0.0000000000
64822  7.868  -22.128  56.224 0.0000000000
136424  9.825  -28.455  48.926 0.0000000000
136427  9.484  -28.434  49.046 0.0000000000
136428  9.142  -27.943  50.951 0.0000000000
136437  9.454  -28.111  46.971 0.0000000000
136438  9.340  -28.074  46.746 0.0000000000
