#!ascii label  , from subject abby vox2ras=TkReg
946
98415  43.320  9.909  26.005 0.0000000000
101290  42.678  12.155  12.728 0.0000000000
106129  49.150  17.221  6.389 0.0000000000
95541  44.623  6.878  5.422 0.0000000000
97477  37.743  9.153  20.838 0.0000000000
105060  52.213  15.735  13.879 0.0000000000
98614  43.857  9.659  7.226 0.0000000000
104130  39.451  15.534  9.875 0.0000000000
106020  46.837  17.279  18.007 0.0000000000
103058  42.472  14.760  20.081 0.0000000000
97533  40.807  8.519  15.763 0.0000000000
106104  45.109  18.061  10.084 0.0000000000
104182  40.597  15.552  5.468 0.0000000000
104125  45.937  14.791  9.354 0.0000000000
102225  43.328  13.416  3.405 0.0000000000
104077  41.544  15.809  11.901 0.0000000000
103045  45.028  14.836  22.701 0.0000000000
102110  42.728  13.041  23.367 0.0000000000
98508  39.287  9.654  17.902 0.0000000000
106092  50.668  16.923  10.345 0.0000000000
107052  48.135  18.248  11.937 0.0000000000
106122  46.686  17.925  7.754 0.0000000000
105132  43.334  16.734  7.116 0.0000000000
106155  43.978  18.076  4.729 0.0000000000
104038  44.287  15.191  14.414 0.0000000000
105065  46.935  16.129  13.594 0.0000000000
102168  44.205  13.568  11.899 0.0000000000
98634  45.664  9.486  5.493 0.0000000000
100474  43.843  11.333  5.291 0.0000000000
98645  44.130  9.655  4.402 0.0000000000
99615  42.166  10.803  4.830 0.0000000000
97637  43.227  8.068  5.571 0.0000000000
94493  41.991  5.427  8.083 0.0000000000
96366  40.814  7.601  25.346 0.0000000000
99457  40.080  10.021  23.368 0.0000000000
104104  52.056  15.676  9.836 0.0000000000
97581  42.489  8.646  11.538 0.0000000000
100436  42.394  11.255  10.529 0.0000000000
97606  44.794  8.168  9.258 0.0000000000
97626  47.008  8.484  7.350 0.0000000000
105988  50.168  17.543  20.668 0.0000000000
104970  47.246  16.712  21.303 0.0000000000
104985  44.502  16.207  18.722 0.0000000000
103084  41.937  14.099  15.649 0.0000000000
101243  39.532  12.704  20.596 0.0000000000
101259  39.776  12.476  16.698 0.0000000000
99525  41.209  10.499  14.176 0.0000000000
96521  43.263  7.365  13.385 0.0000000000
97422  38.049  8.530  25.567 0.0000000000
108799  46.374  20.425  12.974 0.0000000000
107057  44.178  18.124  11.652 0.0000000000
104110  42.943  15.914  9.806 0.0000000000
104161  39.524  15.460  7.850 0.0000000000
101322  39.320  12.165  6.902 0.0000000000
106047  49.471  17.161  16.069 0.0000000000
104090  49.436  15.711  11.322 0.0000000000
104154  47.543  15.916  7.216 0.0000000000
102200  42.621  13.428  8.358 0.0000000000
104170  43.373  15.440  6.162 0.0000000000
105157  44.776  16.870  4.394 0.0000000000
103191  41.797  14.784  2.910 0.0000000000
100477  40.649  11.880  5.184 0.0000000000
105067  41.720  16.823  13.096 0.0000000000
106077  42.193  17.574  13.218 0.0000000000
101208  44.238  11.854  24.745 0.0000000000
100348  43.672  10.980  24.841 0.0000000000
106110  49.836  17.269  8.304 0.0000000000
106111  48.693  17.726  8.647 0.0000000000
106121  47.824  17.698  7.551 0.0000000000
106132  45.957  17.920  6.634 0.0000000000
106143  46.250  18.205  5.229 0.0000000000
103092  43.585  14.489  14.289 0.0000000000
103104  44.498  14.494  13.173 0.0000000000
102169  43.557  13.147  12.472 0.0000000000
96604  45.297  7.578  5.330 0.0000000000
98643  45.351  9.639  4.798 0.0000000000
97644  44.604  8.283  4.870 0.0000000000
98635  43.774  9.051  4.808 0.0000000000
96606  43.872  7.280  5.321 0.0000000000
95535  43.290  6.479  6.344 0.0000000000
94508  44.059  5.198  6.016 0.0000000000
95372  40.419  6.980  24.254 0.0000000000
104086  53.111  15.419  11.724 0.0000000000
104071  51.548  15.402  11.800 0.0000000000
96553  43.651  7.596  11.369 0.0000000000
97592  43.398  8.187  10.489 0.0000000000
96566  45.014  7.515  10.515 0.0000000000
97615  47.962  8.212  8.354 0.0000000000
96585  47.720  7.698  7.792 0.0000000000
96590  47.113  7.580  6.867 0.0000000000
103052  43.405  14.740  21.188 0.0000000000
103993  45.076  15.635  21.165 0.0000000000
104000  43.013  15.258  19.263 0.0000000000
104008  42.808  15.425  17.290 0.0000000000
103069  41.448  14.606  18.172 0.0000000000
98472  38.475  9.513  22.312 0.0000000000
100371  39.330  11.442  22.037 0.0000000000
99471  38.068  10.655  20.746 0.0000000000
98517  39.892  9.269  16.480 0.0000000000
99497  39.113  10.799  17.180 0.0000000000
98541  39.906  10.263  15.737 0.0000000000
100391  40.443  11.565  15.310 0.0000000000
98553  40.598  9.846  14.767 0.0000000000
97569  41.619  8.793  13.317 0.0000000000
96506  42.215  7.611  14.528 0.0000000000
97531  45.641  8.217  14.973 0.0000000000
107065  46.564  18.807  10.545 0.0000000000
107936  47.304  19.175  12.380 0.0000000000
107952  45.797  19.152  10.962 0.0000000000
107947  44.831  19.394  11.836 0.0000000000
107056  44.740  18.640  11.265 0.0000000000
106106  43.984  17.252  11.029 0.0000000000
105104  44.419  17.131  9.940 0.0000000000
105147  42.273  16.767  6.036 0.0000000000
104159  41.878  16.142  7.561 0.0000000000
104172  40.402  15.636  6.259 0.0000000000
103163  39.253  14.724  7.084 0.0000000000
102220  39.556  13.767  5.906 0.0000000000
106008  48.553  17.552  18.724 0.0000000000
106017  49.933  17.511  17.794 0.0000000000
106030  48.026  17.381  16.917 0.0000000000
104093  46.303  15.167  11.843 0.0000000000
105079  48.258  16.167  12.577 0.0000000000
104108  47.519  15.511  10.488 0.0000000000
104122  49.043  15.523  9.032 0.0000000000
104140  47.034  15.465  8.355 0.0000000000
99575  42.761  10.359  8.201 0.0000000000
101316  42.335  12.240  8.964 0.0000000000
100456  42.542  11.175  7.616 0.0000000000
101343  43.558  12.662  4.026 0.0000000000
102212  42.399  13.538  5.802 0.0000000000
103184  42.588  14.691  4.492 0.0000000000
104180  43.867  16.323  4.792 0.0000000000
104197  43.339  15.473  3.459 0.0000000000
105182  43.320  16.366  2.733 0.0000000000
102237  43.080  14.070  2.558 0.0000000000
98628  42.361  9.744  5.880 0.0000000000
100476  41.489  11.100  5.288 0.0000000000
99596  41.662  10.331  6.435 0.0000000000
100457  40.588  10.973  7.191 0.0000000000
105000  52.525  16.554  16.672 0.0000000000
104078  40.756  15.678  12.030 0.0000000000
104096  41.002  15.521  11.264 0.0000000000
103020  46.661  14.016  24.703 0.0000000000
102107  45.300  13.417  24.387 0.0000000000
103041  44.004  13.927  23.200 0.0000000000
103048  42.309  13.868  22.162 0.0000000000
98497  38.478  9.481  19.287 0.0000000000
106094  48.652  17.945  11.480 0.0000000000
106103  47.513  18.294  9.967 0.0000000000
106113  46.258  18.118  8.938 0.0000000000
106124  44.935  17.357  8.664 0.0000000000
106133  44.753  17.269  7.202 0.0000000000
106145  43.687  17.389  6.140 0.0000000000
106157  41.962  17.242  5.046 0.0000000000
105025  45.296  16.472  15.981 0.0000000000
105023  46.784  16.686  15.307 0.0000000000
104037  45.541  15.885  14.651 0.0000000000
104076  45.644  14.916  12.526 0.0000000000
103135  44.936  14.032  10.449 0.0000000000
98624  45.640  9.564  6.292 0.0000000000
100464  43.414  10.909  6.040 0.0000000000
99603  45.088  10.809  4.981 0.0000000000
100482  44.549  11.400  4.483 0.0000000000
100493  44.034  11.816  3.583 0.0000000000
100494  43.182  11.817  3.382 0.0000000000
98646  43.547  10.097  4.429 0.0000000000
98636  43.102  9.499  5.039 0.0000000000
97629  42.463  8.192  6.864 0.0000000000
94492  42.727  4.776  7.412 0.0000000000
97434  42.247  8.895  25.456 0.0000000000
99445  42.216  10.022  24.581 0.0000000000
98446  41.001  8.567  24.364 0.0000000000
97455  39.880  8.267  23.664 0.0000000000
96423  38.322  7.568  21.730 0.0000000000
105077  51.993  16.477  11.568 0.0000000000
105103  51.542  16.383  9.716 0.0000000000
105119  50.361  16.389  7.653 0.0000000000
99542  42.275  10.515  12.084 0.0000000000
100429  42.429  11.310  11.466 0.0000000000
98589  42.423  9.533  10.757 0.0000000000
98596  42.765  9.459  9.622 0.0000000000
98602  44.383  8.813  8.239 0.0000000000
97604  46.832  8.251  9.370 0.0000000000
97617  46.161  8.382  8.404 0.0000000000
98612  46.002  9.050  7.186 0.0000000000
97636  46.847  8.366  6.460 0.0000000000
96597  46.321  7.572  6.068 0.0000000000
95532  45.600  6.483  6.157 0.0000000000
93458  44.387  4.197  6.286 0.0000000000
105978  48.620  17.243  21.366 0.0000000000
106000  47.402  17.255  19.663 0.0000000000
104967  46.402  15.879  22.314 0.0000000000
104975  46.332  16.563  20.372 0.0000000000
104984  45.571  16.699  18.547 0.0000000000
105005  44.304  16.350  17.073 0.0000000000
104023  43.389  15.193  15.437 0.0000000000
102150  42.292  13.451  14.618 0.0000000000
100361  41.452  11.310  23.626 0.0000000000
101237  41.168  12.819  22.180 0.0000000000
102124  40.339  13.453  20.501 0.0000000000
100379  38.287  11.260  19.190 0.0000000000
101249  38.965  12.598  18.838 0.0000000000
103070  40.751  14.138  18.503 0.0000000000
102140  40.404  13.293  16.560 0.0000000000
101269  41.304  12.373  14.759 0.0000000000
100411  41.738  11.357  13.611 0.0000000000
98573  41.739  9.586  12.952 0.0000000000
96538  42.528  7.896  12.552 0.0000000000
96536  44.418  7.245  12.221 0.0000000000
96488  44.731  7.604  14.834 0.0000000000
96503  44.989  7.564  14.004 0.0000000000
98433  40.367  9.460  26.122 0.0000000000
97421  39.045  8.478  25.900 0.0000000000
96370  37.074  7.894  25.358 0.0000000000
108786  46.943  20.706  13.432 0.0000000000
108788  45.586  20.992  13.066 0.0000000000
106087  43.233  17.523  12.252 0.0000000000
105096  42.846  16.161  10.915 0.0000000000
104112  41.238  15.480  10.372 0.0000000000
104142  43.262  16.197  8.623 0.0000000000
104144  41.580  15.822  8.388 0.0000000000
104146  39.538  15.502  8.932 0.0000000000
105042  50.626  16.452  14.477 0.0000000000
105044  48.164  16.562  14.244 0.0000000000
105043  49.363  16.566  14.295 0.0000000000
104053  50.886  15.624  12.677 0.0000000000
104089  50.777  15.437  10.885 0.0000000000
104138  49.332  15.625  7.900 0.0000000000
105128  48.956  16.096  6.406 0.0000000000
102185  42.865  12.682  10.604 0.0000000000
102184  43.435  13.329  10.320 0.0000000000
103145  44.175  14.281  9.146 0.0000000000
101327  42.406  12.541  6.230 0.0000000000
103162  42.822  14.182  7.424 0.0000000000
103160  44.648  14.880  7.834 0.0000000000
104155  45.922  15.765  7.105 0.0000000000
105144  46.596  16.645  5.574 0.0000000000
106152  46.812  17.546  4.627 0.0000000000
106164  45.291  17.803  3.878 0.0000000000
106172  43.206  17.464  3.175 0.0000000000
104190  41.272  15.476  4.224 0.0000000000
100495  42.361  12.434  3.212 0.0000000000
101346  40.783  13.172  4.297 0.0000000000
102228  40.344  13.827  4.594 0.0000000000
100468  39.892  11.928  6.201 0.0000000000
94494  41.282  5.956  8.617 0.0000000000
107034  42.865  18.413  13.008 0.0000000000
99427  43.787  10.263  25.887 0.0000000000
100347  44.438  11.088  25.386 0.0000000000
99428  43.396  10.099  25.565 0.0000000000
106119  50.016  16.983  7.268 0.0000000000
106120  49.036  17.513  7.323 0.0000000000
106130  48.202  17.501  6.301 0.0000000000
106131  47.054  17.778  6.337 0.0000000000
102161  43.344  13.373  13.334 0.0000000000
101289  43.074  12.706  13.051 0.0000000000
95540  45.234  6.777  5.604 0.0000000000
96605  44.360  7.501  5.154 0.0000000000
95542  44.183  7.011  5.356 0.0000000000
95534  43.946  6.484  5.676 0.0000000000
105040  52.929  15.743  14.565 0.0000000000
104035  52.855  15.535  13.667 0.0000000000
104051  53.235  15.316  13.036 0.0000000000
104052  52.163  15.375  12.911 0.0000000000
96552  44.662  7.381  11.304 0.0000000000
96551  45.585  7.517  11.261 0.0000000000
95518  47.829  6.922  8.411 0.0000000000
95519  47.082  6.612  7.859 0.0000000000
104147  38.700  15.159  9.234 0.0000000000
103057  43.241  14.945  20.395 0.0000000000
103063  42.207  14.972  18.809 0.0000000000
98477  37.980  9.581  21.479 0.0000000000
99468  38.334  10.417  21.570 0.0000000000
99469  37.849  10.083  21.096 0.0000000000
97520  40.349  8.855  16.236 0.0000000000
98529  39.741  9.754  16.093 0.0000000000
97534  40.449  9.048  15.570 0.0000000000
98540  40.212  9.720  15.486 0.0000000000
97545  40.878  8.836  14.935 0.0000000000
96507  41.467  8.062  14.671 0.0000000000
107066  45.630  18.640  10.363 0.0000000000
107951  46.099  19.079  10.747 0.0000000000
107055  45.387  19.048  10.978 0.0000000000
107067  44.989  18.304  10.528 0.0000000000
106105  44.601  17.615  10.535 0.0000000000
106115  44.838  17.534  9.661 0.0000000000
105149  40.851  16.305  5.672 0.0000000000
105135  40.884  16.306  6.383 0.0000000000
103172  39.796  14.663  6.173 0.0000000000
103171  40.299  15.091  5.804 0.0000000000
106009  47.553  17.413  18.784 0.0000000000
106019  47.754  17.475  17.855 0.0000000000
103142  46.101  14.778  10.532 0.0000000000
104092  47.269  15.633  11.616 0.0000000000
104124  46.624  15.010  9.690 0.0000000000
104123  47.838  15.503  9.317 0.0000000000
99574  43.304  10.036  7.621 0.0000000000
99584  42.996  10.647  7.242 0.0000000000
102226  42.912  13.772  3.872 0.0000000000
103190  42.988  14.782  3.626 0.0000000000
103189  43.370  14.807  3.082 0.0000000000
103195  43.228  14.826  2.696 0.0000000000
102231  43.344  13.885  2.922 0.0000000000
98616  42.199  9.259  6.917 0.0000000000
99585  41.492  10.097  7.415 0.0000000000
105083  41.249  16.184  12.594 0.0000000000
102087  46.599  13.266  25.435 0.0000000000
101206  45.531  12.361  25.344 0.0000000000
101223  43.616  12.344  24.220 0.0000000000
102090  44.185  12.671  24.265 0.0000000000
102115  42.968  13.525  23.087 0.0000000000
103047  43.041  14.118  22.458 0.0000000000
102116  42.298  13.333  22.689 0.0000000000
106084  50.864  16.979  11.923 0.0000000000
106093  49.626  17.609  10.976 0.0000000000
106102  48.343  17.988  10.188 0.0000000000
106112  47.332  18.130  9.082 0.0000000000
107073  47.028  18.461  9.984 0.0000000000
106123  45.719  17.712  8.095 0.0000000000
106144  45.027  17.909  5.616 0.0000000000
106156  42.675  17.520  5.234 0.0000000000
104022  44.550  16.023  15.704 0.0000000000
104021  45.312  16.247  15.450 0.0000000000
103114  44.798  14.266  12.344 0.0000000000
103103  44.958  14.629  12.845 0.0000000000
103125  44.962  13.994  11.398 0.0000000000
103124  45.625  14.662  11.850 0.0000000000
98633  46.374  9.137  6.071 0.0000000000
99593  44.962  10.319  5.741 0.0000000000
99592  45.418  10.117  5.422 0.0000000000
98644  44.921  9.759  4.489 0.0000000000
99611  45.149  10.105  4.541 0.0000000000
99612  44.704  10.705  4.228 0.0000000000
100492  44.520  11.649  3.916 0.0000000000
99620  44.401  11.361  3.789 0.0000000000
99621  44.019  11.199  3.643 0.0000000000
99613  43.852  10.534  3.990 0.0000000000
97646  43.090  8.562  5.514 0.0000000000
98627  42.668  8.968  5.969 0.0000000000
97638  42.875  8.164  6.097 0.0000000000
96600  42.795  7.344  6.555 0.0000000000
94502  43.167  5.329  6.851 0.0000000000
97418  41.730  8.482  25.656 0.0000000000
97435  41.775  8.312  25.059 0.0000000000
96380  41.417  7.914  25.212 0.0000000000
96402  40.268  7.369  23.983 0.0000000000
96403  39.490  7.388  23.469 0.0000000000
97456  38.982  8.283  23.177 0.0000000000
96413  38.804  7.407  22.782 0.0000000000
104087  52.613  15.468  10.953 0.0000000000
105102  52.301  16.023  10.177 0.0000000000
104119  51.804  15.910  9.114 0.0000000000
105112  51.356  16.217  8.835 0.0000000000
104120  51.196  15.815  8.658 0.0000000000
98581  42.223  9.598  11.704 0.0000000000
99550  42.287  10.428  11.099 0.0000000000
97607  43.840  8.351  9.546 0.0000000000
97608  43.157  8.702  9.897 0.0000000000
98603  43.560  9.288  8.476 0.0000000000
97619  44.276  8.563  8.753 0.0000000000
97591  46.969  8.084  9.983 0.0000000000
97603  47.900  8.443  9.348 0.0000000000
97616  47.124  8.457  8.346 0.0000000000
97627  46.430  8.606  7.652 0.0000000000
97628  45.689  8.689  7.774 0.0000000000
98611  46.503  8.760  7.182 0.0000000000
98623  46.450  8.911  6.714 0.0000000000
95525  46.609  6.730  7.155 0.0000000000
96591  46.622  7.188  6.613 0.0000000000
95531  46.273  6.844  6.499 0.0000000000
94506  45.445  5.920  6.767 0.0000000000
94507  44.820  5.435  6.494 0.0000000000
104965  48.462  16.708  22.370 0.0000000000
105958  49.406  17.017  22.105 0.0000000000
104969  48.005  17.036  21.537 0.0000000000
105990  48.039  17.364  20.444 0.0000000000
105991  47.259  17.047  20.450 0.0000000000
103039  46.159  14.623  23.902 0.0000000000
103979  46.769  15.054  23.816 0.0000000000
103985  45.547  15.195  22.718 0.0000000000
104977  44.716  15.763  20.245 0.0000000000
104976  45.308  15.959  20.562 0.0000000000
104980  45.414  16.373  19.544 0.0000000000
104979  46.137  16.709  19.322 0.0000000000
104993  44.767  16.570  17.715 0.0000000000
104994  44.036  16.231  17.733 0.0000000000
103073  42.182  14.852  16.810 0.0000000000
104013  42.810  15.190  16.316 0.0000000000
103078  42.300  14.615  16.005 0.0000000000
103083  42.583  14.384  15.251 0.0000000000
102144  42.025  13.822  15.258 0.0000000000
99455  41.499  10.172  24.162 0.0000000000
100350  41.934  10.661  24.234 0.0000000000
100362  40.685  10.965  23.386 0.0000000000
100374  39.196  11.815  21.412 0.0000000000
101235  40.148  12.034  22.098 0.0000000000
101242  40.126  12.926  21.111 0.0000000000
102121  40.629  13.285  21.203 0.0000000000
98509  38.735  9.935  18.345 0.0000000000
99489  38.339  10.482  18.808 0.0000000000
100386  39.238  11.702  17.201 0.0000000000
101254  39.033  12.308  17.809 0.0000000000
102130  40.147  13.601  18.819 0.0000000000
102134  40.205  13.575  17.815 0.0000000000
103075  40.850  14.090  17.489 0.0000000000
102141  39.895  12.981  16.819 0.0000000000
100401  40.782  11.332  14.705 0.0000000000
101270  40.721  11.958  15.094 0.0000000000
100400  41.371  11.499  14.272 0.0000000000
101282  41.720  11.905  14.129 0.0000000000
99534  41.665  10.370  13.313 0.0000000000
96522  42.417  7.659  13.607 0.0000000000
96539  41.927  8.147  13.086 0.0000000000
96537  43.461  7.449  12.404 0.0000000000
96520  44.246  7.215  13.221 0.0000000000
97532  44.792  7.808  15.492 0.0000000000
97543  46.764  8.546  13.960 0.0000000000
99429  40.426  10.350  25.936 0.0000000000
98435  38.550  9.308  25.550 0.0000000000
98434  39.415  9.342  25.875 0.0000000000
96368  38.737  7.636  25.602 0.0000000000
96369  37.774  7.785  25.499 0.0000000000
107937  46.332  19.868  12.425 0.0000000000
107925  47.205  19.917  13.163 0.0000000000
107926  46.692  20.208  13.012 0.0000000000
108787  46.192  20.935  13.226 0.0000000000
109612  45.912  21.569  13.297 0.0000000000
108800  45.784  20.488  12.721 0.0000000000
107044  44.468  19.030  11.976 0.0000000000
107045  43.820  18.504  12.289 0.0000000000
107046  43.174  17.982  12.582 0.0000000000
106096  43.733  17.597  11.679 0.0000000000
105106  42.968  16.042  10.282 0.0000000000
104111  42.312  15.619  10.183 0.0000000000
105120  44.277  16.733  8.279 0.0000000000
105121  43.454  16.416  8.061 0.0000000000
104160  40.708  15.946  7.347 0.0000000000
104145  40.489  15.750  8.597 0.0000000000
104162  38.884  15.155  8.453 0.0000000000
101329  38.998  13.249  6.831 0.0000000000
105997  50.561  17.579  19.724 0.0000000000
106029  49.105  17.457  16.895 0.0000000000
106028  50.198  17.226  16.918 0.0000000000
106045  51.007  16.813  16.288 0.0000000000
105020  50.000  16.855  15.316 0.0000000000
105045  46.973  16.404  14.263 0.0000000000
105022  47.717  16.809  15.166 0.0000000000
105092  48.595  15.988  11.916 0.0000000000
105063  48.739  16.312  13.350 0.0000000000
105078  49.241  15.958  12.442 0.0000000000
105062  49.991  16.045  13.344 0.0000000000
104054  50.006  15.632  12.516 0.0000000000
104072  50.390  15.545  11.882 0.0000000000
104139  48.242  15.640  8.137 0.0000000000
104152  49.447  15.850  7.050 0.0000000000
104153  48.643  15.823  7.103 0.0000000000
101304  42.547  12.031  10.943 0.0000000000
101310  42.593  12.070  10.027 0.0000000000
102193  42.778  12.981  9.617 0.0000000000
102192  43.540  13.781  9.261 0.0000000000
102199  43.294  13.944  8.557 0.0000000000
100465  42.814  11.389  6.480 0.0000000000
100475  42.920  11.965  5.504 0.0000000000
103170  42.654  14.427  6.406 0.0000000000
103169  43.174  14.787  6.936 0.0000000000
103161  43.645  14.674  7.536 0.0000000000
104157  43.571  15.116  6.949 0.0000000000
104156  44.278  15.426  6.957 0.0000000000
104179  44.722  16.565  4.875 0.0000000000
104169  44.901  16.146  5.702 0.0000000000
105156  45.428  16.872  4.688 0.0000000000
105155  46.327  17.218  4.686 0.0000000000
105165  45.869  17.444  4.276 0.0000000000
106153  46.212  17.831  4.334 0.0000000000
105166  45.305  17.409  4.166 0.0000000000
105184  42.664  15.972  2.668 0.0000000000
105175  43.324  16.925  2.720 0.0000000000
105176  42.498  16.522  3.048 0.0000000000
105168  41.530  16.535  4.103 0.0000000000
104198  41.716  15.634  3.408 0.0000000000
100484  42.901  11.284  3.841 0.0000000000
100485  41.930  11.596  4.078 0.0000000000
100486  40.981  12.474  4.395 0.0000000000
101336  40.222  12.945  4.929 0.0000000000
100478  39.979  12.555  5.658 0.0000000000
99586  40.871  10.560  7.665 0.0000000000
100450  40.323  10.974  7.795 0.0000000000
95528  42.061  6.553  7.764 0.0000000000
106078  41.321  17.491  13.629 0.0000000000
105066  42.321  17.086  12.845 0.0000000000
101207  45.139  11.792  25.477 0.0000000000
101209  43.397  11.697  24.414 0.0000000000
101224  42.795  12.241  23.846 0.0000000000
106100  50.626  16.789  9.134 0.0000000000
106101  49.674  17.473  9.579 0.0000000000
104039  43.585  14.920  14.723 0.0000000000
103105  43.756  14.136  13.541 0.0000000000
103115  44.013  13.849  12.772 0.0000000000
96603  45.808  8.153  5.573 0.0000000000
97643  45.363  8.785  5.132 0.0000000000
97651  45.121  9.326  4.719 0.0000000000
97652  44.729  9.110  4.696 0.0000000000
97653  44.183  8.856  4.754 0.0000000000
97645  43.661  8.215  5.062 0.0000000000
96599  43.373  7.416  5.771 0.0000000000
94509  43.701  5.860  6.226 0.0000000000
94501  43.659  4.674  6.259 0.0000000000
95337  40.722  6.867  25.005 0.0000000000
96381  41.241  7.385  24.918 0.0000000000
105088  53.332  15.668  12.056 0.0000000000
104069  53.445  15.548  12.541 0.0000000000
104070  52.779  15.059  11.861 0.0000000000
104088  51.967  15.288  10.775 0.0000000000
97580  43.033  8.206  11.143 0.0000000000
96567  44.121  7.662  10.469 0.0000000000
96578  44.587  7.797  9.885 0.0000000000
97614  48.640  8.088  8.982 0.0000000000
96584  48.396  7.773  8.627 0.0000000000
97625  47.407  8.106  7.166 0.0000000000
95524  47.331  7.128  7.575 0.0000000000
104950  48.172  16.049  23.326 0.0000000000
103046  44.318  14.662  22.293 0.0000000000
103986  44.982  15.114  22.202 0.0000000000
103991  44.057  15.238  21.101 0.0000000000
103998  44.260  15.650  20.022 0.0000000000
104002  44.169  15.788  19.373 0.0000000000
104986  43.879  16.034  18.287 0.0000000000
104004  42.851  15.418  18.301 0.0000000000
103068  42.118  15.050  17.764 0.0000000000
103074  41.526  14.503  17.209 0.0000000000
98471  39.017  10.000  22.646 0.0000000000
99465  39.573  10.521  22.808 0.0000000000
99466  38.825  10.533  22.260 0.0000000000
100372  38.704  11.013  21.815 0.0000000000
100375  38.633  11.440  21.189 0.0000000000
97510  39.648  9.390  17.577 0.0000000000
98519  38.988  10.134  17.664 0.0000000000
98518  39.422  9.740  17.002 0.0000000000
99505  39.614  10.569  16.280 0.0000000000
100389  39.578  11.481  16.556 0.0000000000
101263  39.930  11.963  16.198 0.0000000000
100392  40.024  11.348  15.860 0.0000000000
99526  40.670  10.584  14.664 0.0000000000
98552  41.105  9.479  14.327 0.0000000000
98563  41.450  9.569  13.698 0.0000000000
97557  41.342  8.762  14.109 0.0000000000
96523  41.731  8.077  13.840 0.0000000000
96505  43.112  7.340  14.406 0.0000000000
97530  47.068  9.134  15.058 0.0000000000
107053  47.492  18.633  11.610 0.0000000000
107944  47.074  19.033  11.614 0.0000000000
107945  46.470  19.254  11.383 0.0000000000
107938  45.282  19.951  12.227 0.0000000000
107946  45.505  19.460  11.508 0.0000000000
106095  44.306  17.808  11.274 0.0000000000
105105  43.695  16.578  10.158 0.0000000000
105146  42.914  16.929  6.460 0.0000000000
105122  42.851  16.400  7.641 0.0000000000
105134  41.539  16.403  6.699 0.0000000000
104173  39.860  15.365  6.922 0.0000000000
102213  39.148  13.855  6.636 0.0000000000
101328  39.426  12.922  6.373 0.0000000000
105998  49.368  17.533  19.649 0.0000000000
106007  49.664  17.597  18.725 0.0000000000
106018  48.809  17.596  17.801 0.0000000000
106048  48.382  17.201  16.017 0.0000000000
104074  46.947  15.742  12.636 0.0000000000
105064  47.539  16.260  13.282 0.0000000000
105094  47.433  15.839  12.205 0.0000000000
105093  47.881  15.968  12.011 0.0000000000
104091  48.204  15.882  11.238 0.0000000000
104107  48.653  15.619  10.217 0.0000000000
99566  42.539  10.446  9.146 0.0000000000
100443  42.370  11.278  9.545 0.0000000000
100449  42.360  11.291  8.519 0.0000000000
101321  42.222  12.226  7.607 0.0000000000
101334  43.437  12.124  4.813 0.0000000000
101335  42.710  12.764  5.004 0.0000000000
101344  42.862  13.203  4.353 0.0000000000
102218  42.515  13.724  4.790 0.0000000000
104171  42.719  15.002  5.861 0.0000000000
104181  42.839  15.393  5.218 0.0000000000
104188  43.666  16.295  3.664 0.0000000000
105167  44.433  17.209  3.858 0.0000000000
104196  43.440  15.792  2.947 0.0000000000
104202  43.130  15.611  2.574 0.0000000000
103197  42.424  14.807  2.569 0.0000000000
99606  42.019  10.434  5.528 0.0000000000
100466  41.488  10.769  5.891 0.0000000000
100467  40.824  11.147  6.296 0.0000000000
99597  41.082  10.643  7.004 0.0000000000
99576  41.184  10.120  8.086 0.0000000000
105018  52.664  16.200  15.557 0.0000000000
105084  40.479  15.885  12.669 0.0000000000
104113  40.262  15.602  10.551 0.0000000000
103040  45.307  14.315  23.601 0.0000000000
102089  44.969  12.650  24.780 0.0000000000
102108  44.542  13.370  23.983 0.0000000000
103053  42.074  14.183  21.416 0.0000000000
98484  38.024  9.069  20.025 0.0000000000
97491  38.568  8.491  19.883 0.0000000000
98496  39.180  9.420  18.606 0.0000000000
97509  40.183  9.002  17.244 0.0000000000
97519  41.026  8.459  16.545 0.0000000000
96476  41.163  8.214  15.965 0.0000000000
96491  41.929  7.690  15.383 0.0000000000
106085  49.411  17.904  12.383 0.0000000000
107063  47.952  18.180  11.182 0.0000000000
107074  46.427  18.454  9.737 0.0000000000
107075  45.935  18.355  9.590 0.0000000000
106114  45.529  17.942  9.384 0.0000000000
106134  43.968  16.965  6.967 0.0000000000
106146  42.872  17.203  5.969 0.0000000000
105158  41.915  16.974  5.411 0.0000000000
105159  41.395  16.884  5.073 0.0000000000
105003  45.885  16.854  16.585 0.0000000000
106031  46.928  17.173  16.980 0.0000000000
105024  45.942  16.478  15.546 0.0000000000
105046  46.296  16.312  14.815 0.0000000000
104056  46.396  15.758  13.618 0.0000000000
104057  45.242  15.087  13.332 0.0000000000
104075  46.101  15.235  12.704 0.0000000000
103123  45.979  14.895  11.644 0.0000000000
103133  46.026  14.856  11.267 0.0000000000
103143  45.651  14.500  9.935 0.0000000000
98625  44.509  9.813  6.525 0.0000000000
99583  43.512  10.225  6.888 0.0000000000
99594  43.974  10.468  6.075 0.0000000000
99604  44.582  10.849  5.352 0.0000000000
100473  44.670  11.193  5.004 0.0000000000
99602  45.370  10.211  4.858 0.0000000000
101342  44.400  12.062  4.077 0.0000000000
101351  44.113  12.171  3.770 0.0000000000
101352  43.357  12.709  3.351 0.0000000000
99622  43.438  11.100  3.771 0.0000000000
99614  42.961  10.665  4.364 0.0000000000
99605  42.541  10.272  5.016 0.0000000000
98637  42.499  9.983  5.358 0.0000000000
98615  42.555  8.643  6.476 0.0000000000
96592  42.311  7.401  7.368 0.0000000000
94503  42.438  5.945  7.412 0.0000000000
95527  42.652  6.499  7.033 0.0000000000
97417  42.372  9.051  25.985 0.0000000000
99444  43.079  10.140  25.021 0.0000000000
98444  42.390  9.238  25.002 0.0000000000
98445  41.555  9.070  24.473 0.0000000000
98460  40.540  9.165  23.901 0.0000000000
97454  40.627  8.108  24.226 0.0000000000
98461  39.369  9.350  23.117 0.0000000000
98462  38.740  8.891  22.800 0.0000000000
97462  38.434  8.391  22.457 0.0000000000
97468  37.985  8.765  21.695 0.0000000000
105091  51.713  16.489  10.760 0.0000000000
105090  52.528  16.175  11.006 0.0000000000
106109  50.565  16.668  8.198 0.0000000000
106128  49.537  16.898  6.483 0.0000000000
100419  42.408  11.459  12.326 0.0000000000
99558  42.398  10.401  10.114 0.0000000000
97593  42.797  8.757  10.553 0.0000000000
98604  42.818  9.862  8.848 0.0000000000
96564  46.741  7.919  10.427 0.0000000000
96576  46.222  7.878  9.841 0.0000000000
97605  45.742  8.078  9.143 0.0000000000
97618  45.094  8.508  8.409 0.0000000000
98613  44.819  9.131  7.475 0.0000000000
97635  47.217  8.011  6.641 0.0000000000
96596  47.014  7.892  6.415 0.0000000000
97642  46.192  8.639  5.737 0.0000000000
96598  45.683  7.049  5.691 0.0000000000
95533  44.699  6.225  5.924 0.0000000000
105977  49.735  17.330  21.472 0.0000000000
105989  49.028  17.445  20.524 0.0000000000
106010  46.624  17.025  18.885 0.0000000000
103961  47.532  14.730  24.390 0.0000000000
103983  47.105  15.634  23.282 0.0000000000
104966  47.153  16.131  22.565 0.0000000000
103989  45.403  15.546  21.800 0.0000000000
104971  46.133  16.091  21.558 0.0000000000
105992  46.816  16.825  20.300 0.0000000000
106021  46.127  17.021  18.158 0.0000000000
104992  45.540  16.892  17.513 0.0000000000
105004  44.907  16.575  16.705 0.0000000000
104011  44.325  16.250  16.536 0.0000000000
104007  43.455  15.814  17.857 0.0000000000
104012  43.661  15.875  16.725 0.0000000000
103082  43.211  14.635  14.858 0.0000000000
102149  43.163  13.764  14.074 0.0000000000
102162  42.757  13.229  13.831 0.0000000000
100349  42.599  11.099  24.348 0.0000000000
100360  42.250  11.675  23.795 0.0000000000
101225  42.083  12.070  23.457 0.0000000000
100370  40.376  11.425  22.856 0.0000000000
101234  40.794  12.254  22.459 0.0000000000
101233  41.575  12.468  22.878 0.0000000000
102120  41.282  13.440  21.609 0.0000000000
103054  41.334  13.945  21.121 0.0000000000
103059  41.129  14.235  20.410 0.0000000000
99479  37.971  10.367  19.820 0.0000000000
100377  38.308  11.357  20.140 0.0000000000
101247  38.564  12.048  19.476 0.0000000000
100382  38.452  11.259  18.385 0.0000000000
101250  38.570  11.907  18.616 0.0000000000
101246  39.143  12.664  19.742 0.0000000000
102127  40.157  13.563  19.664 0.0000000000
103065  40.656  14.062  19.462 0.0000000000
103064  41.398  14.564  19.257 0.0000000000
103079  41.600  14.199  16.300 0.0000000000
101262  40.456  12.489  15.723 0.0000000000
102145  41.280  13.336  15.526 0.0000000000
102151  41.652  13.039  14.794 0.0000000000
101281  42.305  12.438  13.799 0.0000000000
100410  42.270  11.655  13.069 0.0000000000
100420  42.003  10.948  12.818 0.0000000000
99543  41.923  10.238  12.686 0.0000000000
98572  42.000  9.747  12.355 0.0000000000
97568  41.963  8.853  12.446 0.0000000000
96554  42.975  7.917  11.783 0.0000000000
96535  45.333  7.403  12.065 0.0000000000
96504  44.060  7.361  14.213 0.0000000000
96519  45.263  7.421  12.993 0.0000000000
96518  45.875  7.626  12.590 0.0000000000
98416  42.729  9.708  26.196 0.0000000000
97401  41.868  9.037  26.262 0.0000000000
97402  41.259  8.842  26.101 0.0000000000
97419  41.024  8.374  25.687 0.0000000000
97420  40.149  8.520  25.839 0.0000000000
96367  39.708  7.723  25.564 0.0000000000
97423  37.358  8.321  25.395 0.0000000000
96383  37.414  7.281  25.181 0.0000000000
95353  38.116  6.627  24.816 0.0000000000
109613  45.223  21.454  13.079 0.0000000000
108801  44.945  20.641  12.687 0.0000000000
109626  44.486  21.364  12.928 0.0000000000
106088  42.728  17.517  12.696 0.0000000000
105082  42.491  16.583  12.142 0.0000000000
105095  43.390  16.823  11.347 0.0000000000
105081  43.222  17.123  11.869 0.0000000000
104095  41.996  15.615  11.200 0.0000000000
104129  40.386  15.627  9.623 0.0000000000
105113  44.362  16.921  9.301 0.0000000000
105114  43.740  16.424  8.950 0.0000000000
104126  43.173  16.023  9.170 0.0000000000
104143  42.645  16.026  8.267 0.0000000000
104127  42.369  15.710  9.189 0.0000000000
104128  41.400  15.607  9.387 0.0000000000
102207  38.833  14.094  7.287 0.0000000000
106006  50.870  17.562  18.727 0.0000000000
106026  51.969  16.756  16.909 0.0000000000
105019  51.329  16.589  15.849 0.0000000000
105041  51.854  16.203  14.631 0.0000000000
106049  47.361  17.091  16.050 0.0000000000
105021  48.815  16.882  15.170 0.0000000000
105061  51.283  15.935  13.632 0.0000000000
104105  51.130  15.457  9.751 0.0000000000
104106  49.905  15.453  9.967 0.0000000000
104121  50.198  15.615  8.785 0.0000000000
104137  50.208  15.905  7.677 0.0000000000
105127  49.481  16.215  6.646 0.0000000000
106140  49.082  16.962  6.002 0.0000000000
101297  43.179  12.552  12.316 0.0000000000
102176  43.349  12.966  11.448 0.0000000000
102175  44.184  13.619  10.926 0.0000000000
102183  44.192  13.819  10.004 0.0000000000
103144  44.755  14.280  9.571 0.0000000000
103151  45.426  14.639  9.087 0.0000000000
99595  43.304  10.709  6.548 0.0000000000
102206  42.287  13.433  7.001 0.0000000000
103154  43.194  14.141  8.091 0.0000000000
103152  44.711  14.538  8.736 0.0000000000
104141  46.038  15.114  8.669 0.0000000000
104168  45.787  16.378  5.941 0.0000000000
105130  47.224  16.354  6.299 0.0000000000
105129  48.174  16.335  6.352 0.0000000000
105143  47.803  16.850  5.398 0.0000000000
106141  48.455  17.138  5.730 0.0000000000
106142  47.322  17.581  5.150 0.0000000000
106154  45.234  18.183  4.386 0.0000000000
106171  43.661  17.345  3.015 0.0000000000
106165  44.143  17.749  3.610 0.0000000000
106166  43.072  17.809  4.039 0.0000000000
106173  42.421  17.287  3.679 0.0000000000
104191  40.857  15.400  4.846 0.0000000000
101353  42.926  12.786  2.778 0.0000000000
101360  42.453  13.728  2.581 0.0000000000
102239  42.128  14.079  2.630 0.0000000000
101345  41.465  12.871  3.573 0.0000000000
102233  41.608  13.886  3.183 0.0000000000
102227  41.137  13.823  4.051 0.0000000000
103186  40.877  14.624  4.484 0.0000000000
103178  40.260  14.628  5.257 0.0000000000
102219  39.834  13.767  5.226 0.0000000000
101337  39.799  13.185  5.622 0.0000000000
100458  39.909  11.475  7.201 0.0000000000
93459  43.786  4.028  6.135 0.0000000000
93453  43.432  4.355  6.470 0.0000000000
95350  40.539  6.915  24.583 0.0000000000
95521  41.051  6.181  8.904 0.0000000000
96365  41.297  8.064  25.394 0.0000000000
96401  40.776  7.400  24.499 0.0000000000
96475  41.601  7.977  16.093 0.0000000000
96489  43.957  7.570  15.323 0.0000000000
96492  41.268  8.132  15.455 0.0000000000
96565  45.898  7.656  10.501 0.0000000000
96575  46.696  8.024  9.899 0.0000000000
96577  45.364  7.750  9.824 0.0000000000
97400  42.265  9.314  26.238 0.0000000000
97403  40.722  8.835  26.062 0.0000000000
97436  41.233  8.047  24.644 0.0000000000
97469  37.771  9.114  21.167 0.0000000000
97476  37.976  8.591  20.786 0.0000000000
97501  39.761  9.225  18.176 0.0000000000
97546  40.535  9.343  15.179 0.0000000000
97556  45.941  7.703  13.035 0.0000000000
98417  42.054  9.655  26.413 0.0000000000
98419  40.876  9.148  26.206 0.0000000000
98430  43.366  9.963  25.771 0.0000000000
98431  42.851  9.626  25.631 0.0000000000
98459  41.099  9.667  24.077 0.0000000000
98478  37.711  9.566  20.949 0.0000000000
98485  37.788  9.400  20.462 0.0000000000
98498  37.909  9.618  19.917 0.0000000000
98528  40.059  9.267  15.933 0.0000000000
98595  43.294  8.939  9.378 0.0000000000
98626  43.914  9.987  6.644 0.0000000000
99443  43.820  10.501  25.437 0.0000000000
99456  40.790  10.296  23.687 0.0000000000
99464  40.274  10.672  23.231 0.0000000000
99472  37.759  10.011  20.554 0.0000000000
99480  37.794  9.853  20.187 0.0000000000
99498  38.642  10.653  17.986 0.0000000000
99513  40.296  10.664  15.257 0.0000000000
99514  39.951  10.699  15.772 0.0000000000
100369  41.006  11.921  23.001 0.0000000000
100387  38.759  11.422  17.742 0.0000000000
100483  44.063  11.920  4.455 0.0000000000
101232  42.288  12.648  23.251 0.0000000000
101238  40.561  12.716  21.714 0.0000000000
101239  39.695  12.279  21.440 0.0000000000
101240  39.114  12.120  21.023 0.0000000000
101244  38.787  12.128  20.381 0.0000000000
101255  38.640  11.747  18.120 0.0000000000
101258  40.164  12.787  16.299 0.0000000000
101261  40.998  12.749  15.315 0.0000000000
101268  41.909  12.821  14.500 0.0000000000
101280  42.852  12.954  13.477 0.0000000000
101298  42.757  12.148  11.784 0.0000000000
101354  42.231  13.268  2.770 0.0000000000
101358  43.162  13.370  2.724 0.0000000000
101359  42.792  13.521  2.555 0.0000000000
102069  46.986  13.066  25.933 0.0000000000
102070  46.451  12.740  25.714 0.0000000000
102088  45.935  12.998  25.088 0.0000000000
102109  43.512  13.142  23.664 0.0000000000
102117  41.629  13.166  22.284 0.0000000000
102119  41.901  13.632  22.036 0.0000000000
102123  40.918  13.724  20.987 0.0000000000
102125  39.684  13.181  19.959 0.0000000000
102128  39.551  13.169  19.213 0.0000000000
102131  39.520  13.116  18.277 0.0000000000
102135  39.728  13.014  17.299 0.0000000000
102139  41.100  13.701  16.288 0.0000000000
102146  40.646  13.096  15.881 0.0000000000
102177  42.830  12.486  11.200 0.0000000000
102191  44.145  14.102  9.525 0.0000000000
102232  43.260  14.120  3.300 0.0000000000
102238  42.647  14.151  2.505 0.0000000000
103021  45.804  13.675  24.430 0.0000000000
103042  43.377  13.713  23.108 0.0000000000
103051  44.092  15.009  21.533 0.0000000000
103060  40.545  13.882  20.028 0.0000000000
103080  41.068  13.998  16.752 0.0000000000
103091  44.140  14.629  13.810 0.0000000000
103093  42.952  14.159  14.604 0.0000000000
103113  45.273  14.686  12.575 0.0000000000
103134  45.583  14.417  10.902 0.0000000000
103153  43.873  14.340  8.471 0.0000000000
103159  45.356  14.950  8.288 0.0000000000
103177  42.512  14.471  5.439 0.0000000000
103179  39.761  14.219  5.586 0.0000000000
103185  41.424  14.692  3.743 0.0000000000
103196  42.937  14.824  2.423 0.0000000000
103978  47.773  15.400  23.806 0.0000000000
103980  45.996  15.000  23.420 0.0000000000
103984  46.379  15.580  22.940 0.0000000000
103988  45.955  15.687  22.262 0.0000000000
103990  44.626  15.287  21.548 0.0000000000
103994  44.545  15.551  20.718 0.0000000000
103995  43.751  15.301  20.443 0.0000000000
103996  43.235  15.149  19.960 0.0000000000
103999  43.673  15.493  19.642 0.0000000000
104003  43.650  15.710  18.779 0.0000000000
104024  42.759  14.862  15.746 0.0000000000
104036  46.295  16.087  14.333 0.0000000000
104055  46.940  15.984  13.275 0.0000000000
104058  44.544  14.852  13.668 0.0000000000
104073  49.747  15.669  12.056 0.0000000000
104094  45.916  15.000  12.216 0.0000000000
104103  52.393  15.678  10.435 0.0000000000
104109  46.628  15.177  10.897 0.0000000000
104136  50.722  16.056  7.988 0.0000000000
104151  49.856  15.968  7.089 0.0000000000
104158  42.444  16.271  7.638 0.0000000000
104189  43.181  15.552  4.233 0.0000000000
104203  42.775  15.507  2.533 0.0000000000
104204  42.295  15.550  2.800 0.0000000000
104951  47.534  15.853  23.263 0.0000000000
104972  45.485  15.805  21.255 0.0000000000
104974  46.904  16.805  20.599 0.0000000000
104981  44.735  15.938  19.732 0.0000000000
104983  46.109  16.801  18.823 0.0000000000
105001  51.760  16.694  16.559 0.0000000000
105002  46.561  16.864  16.084 0.0000000000
105074  53.572  15.860  12.560 0.0000000000
105075  53.241  16.110  12.232 0.0000000000
105080  47.602  16.034  12.537 0.0000000000
105089  52.984  15.768  11.437 0.0000000000
105101  52.600  15.770  10.768 0.0000000000
105111  52.025  16.024  9.400 0.0000000000
105118  50.823  16.261  8.159 0.0000000000
105126  49.896  16.428  6.981 0.0000000000
105131  43.994  16.725  7.512 0.0000000000
105133  42.441  16.533  7.037 0.0000000000
105140  49.475  16.605  6.471 0.0000000000
105141  49.171  16.560  6.208 0.0000000000
105142  48.669  16.679  5.917 0.0000000000
105145  45.821  16.659  5.277 0.0000000000
105148  41.396  16.642  5.867 0.0000000000
105154  47.018  17.252  4.958 0.0000000000
105160  41.019  16.166  4.961 0.0000000000
105169  41.150  15.933  4.553 0.0000000000
105174  43.835  16.920  3.013 0.0000000000
105183  42.985  16.220  2.513 0.0000000000
105979  47.801  17.167  21.031 0.0000000000
105999  48.303  17.480  19.620 0.0000000000
106001  46.762  16.895  19.822 0.0000000000
106011  46.106  16.867  18.584 0.0000000000
106027  51.269  16.939  16.757 0.0000000000
106032  46.229  17.120  17.434 0.0000000000
106046  50.513  16.937  16.208 0.0000000000
106118  50.479  16.587  7.787 0.0000000000
106139  49.281  16.873  6.149 0.0000000000
106163  45.765  17.678  4.012 0.0000000000
106167  42.111  17.322  4.499 0.0000000000
107054  47.005  18.891  11.141 0.0000000000
107064  47.395  18.470  10.651 0.0000000000
