#!ascii label  , from subject abby vox2ras=TkReg
555
78916  21.037  -9.735  -23.794 0.0000000000
87195  28.318  -1.854  -30.225 0.0000000000
97013  24.977  7.681  -25.799 0.0000000000
92810  20.201  2.698  -28.408 0.0000000000
73577  23.393  -14.225  -23.388 0.0000000000
77827  27.298  -10.930  -25.712 0.0000000000
83113  25.854  -5.861  -25.442 0.0000000000
87163  23.631  -1.471  -26.350 0.0000000000
91753  27.389  3.033  -29.094 0.0000000000
98108  25.486  8.398  -33.238 0.0000000000
102517  23.293  12.857  -25.626 0.0000000000
76738  22.519  -11.867  -23.496 0.0000000000
74599  25.115  -13.103  -24.391 0.0000000000
77830  24.214  -10.749  -24.459 0.0000000000
84081  21.215  -4.373  -26.687 0.0000000000
86076  20.066  -2.324  -27.688 0.0000000000
93859  22.178  4.823  -26.703 0.0000000000
92777  24.470  3.495  -25.954 0.0000000000
94935  26.627  5.631  -27.960 0.0000000000
94971  25.741  5.392  -31.846 0.0000000000
97042  25.481  7.773  -30.121 0.0000000000
102521  19.659  13.882  -25.072 0.0000000000
100791  20.198  11.611  -25.383 0.0000000000
104484  21.789  15.239  -26.925 0.0000000000
85084  27.700  -3.932  -27.336 0.0000000000
82226  27.575  -7.002  -28.291 0.0000000000
84105  29.390  -4.400  -30.177 0.0000000000
97015  21.155  7.305  -26.135 0.0000000000
89526  29.259  0.715  -33.062 0.0000000000
81140  20.155  -7.680  -24.814 0.0000000000
81138  22.643  -7.745  -24.802 0.0000000000
83117  21.575  -5.847  -26.037 0.0000000000
85088  24.543  -3.270  -25.747 0.0000000000
88303  27.333  -1.027  -26.700 0.0000000000
89471  22.226  0.418  -27.547 0.0000000000
89467  25.804  0.501  -25.777 0.0000000000
89507  27.765  1.123  -30.242 0.0000000000
91796  27.492  2.553  -31.990 0.0000000000
99027  21.463  9.653  -25.459 0.0000000000
99966  24.514  10.541  -25.955 0.0000000000
104530  23.366  15.737  -28.898 0.0000000000
103526  24.813  13.706  -28.491 0.0000000000
100003  24.794  10.706  -29.602 0.0000000000
99106  24.661  11.550  -32.888 0.0000000000
80076  26.346  -9.116  -26.135 0.0000000000
78894  19.684  -9.150  -23.004 0.0000000000
77798  20.258  -10.627  -22.599 0.0000000000
77818  21.283  -10.648  -23.576 0.0000000000
77816  22.928  -11.452  -23.919 0.0000000000
77832  22.369  -10.266  -23.918 0.0000000000
95984  24.230  6.787  -25.570 0.0000000000
94923  25.141  5.659  -25.497 0.0000000000
95982  26.103  6.665  -26.874 0.0000000000
96005  25.983  6.483  -29.249 0.0000000000
98070  25.521  8.482  -28.307 0.0000000000
103497  20.463  15.142  -26.126 0.0000000000
103477  20.766  14.432  -25.650 0.0000000000
104485  21.009  15.545  -26.760 0.0000000000
86083  27.781  -3.125  -29.174 0.0000000000
85123  28.079  -4.113  -29.857 0.0000000000
85131  28.617  -3.607  -30.333 0.0000000000
95997  20.454  6.319  -26.922 0.0000000000
97017  19.683  7.514  -26.713 0.0000000000
74573  21.670  -13.549  -22.515 0.0000000000
72513  21.725  -14.780  -22.139 0.0000000000
72510  24.078  -15.412  -22.339 0.0000000000
73562  24.772  -14.106  -22.685 0.0000000000
76749  26.150  -11.833  -24.845 0.0000000000
75675  26.359  -12.176  -23.147 0.0000000000
82200  21.099  -6.691  -25.522 0.0000000000
83118  20.668  -5.902  -25.801 0.0000000000
85090  22.487  -3.251  -27.124 0.0000000000
84079  22.760  -4.285  -26.440 0.0000000000
86062  24.095  -2.421  -26.094 0.0000000000
86060  26.228  -2.639  -25.744 0.0000000000
87162  24.583  -1.493  -25.786 0.0000000000
89496  20.574  0.621  -28.373 0.0000000000
90634  21.009  1.495  -28.134 0.0000000000
91711  26.449  2.898  -26.309 0.0000000000
90614  25.027  1.577  -25.735 0.0000000000
90631  27.133  2.285  -26.799 0.0000000000
89482  27.636  0.731  -27.752 0.0000000000
90647  27.626  2.021  -29.503 0.0000000000
90670  27.901  1.709  -31.279 0.0000000000
92839  26.781  3.226  -30.924 0.0000000000
96037  25.063  6.615  -32.940 0.0000000000
94979  26.454  5.472  -33.101 0.0000000000
101637  21.891  12.489  -25.616 0.0000000000
99947  20.832  10.611  -25.493 0.0000000000
100789  22.389  11.537  -25.479 0.0000000000
99026  22.542  9.675  -25.343 0.0000000000
100787  23.968  11.426  -25.653 0.0000000000
100849  24.951  11.237  -29.104 0.0000000000
136681  24.299  11.670  -30.835 0.0000000000
99090  23.995  10.657  -31.158 0.0000000000
82197  24.255  -6.697  -25.005 0.0000000000
81135  25.338  -8.334  -25.065 0.0000000000
82195  26.264  -6.895  -25.980 0.0000000000
83137  29.242  -6.523  -28.460 0.0000000000
81188  28.079  -7.793  -27.740 0.0000000000
76722  21.363  -12.279  -22.699 0.0000000000
75679  22.787  -12.842  -23.435 0.0000000000
74584  24.536  -13.733  -24.019 0.0000000000
76737  23.177  -12.136  -23.851 0.0000000000
76751  24.650  -11.793  -24.605 0.0000000000
77829  25.385  -10.899  -24.959 0.0000000000
85072  19.324  -4.033  -25.842 0.0000000000
85105  20.819  -3.047  -27.579 0.0000000000
86074  21.909  -2.119  -27.810 0.0000000000
93871  21.556  4.515  -27.235 0.0000000000
92790  22.759  3.243  -26.658 0.0000000000
93858  23.336  4.346  -26.214 0.0000000000
93856  25.851  4.702  -25.960 0.0000000000
93867  26.939  4.449  -28.358 0.0000000000
92840  26.560  3.996  -30.693 0.0000000000
94956  26.035  5.767  -30.062 0.0000000000
96020  25.101  6.697  -31.408 0.0000000000
97055  24.692  7.537  -32.326 0.0000000000
101617  19.082  12.655  -24.607 0.0000000000
101639  19.685  12.837  -25.133 0.0000000000
102519  21.499  13.680  -25.684 0.0000000000
103495  22.754  14.735  -26.689 0.0000000000
84078  26.914  -5.008  -26.087 0.0000000000
82214  27.303  -6.527  -27.647 0.0000000000
83138  27.671  -5.533  -28.101 0.0000000000
83149  28.616  -6.114  -29.223 0.0000000000
93873  19.494  4.532  -27.983 0.0000000000
94937  21.349  5.180  -27.080 0.0000000000
95986  21.777  6.516  -25.806 0.0000000000
95974  23.293  7.245  -25.509 0.0000000000
74570  25.413  -13.454  -22.840 0.0000000000
87210  28.735  -0.788  -31.891 0.0000000000
87202  29.732  -1.954  -31.276 0.0000000000
80038  20.320  -8.759  -24.116 0.0000000000
80061  21.890  -8.497  -24.537 0.0000000000
80077  21.344  -8.057  -24.880 0.0000000000
82169  22.652  -6.985  -25.042 0.0000000000
83115  23.777  -5.572  -25.405 0.0000000000
83130  21.830  -5.022  -26.502 0.0000000000
84064  23.501  -4.549  -25.793 0.0000000000
84062  25.383  -4.901  -25.261 0.0000000000
85086  26.725  -3.888  -25.943 0.0000000000
86072  27.817  -2.441  -27.515 0.0000000000
88317  28.163  -1.241  -28.388 0.0000000000
87178  20.440  -1.245  -28.178 0.0000000000
88308  22.503  -0.491  -27.254 0.0000000000
90616  22.734  1.459  -26.768 0.0000000000
89469  23.493  0.459  -26.363 0.0000000000
88306  24.062  -0.513  -26.029 0.0000000000
89466  27.082  0.340  -26.555 0.0000000000
89481  28.097  -0.130  -28.596 0.0000000000
88340  28.163  -0.754  -30.451 0.0000000000
89515  28.133  0.724  -31.645 0.0000000000
90690  28.242  1.797  -32.608 0.0000000000
92864  26.595  3.647  -32.056 0.0000000000
98034  21.128  8.709  -25.645 0.0000000000
98032  23.093  8.748  -25.316 0.0000000000
98051  24.648  8.589  -25.607 0.0000000000
104498  22.400  15.458  -27.525 0.0000000000
104496  23.956  15.083  -27.761 0.0000000000
104511  24.355  14.807  -28.390 0.0000000000
102560  25.037  13.274  -27.586 0.0000000000
101675  25.378  12.150  -27.546 0.0000000000
99984  25.278  10.239  -27.354 0.0000000000
99066  25.321  9.413  -27.756 0.0000000000
98085  25.024  8.847  -30.448 0.0000000000
98086  24.327  9.235  -31.340 0.0000000000
98100  24.916  9.565  -33.276 0.0000000000
80059  24.167  -8.791  -24.549 0.0000000000
78935  25.541  -9.893  -25.653 0.0000000000
78953  26.254  -10.224  -26.337 0.0000000000
81179  27.520  -8.045  -27.248 0.0000000000
80091  27.644  -9.088  -27.237 0.0000000000
78893  20.140  -9.687  -23.133 0.0000000000
77819  20.642  -10.176  -23.383 0.0000000000
78915  21.787  -10.021  -23.778 0.0000000000
95983  25.437  6.694  -25.993 0.0000000000
97012  25.604  7.606  -26.621 0.0000000000
97025  26.106  7.434  -27.780 0.0000000000
86090  28.143  -2.961  -30.064 0.0000000000
86100  28.924  -2.693  -30.712 0.0000000000
73578  22.759  -14.125  -23.138 0.0000000000
73565  22.186  -14.357  -22.661 0.0000000000
73564  23.038  -14.787  -22.920 0.0000000000
73563  24.148  -14.642  -22.987 0.0000000000
77815  26.635  -11.340  -24.953 0.0000000000
76735  26.357  -11.611  -23.939 0.0000000000
78914  27.582  -10.337  -24.984 0.0000000000
82202  19.661  -6.206  -25.092 0.0000000000
83119  19.893  -5.649  -25.546 0.0000000000
86063  23.225  -2.389  -26.772 0.0000000000
90635  20.508  1.867  -28.284 0.0000000000
91734  21.183  2.460  -27.859 0.0000000000
91730  27.291  3.453  -27.999 0.0000000000
91731  27.212  3.164  -27.038 0.0000000000
90630  27.543  2.161  -27.988 0.0000000000
91771  27.309  2.748  -30.215 0.0000000000
97069  25.778  7.517  -33.465 0.0000000000
96045  25.545  6.808  -33.459 0.0000000000
101636  22.836  12.332  -25.442 0.0000000000
101635  23.533  12.260  -25.531 0.0000000000
100788  23.388  11.549  -25.444 0.0000000000
101662  24.032  12.596  -25.998 0.0000000000
136670  24.374  12.513  -30.774 0.0000000000
99099  24.216  12.883  -32.114 0.0000000000
136682  24.153  11.723  -31.468 0.0000000000
82196  25.332  -6.688  -25.303 0.0000000000
81161  25.024  -7.229  -25.072 0.0000000000
83126  29.160  -5.985  -27.253 0.0000000000
82212  28.778  -6.758  -27.086 0.0000000000
76739  21.636  -11.694  -23.129 0.0000000000
76723  20.686  -11.848  -22.512 0.0000000000
75663  22.002  -12.714  -22.845 0.0000000000
75680  22.251  -12.263  -23.194 0.0000000000
76752  23.724  -11.707  -24.268 0.0000000000
87165  19.345  -2.133  -27.161 0.0000000000
86064  19.586  -2.816  -27.118 0.0000000000
86075  21.083  -2.197  -27.959 0.0000000000
93870  22.502  4.026  -26.814 0.0000000000
94922  26.011  5.678  -26.437 0.0000000000
93855  26.527  4.747  -26.774 0.0000000000
93868  26.837  4.755  -27.710 0.0000000000
93888  26.587  4.986  -29.548 0.0000000000
94949  26.452  5.670  -28.995 0.0000000000
96006  25.593  6.953  -29.763 0.0000000000
96012  25.665  6.415  -29.979 0.0000000000
96013  25.354  6.815  -30.519 0.0000000000
97049  24.789  7.880  -31.190 0.0000000000
103479  19.522  14.312  -24.672 0.0000000000
102503  19.267  13.637  -24.608 0.0000000000
102520  20.365  13.734  -25.315 0.0000000000
103496  21.530  14.655  -26.190 0.0000000000
102544  21.758  14.130  -25.962 0.0000000000
102543  22.234  14.003  -26.091 0.0000000000
84077  27.437  -4.698  -26.582 0.0000000000
84091  27.635  -5.205  -27.311 0.0000000000
84090  27.669  -4.684  -27.722 0.0000000000
85122  28.830  -4.265  -30.215 0.0000000000
84103  27.999  -5.100  -29.288 0.0000000000
84102  29.017  -5.085  -29.602 0.0000000000
83148  29.026  -6.382  -29.437 0.0000000000
93874  18.623  4.571  -27.881 0.0000000000
93872  20.471  4.482  -27.629 0.0000000000
94939  19.646  5.510  -27.613 0.0000000000
95987  20.868  6.597  -26.495 0.0000000000
94927  20.825  5.989  -26.803 0.0000000000
95985  23.003  6.401  -25.618 0.0000000000
95975  22.486  7.134  -25.580 0.0000000000
74600  24.937  -13.300  -24.324 0.0000000000
74583  25.253  -13.273  -24.076 0.0000000000
75661  26.161  -12.728  -22.902 0.0000000000
88353  29.103  -0.537  -32.505 0.0000000000
80063  20.023  -8.177  -24.517 0.0000000000
80062  20.659  -8.527  -24.592 0.0000000000
80078  21.011  -7.935  -25.028 0.0000000000
82199  22.100  -6.574  -25.467 0.0000000000
82198  23.136  -6.386  -25.316 0.0000000000
84082  20.302  -4.510  -26.409 0.0000000000
83131  20.980  -5.197  -26.339 0.0000000000
85089  23.528  -3.439  -26.234 0.0000000000
85071  24.127  -3.958  -25.600 0.0000000000
84063  24.393  -4.746  -25.332 0.0000000000
85070  24.973  -4.066  -25.502 0.0000000000
85069  25.885  -4.284  -25.598 0.0000000000
85087  25.573  -3.411  -25.611 0.0000000000
87160  26.762  -1.801  -26.204 0.0000000000
87159  27.616  -2.118  -26.794 0.0000000000
87175  27.896  -1.572  -27.461 0.0000000000
89483  21.611  0.596  -28.106 0.0000000000
88320  21.022  -0.185  -28.439 0.0000000000
88319  21.909  -0.385  -27.908 0.0000000000
89470  22.694  0.364  -26.894 0.0000000000
92778  23.513  3.297  -26.346 0.0000000000
91732  22.456  2.526  -26.891 0.0000000000
91714  23.267  2.425  -26.508 0.0000000000
89468  24.537  0.505  -25.785 0.0000000000
88305  25.166  -0.532  -25.662 0.0000000000
89495  27.851  1.003  -28.956 0.0000000000
89494  27.996  0.069  -29.729 0.0000000000
89506  27.922  0.252  -30.740 0.0000000000
89516  28.030  0.967  -30.951 0.0000000000
90681  28.007  1.891  -32.137 0.0000000000
91810  28.164  2.526  -32.741 0.0000000000
91809  29.255  2.571  -33.247 0.0000000000
92862  28.402  3.754  -32.944 0.0000000000
93912  26.216  4.604  -31.293 0.0000000000
92853  26.478  3.759  -31.514 0.0000000000
93924  26.337  4.429  -32.145 0.0000000000
99948  19.840  10.562  -25.676 0.0000000000
99028  20.424  9.609  -25.788 0.0000000000
99049  19.913  9.226  -26.263 0.0000000000
98035  20.427  8.637  -26.180 0.0000000000
99024  24.252  10.154  -25.726 0.0000000000
99025  23.745  9.684  -25.482 0.0000000000
98052  23.965  8.651  -25.340 0.0000000000
99047  24.715  9.621  -25.911 0.0000000000
105490  22.420  16.433  -28.892 0.0000000000
104513  22.840  15.807  -28.364 0.0000000000
104497  23.278  15.338  -27.733 0.0000000000
104512  23.690  15.424  -28.360 0.0000000000
104543  24.544  14.063  -30.165 0.0000000000
104544  24.480  15.000  -29.899 0.0000000000
104528  24.617  14.386  -29.320 0.0000000000
102540  25.471  12.895  -26.914 0.0000000000
102559  25.362  12.618  -27.553 0.0000000000
136685  25.245  11.195  -28.408 0.0000000000
100002  25.185  10.459  -28.965 0.0000000000
99073  25.252  9.498  -28.707 0.0000000000
99080  24.982  9.764  -29.715 0.0000000000
99098  24.025  11.059  -32.218 0.0000000000
98093  23.742  9.708  -32.229 0.0000000000
98101  24.135  9.940  -32.973 0.0000000000
97056  24.053  8.823  -32.907 0.0000000000
80060  23.043  -8.711  -24.595 0.0000000000
80057  25.604  -8.824  -25.459 0.0000000000
80058  25.117  -8.909  -24.861 0.0000000000
82215  26.783  -6.987  -27.426 0.0000000000
81190  27.453  -7.331  -27.779 0.0000000000
81177  28.093  -8.040  -27.165 0.0000000000
81178  27.938  -8.357  -27.490 0.0000000000
78964  28.180  -9.089  -26.920 0.0000000000
78966  27.568  -9.477  -26.827 0.0000000000
76740  20.799  -11.068  -23.170 0.0000000000
77817  22.216  -10.931  -23.698 0.0000000000
77831  23.051  -10.629  -24.168 0.0000000000
78937  23.616  -9.695  -24.382 0.0000000000
94924  23.832  5.514  -25.723 0.0000000000
94936  26.368  5.957  -27.191 0.0000000000
95995  26.402  6.333  -28.432 0.0000000000
97024  26.412  6.824  -28.114 0.0000000000
97035  25.729  7.499  -29.010 0.0000000000
103478  19.977  14.737  -25.269 0.0000000000
86071  27.597  -3.229  -28.151 0.0000000000
85114  27.392  -4.139  -29.078 0.0000000000
95988  20.222  6.929  -26.780 0.0000000000
97016  20.448  7.659  -26.481 0.0000000000
74574  21.224  -13.435  -22.229 0.0000000000
74562  20.847  -13.506  -21.876 0.0000000000
74561  21.252  -13.825  -22.181 0.0000000000
73553  24.382  -15.046  -22.193 0.0000000000
73552  25.068  -14.564  -21.860 0.0000000000
76736  25.872  -12.248  -24.421 0.0000000000
75676  25.831  -12.626  -23.703 0.0000000000
82170  19.837  -7.213  -24.752 0.0000000000
82201  20.117  -6.743  -25.241 0.0000000000
85091  21.488  -3.617  -27.198 0.0000000000
84080  22.043  -4.240  -26.798 0.0000000000
86061  25.097  -2.452  -25.640 0.0000000000
87161  25.704  -1.579  -25.703 0.0000000000
90648  20.736  1.055  -28.282 0.0000000000
90633  21.982  1.502  -27.595 0.0000000000
91712  25.383  2.649  -25.900 0.0000000000
90613  26.380  1.683  -26.174 0.0000000000
90612  27.286  1.452  -26.982 0.0000000000
90660  27.578  2.030  -30.491 0.0000000000
91783  27.249  2.546  -31.136 0.0000000000
92852  26.823  3.160  -31.762 0.0000000000
96027  25.506  5.772  -32.308 0.0000000000
94980  25.900  5.563  -32.652 0.0000000000
94989  26.130  6.017  -33.297 0.0000000000
96044  26.379  6.643  -33.602 0.0000000000
100790  21.332  11.591  -25.458 0.0000000000
99946  21.919  10.618  -25.470 0.0000000000
99945  22.993  10.642  -25.440 0.0000000000
99944  23.945  10.786  -25.612 0.0000000000
103540  24.647  13.016  -29.818 0.0000000000
136686  24.494  12.387  -30.214 0.0000000000
100011  24.530  11.665  -30.080 0.0000000000
99081  24.567  10.505  -30.252 0.0000000000
82167  23.996  -7.357  -24.729 0.0000000000
81137  23.649  -7.905  -24.633 0.0000000000
81136  24.718  -7.837  -24.736 0.0000000000
81160  25.703  -7.852  -25.503 0.0000000000
82236  28.977  -7.288  -29.010 0.0000000000
82225  28.370  -7.370  -28.374 0.0000000000
82224  28.925  -7.090  -28.113 0.0000000000
82194  28.516  -7.310  -26.815 0.0000000000
75664  21.173  -12.855  -22.350 0.0000000000
74572  22.391  -13.462  -23.006 0.0000000000
74586  22.966  -13.665  -23.378 0.0000000000
73576  23.928  -14.196  -23.713 0.0000000000
74585  23.591  -13.613  -23.728 0.0000000000
75678  23.891  -12.849  -24.162 0.0000000000
75694  24.766  -12.850  -24.458 0.0000000000
75695  24.253  -12.313  -24.415 0.0000000000
76750  25.536  -12.068  -24.849 0.0000000000
77828  26.274  -11.316  -25.471 0.0000000000
85092  20.569  -3.732  -26.961 0.0000000000
85093  19.537  -3.574  -26.478 0.0000000000
85104  21.681  -2.840  -27.607 0.0000000000
85103  22.166  -2.624  -27.524 0.0000000000
87164  22.835  -1.421  -26.958 0.0000000000
92792  21.271  3.478  -27.621 0.0000000000
91733  21.886  2.573  -27.394 0.0000000000
92791  22.088  3.412  -27.150 0.0000000000
93869  22.998  3.735  -26.497 0.0000000000
93857  24.749  4.544  -25.641 0.0000000000
92776  25.601  3.687  -25.970 0.0000000000
92775  26.546  3.890  -26.461 0.0000000000
92789  27.018  4.050  -27.275 0.0000000000
92808  26.873  4.032  -28.828 0.0000000000
92824  26.902  3.529  -29.943 0.0000000000
92825  26.642  4.279  -29.780 0.0000000000
93900  26.407  4.850  -30.442 0.0000000000
94964  25.834  5.402  -30.979 0.0000000000
94965  25.433  6.073  -30.765 0.0000000000
94972  25.384  5.911  -31.424 0.0000000000
96028  25.186  6.224  -32.143 0.0000000000
97061  24.890  8.063  -33.245 0.0000000000
101638  20.826  12.667  -25.340 0.0000000000
102518  22.522  13.187  -25.733 0.0000000000
102542  23.366  13.666  -26.118 0.0000000000
84061  26.229  -5.069  -25.646 0.0000000000
83128  26.674  -5.969  -26.151 0.0000000000
83127  27.345  -5.817  -26.902 0.0000000000
83139  27.509  -6.073  -27.795 0.0000000000
83145  27.686  -6.287  -28.427 0.0000000000
84097  27.571  -4.947  -28.601 0.0000000000
83144  28.052  -5.969  -28.772 0.0000000000
82237  28.334  -6.997  -29.193 0.0000000000
83143  29.199  -6.760  -29.185 0.0000000000
92793  20.308  3.354  -28.203 0.0000000000
93860  21.638  5.024  -26.960 0.0000000000
94938  20.707  5.553  -27.240 0.0000000000
94926  21.442  5.600  -26.608 0.0000000000
94925  22.558  5.479  -26.054 0.0000000000
74571  24.661  -13.961  -23.151 0.0000000000
87203  28.704  -1.430  -31.176 0.0000000000
87209  29.392  -1.230  -32.016 0.0000000000
78918  20.013  -9.157  -23.477 0.0000000000
78940  20.873  -9.133  -24.057 0.0000000000
78939  21.407  -9.242  -24.152 0.0000000000
81139  21.873  -7.792  -24.878 0.0000000000
81163  21.454  -7.424  -25.173 0.0000000000
81162  22.128  -7.291  -25.069 0.0000000000
82168  23.369  -7.135  -24.850 0.0000000000
83114  24.821  -5.706  -25.157 0.0000000000
83132  20.358  -5.240  -26.021 0.0000000000
83129  22.340  -4.770  -26.505 0.0000000000
83116  22.689  -5.453  -26.114 0.0000000000
85068  26.440  -4.540  -25.795 0.0000000000
85085  27.539  -3.809  -26.666 0.0000000000
86059  27.226  -2.874  -26.322 0.0000000000
86058  27.790  -3.122  -27.102 0.0000000000
87174  27.917  -2.267  -28.310 0.0000000000
87186  28.125  -2.083  -29.270 0.0000000000
87179  19.359  -1.221  -27.664 0.0000000000
87177  21.462  -1.258  -28.012 0.0000000000
87176  22.238  -1.332  -27.622 0.0000000000
90632  22.265  2.020  -27.168 0.0000000000
90615  23.864  1.491  -26.158 0.0000000000
88307  23.141  -0.525  -26.579 0.0000000000
88304  26.351  -0.668  -26.007 0.0000000000
88318  27.798  -0.465  -27.519 0.0000000000
88330  28.236  -0.999  -29.429 0.0000000000
88348  28.286  -0.372  -31.343 0.0000000000
88354  28.613  -0.032  -32.084 0.0000000000
89521  28.574  0.701  -32.525 0.0000000000
90669  28.030  1.398  -31.858 0.0000000000
90680  28.169  1.304  -32.374 0.0000000000
90689  28.726  1.544  -33.099 0.0000000000
93923  26.728  4.839  -32.866 0.0000000000
92874  27.721  4.018  -33.167 0.0000000000
97002  20.987  8.023  -26.090 0.0000000000
98033  22.073  8.711  -25.333 0.0000000000
97000  22.698  7.899  -25.457 0.0000000000
96999  23.527  7.938  -25.321 0.0000000000
98050  25.162  8.586  -26.298 0.0000000000
104499  21.377  15.802  -27.498 0.0000000000
104514  21.832  16.160  -28.208 0.0000000000
103512  22.999  15.086  -27.306 0.0000000000
103494  23.870  14.263  -26.756 0.0000000000
104529  24.034  15.329  -29.168 0.0000000000
103510  24.368  14.268  -27.423 0.0000000000
102541  24.533  13.510  -26.666 0.0000000000
101661  24.866  12.392  -26.529 0.0000000000
100809  24.994  11.606  -26.748 0.0000000000
99965  24.973  10.623  -26.601 0.0000000000
102573  25.080  12.181  -28.450 0.0000000000
100827  25.301  11.341  -27.570 0.0000000000
99046  25.222  9.501  -26.824 0.0000000000
98062  25.531  8.515  -27.242 0.0000000000
98076  25.392  8.637  -29.397 0.0000000000
99089  24.544  9.783  -30.599 0.0000000000
97050  24.173  8.614  -32.068 0.0000000000
99112  25.200  11.749  -32.463 0.0000000000
99105  25.486  10.561  -32.006 0.0000000000
98099  25.935  8.893  -32.494 0.0000000000
78938  22.438  -9.556  -24.186 0.0000000000
78936  24.754  -9.810  -24.645 0.0000000000
77842  25.934  -10.815  -26.021 0.0000000000
77841  26.659  -10.798  -26.336 0.0000000000
81159  26.642  -7.980  -26.556 0.0000000000
81189  27.910  -7.703  -27.879 0.0000000000
80075  26.970  -8.911  -27.022 0.0000000000
78952  27.030  -9.826  -26.695 0.0000000000
77840  27.180  -10.491  -26.397 0.0000000000
85130  29.430  -3.772  -30.532 0.0000000000
73566  21.552  -14.196  -22.309 0.0000000000
75662  22.388  -13.001  -23.094 0.0000000000
75677  24.413  -13.180  -24.271 0.0000000000
75693  25.418  -12.757  -24.396 0.0000000000
78917  20.459  -9.181  -23.783 0.0000000000
78965  27.971  -9.363  -26.968 0.0000000000
80090  28.108  -8.891  -27.240 0.0000000000
81141  19.708  -7.657  -24.346 0.0000000000
81164  20.720  -7.533  -25.117 0.0000000000
82213  28.431  -7.456  -27.663 0.0000000000
82227  27.250  -7.070  -27.897 0.0000000000
82238  27.875  -6.665  -28.787 0.0000000000
82239  28.916  -7.056  -29.491 0.0000000000
82240  28.730  -6.772  -29.480 0.0000000000
84076  27.706  -4.451  -27.067 0.0000000000
85102  27.510  -4.075  -28.096 0.0000000000
85106  20.064  -3.175  -27.288 0.0000000000
86057  27.647  -3.568  -27.647 0.0000000000
86073  22.523  -2.218  -27.390 0.0000000000
88321  20.285  -0.437  -28.373 0.0000000000
88331  20.329  0.112  -28.432 0.0000000000
88360  28.984  0.140  -32.661 0.0000000000
89484  21.033  0.717  -28.348 0.0000000000
89527  29.847  1.033  -33.327 0.0000000000
89528  29.653  0.897  -33.262 0.0000000000
90617  22.395  0.933  -27.187 0.0000000000
90649  20.245  1.419  -28.313 0.0000000000
91713  24.237  2.499  -26.024 0.0000000000
92788  27.106  4.179  -28.012 0.0000000000
92809  26.704  4.495  -29.197 0.0000000000
93881  26.866  4.419  -28.609 0.0000000000
93882  26.748  4.795  -28.644 0.0000000000
94921  26.537  5.363  -27.161 0.0000000000
94957  25.590  6.235  -30.339 0.0000000000
94981  25.385  6.033  -32.857 0.0000000000
94990  25.541  6.167  -33.103 0.0000000000
95973  23.826  7.423  -25.434 0.0000000000
95996  26.417  6.480  -27.703 0.0000000000
96036  25.344  6.000  -32.593 0.0000000000
97001  21.733  7.737  -25.687 0.0000000000
97014  24.248  7.822  -25.372 0.0000000000
97034  26.172  6.920  -28.527 0.0000000000
97062  24.240  9.126  -33.490 0.0000000000
99048  24.316  9.146  -25.520 0.0000000000
99995  25.313  10.351  -28.132 0.0000000000
100810  24.444  11.485  -26.076 0.0000000000
100811  23.918  11.871  -25.690 0.0000000000
101659  25.464  12.218  -27.234 0.0000000000
101660  25.398  12.153  -26.991 0.0000000000
102539  25.521  12.485  -27.191 0.0000000000
102558  25.454  12.372  -27.431 0.0000000000
103493  24.253  14.021  -26.945 0.0000000000
103511  23.568  14.857  -27.240 0.0000000000
105501  23.311  16.035  -29.635 0.0000000000
136677  24.485  12.935  -30.349 0.0000000000
136680  24.407  11.929  -30.567 0.0000000000
136684  25.293  11.589  -28.147 0.0000000000
