#!ascii label  , from subject abby vox2ras=TkReg
871
83119  19.893  -5.649  -25.546 0.2500000000
83132  20.358  -5.240  -26.021 0.2500000000
83118  20.668  -5.902  -25.801 0.7500000000
86065  19.128  -2.620  -26.579 0.2500000000
85093  19.537  -3.574  -26.478 0.1250000000
86064  19.586  -2.816  -27.118 0.3750000000
85072  19.324  -4.033  -25.842 0.2500000000
84066  19.424  -4.655  -25.350 0.2500000000
83131  20.980  -5.197  -26.339 0.7500000000
84065  19.929  -4.897  -25.908 0.3750000000
83117  21.575  -5.847  -26.037 0.8750000000
85092  20.569  -3.732  -26.961 0.3750000000
84081  21.215  -4.373  -26.687 0.8750000000
84082  20.302  -4.510  -26.409 0.7500000000
84079  22.760  -4.285  -26.440 1.0000000000
83129  22.340  -4.770  -26.505 1.0000000000
83116  22.689  -5.453  -26.114 1.0000000000
83130  21.830  -5.022  -26.502 0.8750000000
83115  23.777  -5.572  -25.405 1.0000000000
87165  19.345  -2.133  -27.161 0.2500000000
85105  20.819  -3.047  -27.579 0.7500000000
85104  21.681  -2.840  -27.607 0.8750000000
85091  21.488  -3.617  -27.198 0.8750000000
85089  23.528  -3.439  -26.234 1.0000000000
85090  22.487  -3.251  -27.124 1.0000000000
85070  24.973  -4.066  -25.502 1.0000000000
85071  24.127  -3.958  -25.600 1.0000000000
84063  24.393  -4.746  -25.332 1.0000000000
84064  23.501  -4.549  -25.793 1.0000000000
86048  18.646  -2.499  -25.930 0.1250000000
86076  20.066  -2.324  -27.688 0.6250000000
85103  22.166  -2.624  -27.524 1.0000000000
86075  21.083  -2.197  -27.959 0.8750000000
85088  24.543  -3.270  -25.747 1.0000000000
86063  23.225  -2.389  -26.772 1.0000000000
85087  25.573  -3.411  -25.611 1.0000000000
85085  27.539  -3.809  -26.666 1.0000000000
85069  25.885  -4.284  -25.598 1.0000000000
90651  18.843  1.562  -27.959 0.2500000000
87179  19.359  -1.221  -27.664 0.3750000000
87177  21.462  -1.258  -28.012 1.0000000000
87178  20.440  -1.245  -28.178 0.6250000000
86074  21.909  -2.119  -27.810 1.0000000000
87163  23.631  -1.471  -26.350 1.0000000000
87164  22.835  -1.421  -26.958 1.0000000000
86060  26.228  -2.639  -25.744 1.0000000000
86061  25.097  -2.452  -25.640 1.0000000000
87162  24.583  -1.493  -25.786 1.0000000000
87160  26.762  -1.801  -26.204 1.0000000000
86059  27.226  -2.874  -26.322 1.0000000000
87159  27.616  -2.118  -26.794 1.0000000000
86072  27.817  -2.441  -27.515 1.0000000000
90650  19.384  1.366  -28.176 0.5000000000
90636  18.909  1.164  -27.901 0.3750000000
88333  19.199  0.071  -28.004 0.3750000000
88332  19.745  -0.040  -28.291 0.5000000000
89496  20.574  0.621  -28.373 0.5000000000
88319  21.909  -0.385  -27.908 0.8750000000
89471  22.226  0.418  -27.547 1.0000000000
88306  24.062  -0.513  -26.029 1.0000000000
88308  22.503  -0.491  -27.254 1.0000000000
88304  26.351  -0.668  -26.007 1.0000000000
88305  25.166  -0.532  -25.662 1.0000000000
88318  27.798  -0.465  -27.519 1.0000000000
88303  27.333  -1.027  -26.700 1.0000000000
91756  18.846  2.066  -28.086 0.5000000000
89497  19.948  0.673  -28.286 0.5000000000
90635  20.508  1.867  -28.284 0.6250000000
90634  21.009  1.495  -28.134 0.6250000000
90633  21.982  1.502  -27.595 1.0000000000
89483  21.611  0.596  -28.106 0.7500000000
89470  22.694  0.364  -26.894 1.0000000000
90612  27.286  1.452  -26.982 1.0000000000
89467  25.804  0.501  -25.777 1.0000000000
89468  24.537  0.505  -25.785 1.0000000000
89466  27.082  0.340  -26.555 1.0000000000
89482  27.636  0.731  -27.752 0.8750000000
88317  28.163  -1.241  -28.388 0.8750000000
91754  20.143  2.214  -28.420 0.5000000000
91734  21.183  2.460  -27.859 0.8750000000
91714  23.267  2.425  -26.508 1.0000000000
90616  22.734  1.459  -26.768 1.0000000000
90613  26.380  1.683  -26.174 1.0000000000
90614  25.027  1.577  -25.735 1.0000000000
89469  23.493  0.459  -26.363 1.0000000000
91731  27.212  3.164  -27.038 1.0000000000
89495  27.851  1.003  -28.956 1.0000000000
90631  27.133  2.285  -26.799 1.0000000000
92811  19.718  2.839  -28.457 0.5000000000
92810  20.201  2.698  -28.408 0.8750000000
91733  21.886  2.573  -27.394 1.0000000000
93858  23.336  4.346  -26.214 1.0000000000
92778  23.513  3.297  -26.346 1.0000000000
92790  22.759  3.243  -26.658 1.0000000000
93868  26.837  4.755  -27.710 1.0000000000
92775  26.546  3.890  -26.461 1.0000000000
92808  26.873  4.032  -28.828 1.0000000000
92789  27.018  4.050  -27.275 1.0000000000
91711  26.449  2.898  -26.309 1.0000000000
91753  27.389  3.033  -29.094 1.0000000000
91730  27.291  3.453  -27.999 1.0000000000
90647  27.626  2.021  -29.503 0.8750000000
97016  20.448  7.659  -26.481 1.0000000000
97026  19.077  7.238  -26.879 0.3750000000
95987  20.868  6.597  -26.495 0.8750000000
93859  22.178  4.823  -26.703 1.0000000000
93855  26.527  4.747  -26.774 1.0000000000
93856  25.851  4.702  -25.960 1.0000000000
98035  20.427  8.637  -26.180 0.8750000000
97002  20.987  8.023  -26.090 1.0000000000
97015  21.155  7.305  -26.135 1.0000000000
95986  21.777  6.516  -25.806 1.0000000000
95975  22.486  7.134  -25.580 1.0000000000
94924  23.832  5.514  -25.723 1.0000000000
94922  26.011  5.678  -26.437 1.0000000000
94923  25.141  5.659  -25.497 1.0000000000
94935  26.627  5.631  -27.960 1.0000000000
99049  19.913  9.226  -26.263 0.7500000000
97000  22.698  7.899  -25.457 1.0000000000
95974  23.293  7.245  -25.509 1.0000000000
97012  25.604  7.606  -26.621 1.0000000000
95984  24.230  6.787  -25.570 1.0000000000
95983  25.437  6.694  -25.993 1.0000000000
98033  22.073  8.711  -25.333 1.0000000000
96999  23.527  7.938  -25.321 1.0000000000
97013  24.977  7.681  -25.799 1.0000000000
103479  19.522  14.312  -24.672 0.1250000000
103465  19.891  14.919  -24.171 0.1250000000
103478  19.977  14.737  -25.269 0.2500000000
103497  20.463  15.142  -26.126 0.3750000000
104475  20.291  15.774  -25.629 0.2500000000
104485  21.009  15.545  -26.760 0.5000000000
104486  20.445  16.010  -26.565 0.2500000000
105469  20.753  16.860  -27.060 0.2500000000
104500  20.760  16.220  -27.370 0.2500000000
105478  20.452  16.843  -28.059 0.2500000000
104515  20.979  16.368  -28.045 0.3750000000
84048  19.147  -4.968  -24.558 0.1250000000
84083  19.646  -4.381  -26.076 0.2500000000
85073  18.708  -3.477  -25.359 0.1250000000
84061  26.229  -5.069  -25.646 1.0000000000
91712  25.383  2.649  -25.900 1.0000000000
83097  18.929  -5.671  -24.003 0.1250000000
82200  21.099  -6.691  -25.522 0.6250000000
82199  22.100  -6.574  -25.467 0.7500000000
85094  18.961  -3.074  -26.130 0.1250000000
82169  22.652  -6.985  -25.042 1.0000000000
84067  18.918  -4.318  -24.720 0.1250000000
84062  25.383  -4.901  -25.261 1.0000000000
84078  26.914  -5.008  -26.087 1.0000000000
87166  18.677  -1.544  -26.550 0.3750000000
89485  18.746  0.621  -27.645 0.2500000000
88322  18.920  -0.272  -27.654 0.2500000000
89481  28.097  -0.130  -28.596 0.8750000000
89507  27.765  1.123  -30.242 0.8750000000
97027  18.577  7.159  -26.720 0.1250000000
95999  18.729  6.351  -27.313 0.1250000000
92794  19.232  3.683  -28.226 0.3750000000
93872  20.471  4.482  -27.629 0.6250000000
97017  19.683  7.514  -26.713 0.5000000000
95998  19.770  6.522  -27.152 0.3750000000
94938  20.707  5.553  -27.240 0.8750000000
94949  26.452  5.670  -28.995 1.0000000000
95995  26.402  6.333  -28.432 1.0000000000
98034  21.128  8.709  -25.645 1.0000000000
95982  26.103  6.665  -26.874 1.0000000000
99027  21.463  9.653  -25.459 0.8750000000
99026  22.542  9.675  -25.343 1.0000000000
98052  23.965  8.651  -25.340 1.0000000000
103457  19.786  15.181  -22.907 0.1250000000
102503  19.267  13.637  -24.608 0.1250000000
101638  20.826  12.667  -25.340 0.6250000000
103477  20.766  14.432  -25.650 0.6250000000
104484  21.789  15.239  -26.925 0.5000000000
104466  20.306  15.594  -24.648 0.2500000000
105453  20.510  16.554  -24.914 0.2500000000
105462  20.465  16.779  -25.991 0.2500000000
104499  21.377  15.802  -27.498 0.5000000000
104514  21.832  16.160  -28.208 0.5000000000
106446  20.609  17.741  -26.461 0.1250000000
106472  20.602  17.763  -28.634 0.2500000000
105491  21.183  16.945  -28.930 0.3750000000
106487  20.790  17.813  -29.585 0.2500000000
83120  19.437  -5.634  -24.836 0.1250000000
82202  19.661  -6.206  -25.092 0.5000000000
84080  22.043  -4.240  -26.798 1.0000000000
86062  24.095  -2.421  -26.094 1.0000000000
85086  26.725  -3.888  -25.943 1.0000000000
85068  26.440  -4.540  -25.795 1.0000000000
87188  19.388  -0.468  -28.030 0.3750000000
87187  19.819  -0.726  -28.216 0.5000000000
87176  22.238  -1.332  -27.622 1.0000000000
87161  25.704  -1.579  -25.703 1.0000000000
87175  27.896  -1.572  -27.461 1.0000000000
88320  21.022  -0.185  -28.439 0.6250000000
90648  20.736  1.055  -28.282 0.6250000000
88307  23.141  -0.525  -26.579 1.0000000000
87174  27.917  -2.267  -28.310 0.8750000000
90632  22.265  2.020  -27.168 1.0000000000
90615  23.864  1.491  -26.158 1.0000000000
92777  24.470  3.495  -25.954 1.0000000000
91732  22.456  2.526  -26.891 1.0000000000
90630  27.543  2.161  -27.988 1.0000000000
92793  20.308  3.354  -28.203 0.6250000000
92792  21.271  3.478  -27.621 0.7500000000
92791  22.088  3.412  -27.150 1.0000000000
93869  22.998  3.735  -26.497 1.0000000000
93870  22.502  4.026  -26.814 1.0000000000
93857  24.749  4.544  -25.641 1.0000000000
93867  26.939  4.449  -28.358 1.0000000000
92776  25.601  3.687  -25.970 1.0000000000
95988  20.222  6.929  -26.780 0.7500000000
94927  20.825  5.989  -26.803 1.0000000000
95997  20.454  6.319  -26.922 0.7500000000
93860  21.638  5.024  -26.960 1.0000000000
94925  22.558  5.479  -26.054 1.0000000000
95985  23.003  6.401  -25.618 1.0000000000
94936  26.368  5.957  -27.191 1.0000000000
98032  23.093  8.748  -25.316 1.0000000000
98051  24.648  8.589  -25.607 1.0000000000
99025  23.745  9.684  -25.482 1.0000000000
103466  19.218  14.387  -23.883 0.1250000000
102521  19.659  13.882  -25.072 0.3750000000
103496  21.530  14.655  -26.190 0.7500000000
82142  18.010  -6.561  -23.021 0.1250000000
82141  18.690  -6.568  -23.468 0.1250000000
82201  20.117  -6.743  -25.241 0.6250000000
82198  23.136  -6.386  -25.316 1.0000000000
96000  18.389  5.772  -27.478 0.5000000000
93873  19.494  4.532  -27.983 0.6250000000
93871  21.556  4.515  -27.235 0.8750000000
94939  19.646  5.510  -27.613 0.7500000000
94937  21.349  5.180  -27.080 1.0000000000
94926  21.442  5.600  -26.608 1.0000000000
99024  24.252  10.154  -25.726 1.0000000000
102519  21.499  13.680  -25.684 0.7500000000
102520  20.365  13.734  -25.315 0.5000000000
102544  21.758  14.130  -25.962 0.7500000000
105503  21.499  17.494  -29.880 0.3750000000
77831  23.051  -10.629  -24.168 0.7500000000
77829  25.385  -10.899  -24.959 0.7500000000
77832  22.369  -10.266  -23.918 0.7500000000
78915  21.787  -10.021  -23.778 0.7500000000
78936  24.754  -9.810  -24.645 0.7500000000
78937  23.616  -9.695  -24.382 0.7500000000
78938  22.438  -9.556  -24.186 0.7500000000
78935  25.541  -9.893  -25.653 0.7500000000
80059  24.167  -8.791  -24.549 0.7500000000
80077  21.344  -8.057  -24.880 0.7500000000
81163  21.454  -7.424  -25.173 0.6250000000
80060  23.043  -8.711  -24.595 0.7500000000
81138  22.643  -7.745  -24.802 0.8750000000
81139  21.873  -7.792  -24.878 0.8750000000
80057  25.604  -8.824  -25.459 0.7500000000
80058  25.117  -8.909  -24.861 0.7500000000
81135  25.338  -8.334  -25.065 0.7500000000
82167  23.996  -7.357  -24.729 0.8750000000
82168  23.369  -7.135  -24.850 0.8750000000
81160  25.703  -7.852  -25.503 0.7500000000
81161  25.024  -7.229  -25.072 0.8750000000
82197  24.255  -6.697  -25.005 0.8750000000
82195  26.264  -6.895  -25.980 0.7500000000
82196  25.332  -6.688  -25.303 0.8750000000
83113  25.854  -5.861  -25.442 0.8750000000
83139  27.509  -6.073  -27.795 0.8750000000
83127  27.345  -5.817  -26.902 0.8750000000
84091  27.635  -5.205  -27.311 0.8750000000
84077  27.437  -4.698  -26.582 0.8750000000
85122  28.830  -4.265  -30.215 0.3750000000
85123  28.079  -4.113  -29.857 0.6250000000
85114  27.392  -4.139  -29.078 0.7500000000
85084  27.700  -3.932  -27.336 0.7500000000
86090  28.143  -2.961  -30.064 0.7500000000
86083  27.781  -3.125  -29.174 0.7500000000
86099  30.134  -2.848  -30.790 0.1250000000
86100  28.924  -2.693  -30.712 0.3750000000
87186  28.125  -2.083  -29.270 0.6250000000
86105  31.388  -2.064  -31.668 0.1250000000
87201  30.643  -2.282  -31.421 0.1250000000
87209  29.392  -1.230  -32.016 0.1250000000
88352  30.002  -0.617  -32.504 0.1250000000
88348  28.286  -0.372  -31.343 0.6250000000
89506  27.922  0.252  -30.740 0.6250000000
89494  27.996  0.069  -29.729 0.7500000000
87214  30.866  -0.548  -32.556 0.1250000000
90688  30.601  0.992  -33.244 0.1250000000
89521  28.574  0.701  -32.525 0.1250000000
89515  28.133  0.724  -31.645 0.5000000000
89516  28.030  0.967  -30.951 0.6250000000
88357  31.417  -0.130  -32.840 0.1250000000
90680  28.169  1.304  -32.374 0.5000000000
90681  28.007  1.891  -32.137 0.5000000000
90670  27.901  1.709  -31.279 0.6250000000
90660  27.578  2.030  -30.491 0.7500000000
99028  20.424  9.609  -25.788 0.6250000000
99948  19.840  10.562  -25.676 0.5000000000
99947  20.832  10.611  -25.493 0.7500000000
92852  26.823  3.160  -31.762 0.6250000000
92839  26.781  3.226  -30.924 0.6250000000
92824  26.902  3.529  -29.943 0.8750000000
92863  27.189  3.634  -32.670 0.5000000000
92864  26.595  3.647  -32.056 0.6250000000
92853  26.478  3.759  -31.514 0.6250000000
92840  26.560  3.996  -30.693 0.7500000000
92825  26.642  4.279  -29.780 0.8750000000
97024  26.412  6.824  -28.114 0.8750000000
97025  26.106  7.434  -27.780 0.8750000000
93900  26.407  4.850  -30.442 0.7500000000
94956  26.035  5.767  -30.062 0.8750000000
96005  25.983  6.483  -29.249 0.8750000000
97035  25.729  7.499  -29.010 0.8750000000
98070  25.521  8.482  -28.307 0.8750000000
93934  27.455  4.490  -33.192 0.3750000000
93924  26.337  4.429  -32.145 0.5000000000
94964  25.834  5.402  -30.979 0.6250000000
94988  27.075  5.549  -33.402 0.2500000000
93923  26.728  4.839  -32.866 0.3750000000
94971  25.741  5.392  -31.846 0.5000000000
100791  20.198  11.611  -25.383 0.6250000000
100790  21.332  11.591  -25.458 0.7500000000
99946  21.919  10.618  -25.470 0.8750000000
99945  22.993  10.642  -25.440 0.8750000000
98050  25.162  8.586  -26.298 0.8750000000
99046  25.222  9.501  -26.824 0.7500000000
94965  25.433  6.073  -30.765 0.6250000000
96012  25.665  6.415  -29.979 0.7500000000
94980  25.900  5.563  -32.652 0.3750000000
96027  25.506  5.772  -32.308 0.5000000000
97042  25.481  7.773  -30.121 0.7500000000
94979  26.454  5.472  -33.101 0.2500000000
100789  22.389  11.537  -25.479 0.8750000000
99944  23.945  10.786  -25.612 0.8750000000
99966  24.514  10.541  -25.955 0.8750000000
100787  23.968  11.426  -25.653 0.7500000000
99073  25.252  9.498  -28.707 0.7500000000
96013  25.354  6.815  -30.519 0.5000000000
97069  25.778  7.517  -33.465 0.2500000000
97055  24.692  7.537  -32.326 0.5000000000
96028  25.186  6.224  -32.143 0.5000000000
96044  26.379  6.643  -33.602 0.2500000000
101637  21.891  12.489  -25.616 0.6250000000
101636  22.836  12.332  -25.442 0.7500000000
101662  24.032  12.596  -25.998 0.7500000000
102517  23.293  12.857  -25.626 0.7500000000
101661  24.866  12.392  -26.529 0.7500000000
101675  25.378  12.150  -27.546 0.7500000000
100809  24.994  11.606  -26.748 0.7500000000
102541  24.533  13.510  -26.666 0.7500000000
100827  25.301  11.341  -27.570 0.7500000000
100002  25.185  10.459  -28.965 0.7500000000
136685  25.245  11.195  -28.408 0.7500000000
98086  24.327  9.235  -31.340 0.5000000000
99089  24.544  9.783  -30.599 0.3750000000
99080  24.982  9.764  -29.715 0.6250000000
97061  24.890  8.063  -33.245 0.2500000000
97050  24.173  8.614  -32.068 0.3750000000
102543  22.234  14.003  -26.091 0.6250000000
102518  22.522  13.187  -25.733 0.7500000000
103494  23.870  14.263  -26.756 0.7500000000
102560  25.037  13.274  -27.586 0.7500000000
102559  25.362  12.618  -27.553 0.7500000000
100849  24.951  11.237  -29.104 0.6250000000
99090  23.995  10.657  -31.158 0.3750000000
100011  24.530  11.665  -30.080 0.3750000000
98100  24.916  9.565  -33.276 0.1250000000
98101  24.135  9.940  -32.973 0.1250000000
103495  22.754  14.735  -26.689 0.6250000000
103510  24.368  14.268  -27.423 0.6250000000
103526  24.813  13.706  -28.491 0.7500000000
103540  24.647  13.016  -29.818 0.3750000000
102573  25.080  12.181  -28.450 0.7500000000
99098  24.025  11.059  -32.218 0.2500000000
136654  25.580  11.642  -31.691 0.1250000000
99112  25.200  11.749  -32.463 0.1250000000
103512  22.999  15.086  -27.306 0.6250000000
104511  24.355  14.807  -28.390 0.3750000000
104496  23.956  15.083  -27.761 0.3750000000
104528  24.617  14.386  -29.320 0.3750000000
136671  24.299  12.914  -31.376 0.2500000000
136686  24.494  12.387  -30.214 0.3750000000
99113  25.125  12.057  -32.733 0.1250000000
136682  24.153  11.723  -31.468 0.3750000000
136681  24.299  11.670  -30.835 0.3750000000
136651  25.961  11.243  -31.418 0.1250000000
99106  24.661  11.550  -32.888 0.1250000000
105490  22.420  16.433  -28.892 0.3750000000
104498  22.400  15.458  -27.525 0.3750000000
104497  23.278  15.338  -27.733 0.3750000000
104529  24.034  15.329  -29.168 0.3750000000
104512  23.690  15.424  -28.360 0.3750000000
104560  24.474  14.701  -30.854 0.3750000000
104544  24.480  15.000  -29.899 0.3750000000
136669  24.305  13.995  -31.829 0.3750000000
136667  24.352  13.439  -31.160 0.3750000000
104543  24.544  14.063  -30.165 0.3750000000
136658  25.550  14.309  -31.384 0.1250000000
99107  24.323  13.008  -32.550 0.1250000000
136673  23.908  13.658  -32.675 0.2500000000
136659  25.216  12.873  -31.927 0.1250000000
105501  23.311  16.035  -29.635 0.2500000000
105523  23.917  15.822  -30.688 0.2500000000
104530  23.366  15.737  -28.898 0.3750000000
136691  23.673  15.735  -33.431 0.1250000000
104565  24.313  15.423  -31.240 0.3750000000
105513  24.104  15.462  -30.165 0.3750000000
136665  23.887  14.459  -32.427 0.1250000000
136679  24.222  14.901  -31.692 0.2500000000
136688  24.724  15.245  -32.854 0.1250000000
136664  23.829  14.090  -32.762 0.1250000000
105502  22.170  16.787  -29.611 0.3750000000
105489  22.967  16.012  -28.949 0.3750000000
136710  22.806  16.857  -30.629 0.2500000000
136683  23.559  16.281  -32.850 0.1250000000
136696  23.248  16.737  -33.000 0.1250000000
136700  23.220  15.980  -34.440 0.1250000000
136697  23.151  16.650  -33.711 0.1250000000
136678  25.236  15.347  -31.905 0.1250000000
136702  24.451  16.514  -34.054 0.1250000000
106507  23.799  17.366  -31.954 0.1250000000
136716  24.249  17.538  -34.986 0.1250000000
107434  23.716  17.714  -33.391 0.1250000000
105531  25.802  16.832  -32.731 0.1250000000
104557  26.196  16.010  -31.493 0.1250000000
83138  27.671  -5.533  -28.101 0.6250000000
91796  27.492  2.553  -31.990 0.6250000000
96020  25.101  6.697  -31.408 0.5000000000
94989  26.130  6.017  -33.297 0.3750000000
100788  23.388  11.549  -25.444 0.8750000000
101635  23.533  12.260  -25.531 0.7500000000
99965  24.973  10.623  -26.601 0.7500000000
99984  25.278  10.239  -27.354 0.7500000000
99066  25.321  9.413  -27.756 0.7500000000
97049  24.789  7.880  -31.190 0.5000000000
98085  25.024  8.847  -30.448 0.7500000000
136663  24.037  14.363  -32.283 0.1250000000
105533  23.924  15.970  -31.644 0.2500000000
136704  22.653  17.234  -35.096 0.1250000000
136707  25.201  16.742  -33.431 0.1250000000
87203  28.704  -1.430  -31.176 0.5000000000
88340  28.163  -0.754  -30.451 0.6250000000
88330  28.236  -0.999  -29.429 0.7500000000
91810  28.164  2.526  -32.741 0.3750000000
93933  27.932  4.727  -33.381 0.2500000000
94987  27.989  5.609  -33.327 0.1250000000
76752  23.724  -11.707  -24.268 0.7500000000
77816  22.928  -11.452  -23.919 0.7500000000
77818  21.283  -10.648  -23.576 0.7500000000
76751  24.650  -11.793  -24.605 0.7500000000
77830  24.214  -10.749  -24.459 0.7500000000
80062  20.659  -8.527  -24.592 0.6250000000
80061  21.890  -8.497  -24.537 0.7500000000
78953  26.254  -10.224  -26.337 0.6250000000
80076  26.346  -9.116  -26.135 0.7500000000
81159  26.642  -7.980  -26.556 0.6250000000
82215  26.783  -6.987  -27.426 0.6250000000
83145  27.686  -6.287  -28.427 0.5000000000
83149  28.616  -6.114  -29.223 0.3750000000
83144  28.052  -5.969  -28.772 0.5000000000
84105  29.390  -4.400  -30.177 0.1250000000
86098  31.345  -2.881  -31.268 0.1250000000
87206  32.920  -1.572  -32.229 0.1250000000
88356  32.439  -0.387  -32.605 0.1250000000
89523  31.798  0.335  -32.628 0.1250000000
90687  31.002  1.286  -32.816 0.1250000000
90691  30.463  1.736  -33.177 0.1250000000
90692  30.173  1.377  -33.316 0.1250000000
91809  29.255  2.571  -33.247 0.1250000000
92862  28.402  3.754  -32.944 0.2500000000
92874  27.721  4.018  -33.167 0.2500000000
96043  27.271  6.692  -33.294 0.1250000000
98098  26.711  8.085  -32.938 0.1250000000
98099  25.935  8.893  -32.494 0.1250000000
99104  26.064  9.670  -31.703 0.1250000000
101639  19.685  12.837  -25.133 0.3750000000
136650  26.237  10.847  -31.125 0.1250000000
136652  26.248  11.905  -30.569 0.1250000000
136657  26.002  14.360  -30.587 0.1250000000
103538  26.503  15.231  -29.678 0.1250000000
104461  20.469  15.601  -23.645 0.1250000000
136718  21.503  17.776  -30.380 0.2500000000
136719  22.103  17.506  -30.463 0.1250000000
106499  23.280  17.207  -30.755 0.1250000000
136722  24.207  18.160  -34.465 0.1250000000
106515  24.013  17.688  -32.511 0.1250000000
136724  24.963  17.600  -34.170 0.1250000000
104541  27.032  16.251  -31.037 0.1250000000
136720  26.135  17.405  -32.900 0.1250000000
86058  27.790  -3.122  -27.102 0.7500000000
91771  27.309  2.748  -30.215 0.7500000000
98053  19.781  8.470  -26.494 0.3750000000
81162  22.128  -7.291  -25.069 0.7500000000
83114  24.821  -5.706  -25.157 0.8750000000
86071  27.597  -3.229  -28.151 0.7500000000
93888  26.587  4.986  -29.548 0.8750000000
99047  24.715  9.621  -25.911 0.8750000000
98062  25.531  8.515  -27.242 0.8750000000
106488  21.010  17.931  -30.174 0.1250000000
77817  22.216  -10.931  -23.698 0.7500000000
77842  25.934  -10.815  -26.021 0.7500000000
78916  21.037  -9.735  -23.794 0.7500000000
78939  21.407  -9.242  -24.152 0.7500000000
80078  21.011  -7.935  -25.028 0.6250000000
81137  23.649  -7.905  -24.633 0.8750000000
81136  24.718  -7.837  -24.736 0.8750000000
82214  27.303  -6.527  -27.647 0.7500000000
83128  26.674  -5.969  -26.151 0.8750000000
82226  27.575  -7.002  -28.291 0.6250000000
84090  27.669  -4.684  -27.722 0.7500000000
84102  29.017  -5.085  -29.602 0.2500000000
84103  27.999  -5.100  -29.288 0.5000000000
84097  27.571  -4.947  -28.601 0.6250000000
85131  28.617  -3.607  -30.333 0.5000000000
85130  29.430  -3.772  -30.532 0.2500000000
84104  29.833  -4.217  -30.415 0.1250000000
87202  29.732  -1.954  -31.276 0.2500000000
87195  28.318  -1.854  -30.225 0.6250000000
87213  31.698  -0.793  -32.492 0.1250000000
87212  32.579  -1.026  -32.593 0.1250000000
87208  30.708  -1.336  -31.938 0.1250000000
87210  28.735  -0.788  -31.891 0.5000000000
88353  29.103  -0.537  -32.505 0.1250000000
88358  30.502  -0.041  -33.024 0.1250000000
88354  28.613  -0.032  -32.084 0.5000000000
89524  30.943  0.539  -33.080 0.1250000000
89526  29.259  0.715  -33.062 0.1250000000
90689  28.726  1.544  -33.099 0.1250000000
90669  28.030  1.398  -31.858 0.6250000000
90690  28.242  1.797  -32.608 0.1250000000
91783  27.249  2.546  -31.136 0.6250000000
93912  26.216  4.604  -31.293 0.6250000000
96006  25.593  6.953  -29.763 0.7500000000
98076  25.392  8.637  -29.397 0.7500000000
94972  25.384  5.911  -31.424 0.5000000000
96037  25.063  6.615  -32.940 0.3750000000
98108  25.486  8.398  -33.238 0.1250000000
98107  26.172  7.991  -33.204 0.1250000000
96045  25.545  6.808  -33.459 0.2500000000
97067  26.935  7.533  -33.239 0.1250000000
102542  23.366  13.666  -26.118 0.7500000000
102540  25.471  12.895  -26.914 0.7500000000
100003  24.794  10.706  -29.602 0.6250000000
98093  23.742  9.708  -32.229 0.3750000000
99081  24.567  10.505  -30.252 0.3750000000
97056  24.053  8.823  -32.907 0.1250000000
99105  25.486  10.561  -32.006 0.1250000000
136670  24.374  12.513  -30.774 0.3750000000
99099  24.216  12.883  -32.114 0.2500000000
136655  25.394  13.764  -31.630 0.1250000000
104513  22.840  15.807  -28.364 0.3750000000
104559  24.456  13.877  -30.656 0.3750000000
136660  25.036  14.170  -32.115 0.1250000000
136662  25.144  14.810  -31.812 0.1250000000
102599  25.713  14.979  -31.073 0.1250000000
136675  26.032  13.933  -30.467 0.1250000000
136703  23.478  16.702  -31.421 0.2500000000
136693  23.594  15.876  -34.175 0.1250000000
136692  24.933  15.972  -33.236 0.1250000000
105537  25.297  16.063  -32.830 0.1250000000
136711  23.432  16.801  -32.117 0.1250000000
136708  23.200  16.140  -35.356 0.1250000000
103561  26.091  15.425  -31.032 0.1250000000
136689  23.852  15.633  -34.346 0.1250000000
76737  23.177  -12.136  -23.851 0.7500000000
75695  24.253  -12.313  -24.415 0.7500000000
76738  22.519  -11.867  -23.496 0.7500000000
80038  20.320  -8.759  -24.116 0.5000000000
78940  20.873  -9.133  -24.057 0.6250000000
81179  27.520  -8.045  -27.248 0.6250000000
91818  30.086  2.104  -33.375 0.1250000000
91807  30.647  2.034  -32.443 0.1250000000
102585  26.105  14.733  -29.969 0.1250000000
103551  26.094  15.241  -30.393 0.1250000000
76739  21.636  -11.694  -23.129 0.7500000000
77819  20.642  -10.176  -23.383 0.5000000000
75678  23.891  -12.849  -24.162 0.6250000000
75694  24.766  -12.850  -24.458 0.6250000000
76749  26.150  -11.833  -24.845 0.3750000000
76750  25.536  -12.068  -24.849 0.6250000000
77827  27.298  -10.930  -25.712 0.2500000000
77828  26.274  -11.316  -25.471 0.3750000000
82237  28.334  -6.997  -29.193 0.3750000000
80075  26.970  -8.911  -27.022 0.5000000000
76736  25.872  -12.248  -24.421 0.5000000000
81190  27.453  -7.331  -27.779 0.5000000000
73576  23.928  -14.196  -23.713 0.6250000000
77798  20.258  -10.627  -22.599 0.3750000000
76723  20.686  -11.848  -22.512 0.3750000000
74585  23.591  -13.613  -23.728 0.6250000000
75679  22.787  -12.842  -23.435 0.6250000000
76722  21.363  -12.279  -22.699 0.6250000000
75661  26.161  -12.728  -22.902 0.3750000000
74583  25.253  -13.273  -24.076 0.5000000000
74584  24.536  -13.733  -24.019 0.6250000000
78893  20.140  -9.687  -23.133 0.2500000000
76735  26.357  -11.611  -23.939 0.3750000000
77815  26.635  -11.340  -24.953 0.2500000000
81140  20.155  -7.680  -24.814 0.3750000000
77840  27.180  -10.491  -26.397 0.2500000000
80091  27.644  -9.088  -27.237 0.3750000000
81178  27.938  -8.357  -27.490 0.2500000000
82225  28.370  -7.370  -28.374 0.2500000000
82236  28.977  -7.288  -29.010 0.2500000000
88323  18.510  0.219  -27.008 0.1250000000
92812  18.945  2.883  -28.269 0.2500000000
83148  29.026  -6.382  -29.437 0.2500000000
93874  18.623  4.571  -27.881 0.2500000000
89486  18.293  0.969  -27.061 0.1250000000
87180  18.677  -0.643  -27.092 0.2500000000
82170  19.837  -7.213  -24.752 0.2500000000
76740  20.799  -11.068  -23.170 0.5000000000
83143  29.199  -6.760  -29.185 0.2500000000
75680  22.251  -12.263  -23.194 0.6250000000
78918  20.013  -9.157  -23.477 0.3750000000
81189  27.910  -7.703  -27.879 0.2500000000
74600  24.937  -13.300  -24.324 0.6250000000
74599  25.115  -13.103  -24.391 0.5000000000
78914  27.582  -10.337  -24.984 0.2500000000
77841  26.659  -10.798  -26.336 0.3750000000
78952  27.030  -9.826  -26.695 0.3750000000
75676  25.831  -12.626  -23.703 0.5000000000
75675  26.359  -12.176  -23.147 0.3750000000
74570  25.413  -13.454  -22.840 0.3750000000
78966  27.568  -9.477  -26.827 0.2500000000
81188  28.079  -7.793  -27.740 0.2500000000
88309  18.242  -0.223  -26.228 0.1250000000
73565  22.186  -14.357  -22.661 0.5000000000
74571  24.661  -13.961  -23.151 0.2500000000
73563  24.148  -14.642  -22.987 0.3750000000
73578  22.759  -14.125  -23.138 0.5000000000
72513  21.725  -14.780  -22.139 0.3750000000
74574  21.224  -13.435  -22.229 0.5000000000
74572  22.391  -13.462  -23.006 0.5000000000
74573  21.670  -13.549  -22.515 0.5000000000
75663  22.002  -12.714  -22.845 0.5000000000
72479  20.743  -15.454  -20.819 0.1250000000
72498  20.858  -14.726  -21.214 0.3750000000
76705  20.280  -11.946  -21.805 0.2500000000
70195  21.263  -17.272  -21.079 0.1250000000
72478  21.161  -15.752  -21.073 0.2500000000
72496  22.178  -15.872  -21.684 0.3750000000
73552  25.068  -14.564  -21.860 0.2500000000
72511  23.450  -15.514  -22.467 0.3750000000
73564  23.038  -14.787  -22.920 0.5000000000
71373  20.411  -16.252  -20.359 0.1250000000
72497  21.516  -15.428  -21.440 0.3750000000
72512  22.479  -15.403  -22.180 0.3750000000
73536  20.304  -14.306  -20.635 0.1250000000
75630  19.939  -12.394  -20.817 0.1250000000
74586  22.966  -13.665  -23.378 0.5000000000
73577  23.393  -14.225  -23.388 0.5000000000
77778  20.120  -11.318  -21.964 0.2500000000
74561  21.252  -13.825  -22.181 0.5000000000
73562  24.772  -14.106  -22.685 0.3750000000
72510  24.078  -15.412  -22.339 0.3750000000
73554  21.199  -14.354  -21.783 0.2500000000
74562  20.847  -13.506  -21.876 0.1250000000
75629  20.241  -12.633  -21.280 0.1250000000
75664  21.173  -12.855  -22.350 0.1250000000
72480  19.932  -15.287  -19.866 0.1250000000
75650  20.499  -12.632  -21.793 0.1250000000
71358  20.125  -16.812  -19.869 0.1250000000
71387  21.884  -16.273  -21.504 0.3750000000
73555  20.624  -14.060  -21.387 0.1250000000
74544  20.287  -13.270  -21.171 0.1250000000
71385  23.769  -16.729  -21.592 0.2500000000
80039  19.856  -8.549  -23.864 0.2500000000
73553  24.382  -15.046  -22.193 0.2500000000
70212  21.882  -17.157  -21.398 0.1250000000
71372  21.174  -16.388  -21.060 0.1250000000
71400  22.996  -15.977  -22.287 0.2500000000
71386  22.692  -16.438  -21.822 0.2500000000
80019  19.261  -8.408  -22.862 0.1250000000
99029  19.694  9.793  -25.952 0.1250000000
99949  19.213  10.244  -25.776 0.1250000000
99967  18.859  9.918  -25.772 0.1250000000
100813  18.587  10.430  -25.442 0.1250000000
100792  18.952  11.374  -25.448 0.1250000000
100812  18.855  10.506  -25.632 0.1250000000
100793  18.285  10.867  -25.045 0.1250000000
101617  19.082  12.655  -24.607 0.1250000000
99051  18.712  9.163  -26.004 0.1250000000
100767  18.726  11.683  -24.594 0.1250000000
100756  19.052  11.431  -23.759 0.1250000000
98054  19.028  8.198  -26.488 0.1250000000
92795  18.491  3.716  -27.699 0.1250000000
78876  19.333  -9.137  -22.052 0.1250000000
94941  18.152  5.300  -27.496 0.1250000000
98055  18.570  8.241  -25.992 0.1250000000
99030  18.481  9.219  -25.520 0.1250000000
99924  18.190  10.189  -24.592 0.1250000000
99897  19.420  10.488  -23.465 0.1250000000
101601  19.146  12.387  -22.738 0.1250000000
101609  18.963  12.568  -23.753 0.1250000000
98063  18.844  7.577  -26.634 0.1250000000
82171  19.424  -6.654  -24.417 0.1250000000
80063  20.023  -8.177  -24.517 0.1250000000
78894  19.684  -9.150  -23.004 0.1250000000
77799  19.764  -9.828  -22.470 0.1250000000
81141  19.708  -7.657  -24.346 0.1250000000
81076  19.146  -7.715  -22.137 0.1250000000
80004  19.259  -8.111  -22.058 0.1250000000
99950  18.266  10.021  -25.210 0.1250000000
100768  18.517  10.918  -24.378 0.1250000000
99909  18.631  10.312  -23.879 0.1250000000
98977  18.707  9.663  -23.598 0.1250000000
76721  26.779  -11.658  -23.005 0.1250000000
76734  27.060  -11.125  -23.366 0.1250000000
77814  27.180  -10.582  -24.227 0.1250000000
78951  27.602  -9.845  -26.296 0.1250000000
78950  28.149  -9.174  -26.412 0.1250000000
78964  28.180  -9.089  -26.920 0.1250000000
81157  28.916  -7.199  -25.332 0.1250000000
81158  28.428  -7.664  -26.089 0.1250000000
81177  28.093  -8.040  -27.165 0.1250000000
83112  29.083  -6.188  -26.583 0.1250000000
82224  28.925  -7.090  -28.113 0.1250000000
84075  29.594  -5.407  -27.081 0.1250000000
83126  29.160  -5.985  -27.253 0.1250000000
84096  29.431  -5.762  -28.843 0.1250000000
72493  25.006  -15.364  -21.256 0.1250000000
72495  23.881  -16.005  -22.161 0.1250000000
73551  26.040  -14.012  -21.265 0.1250000000
74559  26.373  -13.215  -21.773 0.1250000000
76720  27.590  -11.301  -22.548 0.1250000000
75660  26.920  -12.387  -22.296 0.1250000000
77797  27.601  -10.663  -23.213 0.1250000000
77813  28.115  -10.079  -23.454 0.1250000000
80056  28.536  -8.418  -24.690 0.1250000000
80074  28.304  -8.461  -25.728 0.1250000000
81133  29.375  -7.454  -24.556 0.1250000000
83111  29.644  -5.649  -26.168 0.1250000000
84088  29.871  -4.699  -27.954 0.1250000000
85101  30.596  -4.177  -27.218 0.1250000000
84095  29.965  -4.706  -29.090 0.1250000000
74569  26.231  -12.953  -22.466 0.1250000000
83137  29.242  -6.523  -28.460 0.1250000000
82194  28.516  -7.310  -26.815 0.1250000000
74560  25.628  -13.712  -21.851 0.1250000000
72494  24.426  -15.682  -21.719 0.1250000000
75649  27.019  -12.826  -21.655 0.1250000000
78933  28.112  -9.285  -25.511 0.1250000000
78913  28.074  -9.575  -24.424 0.1250000000
80089  28.226  -8.605  -26.647 0.1250000000
82193  28.931  -6.590  -25.971 0.1250000000
81134  28.601  -7.763  -25.200 0.1250000000
82212  28.778  -6.758  -27.086 0.1250000000
84089  29.495  -5.501  -27.727 0.1250000000
84074  30.134  -4.892  -26.695 0.1250000000
72476  25.404  -15.550  -20.567 0.1250000000
73534  25.755  -14.733  -20.863 0.1250000000
77796  28.299  -10.492  -22.652 0.1250000000
85113  30.605  -3.940  -28.310 0.1250000000
71399  23.388  -16.214  -22.170 0.2500000000
73566  21.552  -14.196  -22.309 0.5000000000
75651  20.221  -12.237  -21.376 0.1250000000
75662  22.388  -13.001  -23.094 0.6250000000
75677  24.413  -13.180  -24.271 0.6250000000
75693  25.418  -12.757  -24.396 0.5000000000
78917  20.459  -9.181  -23.783 0.3750000000
78934  27.720  -10.032  -25.428 0.1250000000
78965  27.971  -9.363  -26.968 0.1250000000
80090  28.108  -8.891  -27.240 0.1250000000
81096  18.986  -7.711  -22.514 0.1250000000
81164  20.720  -7.533  -25.117 0.6250000000
82213  28.431  -7.456  -27.663 0.1250000000
82227  27.250  -7.070  -27.897 0.6250000000
82238  27.875  -6.665  -28.787 0.5000000000
82239  28.916  -7.056  -29.491 0.2500000000
82240  28.730  -6.772  -29.480 0.3750000000
83125  29.638  -5.446  -26.761 0.1250000000
84076  27.706  -4.451  -27.067 0.8750000000
85102  27.510  -4.075  -28.096 0.7500000000
85106  20.064  -3.175  -27.288 0.7500000000
86057  27.647  -3.568  -27.647 0.7500000000
86073  22.523  -2.218  -27.390 1.0000000000
87207  31.956  -1.485  -32.108 0.1250000000
88321  20.285  -0.437  -28.373 0.6250000000
88331  20.329  0.112  -28.432 0.5000000000
88359  29.616  0.016  -32.920 0.1250000000
88360  28.984  0.140  -32.661 0.1250000000
89484  21.033  0.717  -28.348 0.6250000000
89498  19.327  0.631  -28.071 0.3750000000
89522  32.475  0.046  -32.586 0.1250000000
89525  30.083  0.677  -33.275 0.1250000000
89527  29.847  1.033  -33.327 0.1250000000
89528  29.653  0.897  -33.262 0.1250000000
90617  22.395  0.933  -27.187 1.0000000000
90649  20.245  1.419  -28.313 0.6250000000
90693  29.505  1.210  -33.292 0.1250000000
91713  24.237  2.499  -26.024 1.0000000000
91735  20.577  2.352  -28.246 0.5000000000
91755  19.533  2.127  -28.382 0.5000000000
91817  30.507  2.023  -33.024 0.1250000000
91819  29.543  1.771  -33.377 0.1250000000
92788  27.106  4.179  -28.012 1.0000000000
92809  26.704  4.495  -29.197 0.8750000000
92873  27.899  4.238  -33.313 0.2500000000
93881  26.866  4.419  -28.609 1.0000000000
93882  26.748  4.795  -28.644 0.8750000000
94921  26.537  5.363  -27.161 1.0000000000
94940  18.780  5.405  -27.815 0.3750000000
94957  25.590  6.235  -30.339 0.7500000000
94981  25.385  6.033  -32.857 0.5000000000
94990  25.541  6.167  -33.103 0.3750000000
95973  23.826  7.423  -25.434 1.0000000000
95996  26.417  6.480  -27.703 1.0000000000
96036  25.344  6.000  -32.593 0.5000000000
97001  21.733  7.737  -25.687 1.0000000000
97014  24.248  7.822  -25.372 1.0000000000
97034  26.172  6.920  -28.527 0.8750000000
97062  24.240  9.126  -33.490 0.1250000000
97068  26.531  7.346  -33.451 0.1250000000
98091  26.935  8.467  -32.188 0.1250000000
98106  26.599  7.723  -33.228 0.1250000000
98989  19.292  8.915  -23.215 0.1250000000
98990  18.728  9.078  -23.523 0.1250000000
99048  24.316  9.146  -25.520 1.0000000000
99050  19.289  9.320  -26.172 0.1250000000
99097  26.132  10.207  -31.349 0.1250000000
99968  18.557  9.771  -25.578 0.1250000000
99995  25.313  10.351  -28.132 0.7500000000
100810  24.444  11.485  -26.076 0.7500000000
100811  23.918  11.871  -25.690 0.7500000000
101659  25.464  12.218  -27.234 0.7500000000
101660  25.398  12.153  -26.991 0.7500000000
102539  25.521  12.485  -27.191 0.7500000000
102558  25.454  12.372  -27.431 0.7500000000
102594  26.013  14.891  -30.161 0.1250000000
103493  24.253  14.021  -26.945 0.6250000000
103511  23.568  14.857  -27.240 0.3750000000
103539  26.316  15.401  -30.025 0.1250000000
103550  26.154  15.125  -29.945 0.1250000000
103552  24.467  13.302  -30.479 0.3750000000
104527  26.343  15.533  -30.278 0.1250000000
104558  25.482  15.865  -32.161 0.1250000000
104569  25.131  15.702  -32.722 0.1250000000
105500  23.971  15.456  -29.722 0.3750000000
105522  25.886  16.312  -32.194 0.1250000000
105532  25.550  16.322  -32.601 0.1250000000
105551  23.975  15.697  -35.220 0.1250000000
106512  25.483  16.517  -32.926 0.1250000000
106513  25.381  16.293  -32.912 0.1250000000
106514  24.237  17.705  -32.413 0.1250000000
106518  25.125  16.347  -33.287 0.1250000000
136653  25.927  13.850  -31.065 0.1250000000
136661  25.974  14.849  -30.399 0.1250000000
136668  25.664  15.566  -31.441 0.1250000000
136672  23.999  13.711  -32.232 0.1250000000
136674  23.763  15.872  -32.560 0.1250000000
136677  24.485  12.935  -30.349 0.3750000000
136680  24.407  11.929  -30.567 0.3750000000
136684  25.293  11.589  -28.147 0.7500000000
136687  25.139  15.515  -32.413 0.1250000000
136690  23.866  15.410  -35.102 0.1250000000
136694  24.147  15.558  -34.981 0.1250000000
136695  23.376  16.517  -33.075 0.1250000000
136698  24.957  16.178  -33.360 0.1250000000
136699  24.802  16.280  -33.523 0.1250000000
136701  24.229  15.915  -35.138 0.1250000000
136705  22.613  16.996  -35.418 0.1250000000
136706  22.834  16.611  -34.863 0.1250000000
136709  23.907  16.397  -35.352 0.1250000000
136712  23.221  17.703  -35.011 0.1250000000
136713  22.843  17.005  -34.941 0.1250000000
136714  25.435  16.673  -33.116 0.1250000000
136715  25.483  16.900  -33.179 0.1250000000
136717  23.255  17.058  -35.544 0.1250000000
136721  25.433  17.196  -33.392 0.1250000000
136725  24.529  17.321  -34.451 0.1250000000
136729  24.879  18.208  -33.558 0.1250000000
136731  22.780  17.239  -34.724 0.1250000000
