#!ascii label  , from subject abby vox2ras=TkReg
2208
20725  46.877  -62.341  -11.691 0.2000000030
20719  47.267  -62.296  -10.729 0.2000000030
21847  46.261  -61.901  -10.757 0.2000000030
20756  47.952  -62.875  -13.151 0.2000000030
21891  46.087  -61.498  -14.223 0.1000000015
21838  47.702  -62.033  -9.222 0.3000000119
21839  46.778  -61.846  -9.657 0.2000000030
20758  46.662  -62.029  -13.727 0.1000000015
20773  47.335  -62.477  -14.239 0.2000000030
21854  46.012  -61.763  -11.872 0.1000000015
21871  45.847  -61.453  -13.074 0.1000000015
21855  45.182  -61.185  -12.013 0.1000000015
21849  44.722  -60.758  -11.175 0.1000000015
21892  45.257  -61.045  -13.963 0.1000000015
24121  43.699  -59.777  -11.356 0.1000000015
21872  44.901  -60.846  -12.925 0.1000000015
21873  44.177  -60.541  -12.734 0.1000000015
23008  43.715  -60.400  -12.671 0.1000000015
24094  45.813  -59.355  -8.575 0.1000000015
24109  45.254  -59.300  -9.097 0.1000000015
21841  44.928  -60.855  -10.359 0.1000000015
21840  45.569  -61.291  -9.760 0.1000000015
21848  45.393  -61.353  -10.975 0.1000000015
22985  44.437  -60.192  -10.452 0.1000000015
24114  43.856  -59.377  -10.686 0.1000000015
26323  43.640  -57.471  -10.540 0.2000000030
25226  43.692  -58.367  -10.515 0.2000000030
27402  43.738  -56.237  -10.934 0.1000000015
25235  43.247  -58.580  -10.962 0.2000000030
28470  43.444  -55.709  -11.485 0.2000000030
26333  42.170  -57.295  -11.186 0.1000000015
27404  41.822  -56.439  -11.662 0.1000000015
22984  44.954  -60.286  -9.640 0.1000000015
25212  45.646  -58.397  -9.121 0.1000000015
22988  44.102  -60.187  -11.262 0.1000000015
28469  44.356  -55.626  -11.349 0.2000000030
29566  44.993  -54.687  -12.572 0.2000000030
29578  44.341  -54.848  -13.239 0.2000000030
28483  43.380  -55.280  -12.300 0.2000000030
28495  43.449  -55.249  -13.432 0.1000000015
28484  42.527  -55.478  -12.756 0.2000000030
24110  44.508  -59.403  -9.805 0.1000000015
26303  45.433  -57.649  -9.601 0.1000000015
25225  44.266  -58.546  -9.977 0.1000000015
26322  44.468  -57.543  -10.109 0.2000000030
28453  45.749  -55.954  -10.789 0.2000000030
27401  44.412  -56.209  -10.791 0.3000000119
29595  44.609  -54.850  -14.073 0.3000000119
28514  43.926  -55.420  -14.544 0.2000000030
28496  42.331  -55.766  -13.789 0.2000000030
26341  39.985  -57.459  -12.782 0.2000000030
28468  45.310  -55.394  -11.348 0.3000000119
27381  44.982  -56.585  -10.426 0.2000000030
29594  45.426  -54.640  -14.315 0.3000000119
29618  45.623  -54.881  -15.202 0.3000000119
28532  45.874  -55.313  -16.025 0.3000000119
28513  44.784  -55.188  -14.920 0.3000000119
28534  44.111  -55.922  -15.510 0.2000000030
27424  41.156  -56.283  -13.342 0.2000000030
27425  40.526  -56.825  -13.571 0.2000000030
28558  47.981  -55.279  -17.101 0.4000000060
29592  47.223  -54.407  -14.679 0.3000000119
29617  46.511  -54.650  -15.415 0.3000000119
29565  45.860  -54.571  -12.779 0.2000000030
29576  46.096  -54.438  -13.621 0.2000000030
28533  45.042  -55.658  -15.736 0.3000000119
28516  42.257  -56.275  -14.451 0.2000000030
28562  44.486  -56.300  -16.274 0.2000000030
27440  41.489  -56.601  -14.487 0.2000000030
28579  48.319  -55.653  -17.877 0.3000000119
29640  46.752  -55.022  -16.249 0.3000000119
27476  45.560  -56.589  -17.350 0.2000000030
27478  43.835  -56.589  -16.672 0.2000000030
27479  42.937  -56.652  -16.441 0.1000000015
27454  43.190  -56.547  -15.646 0.2000000030
27441  40.250  -56.823  -14.411 0.2000000030
27455  42.155  -56.924  -15.653 0.2000000030
26345  39.918  -57.205  -13.736 0.2000000030
28597  47.604  -56.485  -18.572 0.3000000119
27495  46.631  -56.751  -18.380 0.3000000119
28580  47.295  -55.968  -17.794 0.3000000119
27513  46.918  -57.063  -19.105 0.2000000030
27496  45.821  -57.061  -18.109 0.3000000119
27527  46.342  -57.111  -19.213 0.2000000030
28581  46.418  -56.380  -17.555 0.3000000119
27497  45.061  -57.011  -17.868 0.1000000015
27498  44.425  -56.582  -17.502 0.1000000015
27480  41.842  -56.961  -16.198 0.1000000015
27499  43.707  -56.659  -16.949 0.1000000015
28600  44.816  -56.709  -18.247 0.1000000015
27456  41.201  -56.740  -15.481 0.1000000015
27524  49.428  -57.160  -20.213 0.3000000119
27525  48.353  -57.268  -20.211 0.2000000030
27539  48.054  -57.215  -20.596 0.2000000030
28626  48.714  -56.222  -21.245 0.2000000030
29701  49.514  -55.500  -21.834 0.1000000015
27526  47.381  -57.035  -19.965 0.1000000015
28612  47.602  -56.374  -20.368 0.1000000015
28613  46.456  -56.511  -19.431 0.1000000015
27515  45.443  -57.069  -18.563 0.1000000015
28583  44.304  -56.302  -17.667 0.1000000015
28563  43.069  -56.093  -16.719 0.1000000015
27549  49.284  -57.104  -21.387 0.2000000030
29688  48.250  -55.310  -20.148 0.1000000015
29673  48.369  -54.361  -19.513 0.1000000015
29689  47.092  -55.648  -19.502 0.1000000015
29675  46.435  -55.217  -18.734 0.1000000015
28599  45.488  -56.513  -18.841 0.1000000015
29676  45.564  -55.668  -18.641 0.1000000015
29662  44.371  -55.458  -17.473 0.1000000015
28582  44.822  -55.922  -18.309 0.1000000015
30731  48.412  -53.656  -19.142 0.1000000015
29661  45.587  -54.653  -17.646 0.1000000015
29643  43.604  -55.145  -16.681 0.1000000015
30742  48.865  -53.990  -20.173 0.1000000015
21856  44.473  -60.611  -12.028 0.1000000015
27301  45.367  -55.570  -5.440 0.5000000000
26240  44.837  -56.785  -5.275 0.5000000000
27302  44.838  -55.997  -5.431 0.5000000000
28390  44.955  -55.012  -5.491 0.5000000000
29449  45.242  -54.151  -5.483 0.5000000000
25114  42.217  -58.681  -3.756 0.2000000030
24037  43.379  -58.870  -4.287 0.2000000030
25135  43.005  -58.140  -4.518 0.3000000119
25134  43.868  -58.191  -4.709 0.3000000119
27282  43.642  -56.703  -5.125 0.5000000000
27303  43.873  -55.978  -5.366 0.5000000000
28392  43.218  -55.267  -5.446 0.5000000000
28391  44.124  -55.125  -5.494 0.5000000000
29451  43.455  -54.307  -5.507 0.5000000000
29450  44.350  -54.181  -5.488 0.5000000000
30531  45.506  -53.312  -5.553 0.5000000000
31524  44.749  -52.739  -5.855 0.5000000000
30530  46.456  -53.304  -5.553 0.5000000000
30529  47.515  -53.434  -5.494 0.5000000000
26223  41.520  -57.542  -4.077 0.3000000119
26222  42.500  -57.397  -4.565 0.3000000119
30533  43.682  -53.361  -5.533 0.5000000000
30532  44.581  -53.307  -5.546 0.5000000000
31523  45.696  -52.737  -5.891 0.5000000000
31539  45.849  -52.809  -6.613 0.5000000000
30512  51.455  -53.493  -4.766 0.4000000060
30526  50.999  -53.316  -5.506 0.5000000000
30527  49.604  -53.237  -5.691 0.5000000000
30528  48.490  -53.316  -5.564 0.5000000000
30525  52.195  -53.406  -5.443 0.4000000060
25115  41.574  -58.479  -3.304 0.3000000119
27285  41.059  -56.398  -4.228 0.4000000060
27284  41.965  -56.387  -4.756 0.4000000060
29452  42.522  -54.484  -5.425 0.5000000000
30534  42.792  -53.504  -5.538 0.5000000000
31526  42.931  -52.648  -5.747 0.5000000000
31542  43.087  -52.294  -6.237 0.5000000000
31525  43.854  -52.679  -5.782 0.5000000000
31540  44.842  -52.671  -6.537 0.5000000000
31522  46.698  -52.791  -5.940 0.6000000238
31519  49.066  -53.190  -6.219 0.5000000000
31521  47.681  -52.929  -5.983 0.5000000000
31538  46.926  -53.033  -6.802 0.5000000000
30524  53.338  -53.516  -5.389 0.4000000060
30511  52.488  -53.657  -4.582 0.4000000060
28301  42.312  -55.651  0.671 0.1000000015
28302  41.218  -55.723  0.417 0.1000000015
29380  41.796  -54.984  0.627 0.1000000015
27195  40.978  -56.337  -0.032 0.1000000015
28303  40.048  -55.756  -0.125 0.1000000015
27206  40.543  -56.674  -0.663 0.1000000015
28316  39.902  -56.208  -0.679 0.1000000015
28304  39.401  -55.198  -0.524 0.1000000015
26198  40.874  -57.821  -3.061 0.2000000030
26175  40.676  -57.672  -2.159 0.1000000015
27261  40.754  -56.911  -3.602 0.3000000119
28393  42.277  -55.536  -5.193 0.5000000000
27286  40.605  -56.290  -3.813 0.4000000060
29453  41.490  -54.663  -5.082 0.4000000060
30535  41.907  -53.605  -5.384 0.5000000000
31527  42.205  -52.751  -5.576 0.5000000000
32532  42.411  -51.994  -6.020 0.5000000000
31551  44.913  -53.077  -7.697 0.5000000000
31520  48.556  -53.015  -6.034 0.5000000000
30548  49.612  -53.477  -6.587 0.5000000000
30508  55.021  -53.987  -4.867 0.5000000000
29351  46.075  -54.421  1.359 0.1000000015
29353  44.345  -54.518  1.553 0.1000000015
28285  44.212  -55.092  0.945 0.1000000015
28300  43.292  -55.342  0.754 0.1000000015
29366  41.277  -54.229  1.276 0.1000000015
29378  43.704  -54.879  0.647 0.1000000015
29379  42.856  -54.979  0.490 0.1000000015
29381  40.368  -54.659  0.704 0.1000000015
30498  38.499  -53.590  -2.491 0.2000000030
31511  37.852  -52.141  -2.769 0.2000000030
26136  40.721  -57.185  -1.033 0.1000000015
27207  39.904  -56.438  -1.097 0.1000000015
27220  39.742  -56.281  -1.797 0.1000000015
29405  39.114  -54.828  -1.807 0.1000000015
29412  38.916  -54.299  -2.477 0.2000000030
27243  40.141  -56.737  -2.405 0.2000000030
28330  39.473  -55.491  -2.121 0.1000000015
28362  39.889  -55.417  -3.430 0.2000000030
30517  39.673  -53.835  -3.988 0.2000000030
31510  38.388  -52.769  -3.306 0.2000000030
32515  37.950  -51.594  -3.374 0.2000000030
27262  40.159  -56.202  -3.333 0.2000000030
28361  40.166  -55.663  -3.642 0.2000000030
29440  40.654  -54.683  -4.574 0.3000000119
30516  40.455  -53.683  -4.829 0.3000000119
31514  40.607  -53.003  -5.222 0.4000000060
31528  41.287  -52.652  -5.471 0.5000000000
31550  46.028  -53.192  -7.421 0.5000000000
32524  41.833  -52.018  -5.754 0.4000000060
30600  47.220  -54.031  -9.553 0.5000000000
30601  46.406  -53.701  -9.682 0.5000000000
30584  45.951  -53.551  -8.849 0.5000000000
30582  47.612  -54.070  -8.650 0.5000000000
30583  46.758  -53.732  -8.755 0.5000000000
30566  46.336  -53.448  -8.063 0.5000000000
31553  43.057  -52.339  -7.045 0.5000000000
30562  49.594  -53.901  -7.393 0.5000000000
30563  48.773  -54.037  -7.715 0.5000000000
30564  47.917  -53.801  -7.770 0.5000000000
30585  45.200  -53.268  -8.788 0.5000000000
30546  51.876  -53.512  -6.320 0.5000000000
30547  50.669  -53.447  -6.369 0.5000000000
30551  47.612  -53.380  -7.174 0.5000000000
31535  49.046  -53.361  -6.537 0.5000000000
30523  54.353  -53.552  -5.408 0.4000000060
30460  46.922  -54.183  1.153 0.1000000015
29362  45.385  -54.604  0.991 0.1000000015
29376  45.524  -54.308  0.710 0.1000000015
30475  44.873  -53.833  0.614 0.1000000015
32483  45.326  -51.503  0.618 0.1000000015
29377  44.540  -54.682  0.861 0.1000000015
30476  44.049  -54.199  0.737 0.1000000015
30477  43.235  -54.285  0.767 0.1000000015
30464  41.794  -53.425  1.437 0.1000000015
29367  40.603  -53.979  1.209 0.1000000015
30478  40.103  -53.457  0.935 0.1000000015
30480  38.694  -52.946  -0.297 0.1000000015
29393  38.892  -54.554  -0.922 0.1000000015
31501  38.070  -52.658  -1.462 0.2000000030
31507  38.050  -52.815  -2.310 0.2000000030
29406  38.675  -54.124  -1.775 0.1000000015
30494  38.368  -53.437  -1.683 0.2000000030
31516  39.109  -52.668  -4.083 0.3000000119
32520  38.582  -51.706  -3.990 0.2000000030
31515  39.883  -52.687  -4.827 0.3000000119
32519  39.272  -51.670  -4.632 0.2000000030
32526  39.870  -51.570  -5.306 0.3000000119
32525  40.767  -51.480  -5.860 0.4000000060
31587  45.739  -52.889  -10.903 0.5000000000
31588  45.268  -52.660  -10.875 0.5000000000
31574  45.006  -52.797  -10.142 0.5000000000
32533  41.617  -51.541  -6.367 0.5000000000
33623  44.373  -50.344  -12.218 0.5000000000
33608  43.933  -50.895  -11.784 0.5000000000
32573  44.002  -51.876  -11.100 0.5000000000
31589  44.366  -52.393  -10.662 0.5000000000
31575  44.339  -52.682  -9.792 0.6000000238
32539  42.310  -51.840  -6.772 0.5000000000
33609  43.388  -50.341  -11.701 0.5000000000
32592  43.003  -51.019  -11.022 0.5000000000
31590  43.847  -52.461  -10.099 0.6000000238
31552  43.925  -52.611  -7.305 0.5000000000
31576  43.557  -52.459  -9.417 0.5000000000
31559  43.840  -52.676  -8.353 0.5000000000
28370  54.937  -55.323  -4.514 0.4000000060
30521  55.259  -54.139  -5.379 0.4000000060
29431  54.258  -54.192  -4.168 0.4000000060
34545  43.999  -49.566  0.512 0.1000000015
32484  44.307  -51.000  0.469 0.1000000015
33496  43.735  -50.166  -0.147 0.1000000015
30461  44.222  -53.517  0.842 0.1000000015
31470  44.596  -53.045  0.851 0.1000000015
32466  42.729  -51.707  1.254 0.1000000015
32486  42.190  -51.020  0.792 0.1000000015
31472  43.166  -52.639  1.321 0.1000000015
32467  41.809  -51.799  1.278 0.1000000015
32487  41.143  -51.539  0.842 0.1000000015
31486  40.460  -52.479  1.023 0.1000000015
32488  40.059  -51.667  0.526 0.1000000015
31488  38.861  -52.457  0.037 0.1000000015
32501  38.128  -51.259  -0.644 0.2000000030
32508  37.658  -51.117  -1.130 0.2000000030
32513  37.492  -51.189  -1.827 0.2000000030
32516  37.582  -51.331  -2.653 0.2000000030
39744  42.201  -44.385  -9.387 0.2000000030
33547  38.693  -50.609  -4.672 0.2000000030
38625  41.503  -45.816  -9.746 0.2000000030
37567  40.667  -47.070  -9.444 0.2000000030
33546  39.329  -50.911  -5.142 0.2000000030
39766  42.424  -44.480  -10.505 0.2000000030
38645  41.903  -45.700  -10.555 0.2000000030
37587  41.185  -46.723  -10.163 0.2000000030
36625  40.965  -47.687  -10.196 0.2000000030
36626  40.586  -47.766  -9.648 0.3000000119
35610  40.765  -48.472  -9.949 0.2000000030
33570  40.630  -50.107  -8.856 0.4000000060
37596  42.689  -46.536  -11.647 0.2000000030
38657  42.325  -45.897  -11.165 0.3000000119
35622  41.814  -48.342  -11.063 0.3000000119
35609  41.301  -48.385  -10.469 0.4000000060
34644  41.112  -49.028  -10.174 0.3000000119
34629  40.736  -49.424  -9.556 0.4000000060
32541  40.678  -50.792  -7.285 0.4000000060
32534  40.804  -51.082  -6.740 0.5000000000
36648  44.187  -47.490  -12.296 0.5000000000
35635  43.652  -48.421  -12.215 0.4000000060
35636  43.016  -48.109  -11.985 0.4000000060
35621  42.486  -48.368  -11.586 0.4000000060
34642  42.212  -49.610  -11.016 0.4000000060
33595  41.988  -50.111  -10.614 0.5000000000
33582  41.254  -50.167  -9.770 0.5000000000
33569  41.180  -50.556  -9.101 0.5000000000
32540  41.312  -51.199  -7.473 0.5000000000
34654  43.404  -49.361  -12.046 0.5000000000
33610  42.569  -50.276  -11.079 0.5000000000
32575  42.345  -51.028  -10.355 0.5000000000
32560  43.144  -52.137  -9.677 0.5000000000
31577  43.236  -52.427  -8.775 0.5000000000
31560  43.098  -52.407  -8.079 0.5000000000
32546  42.339  -51.809  -7.842 0.5000000000
34515  43.117  -49.874  1.829 0.1000000015
33481  43.685  -49.827  1.452 0.1000000015
35502  42.607  -48.651  0.163 0.1000000015
33514  43.010  -49.495  -0.311 0.1000000015
34559  42.315  -48.927  -0.555 0.1000000015
33515  42.019  -49.594  -0.362 0.1000000015
34560  41.379  -48.970  -0.745 0.1000000015
33499  40.496  -50.722  0.253 0.1000000015
33517  39.863  -50.061  -0.154 0.1000000015
33500  39.528  -50.973  0.168 0.1000000015
33518  38.738  -50.519  -0.268 0.2000000030
34563  38.047  -49.361  -0.408 0.2000000030
33519  37.700  -50.344  -0.730 0.2000000030
33541  37.632  -50.511  -3.369 0.2000000030
33540  38.154  -50.934  -3.916 0.2000000030
39728  42.373  -44.519  -8.571 0.1000000015
39729  41.925  -44.988  -8.923 0.2000000030
37566  41.020  -46.407  -9.246 0.2000000030
33554  39.142  -50.360  -5.303 0.2000000030
39712  42.728  -44.665  -8.207 0.1000000015
38604  41.868  -45.216  -8.329 0.1000000015
38605  41.391  -45.807  -8.741 0.1000000015
38606  40.851  -46.226  -8.519 0.1000000015
37547  40.502  -46.766  -8.558 0.1000000015
36611  40.312  -47.659  -8.942 0.1000000015
35595  40.363  -48.496  -9.256 0.2000000030
33552  40.246  -50.752  -6.444 0.3000000119
33553  39.628  -50.411  -5.854 0.2000000030
35583  39.975  -48.341  -8.631 0.1000000015
34616  40.107  -49.297  -8.585 0.3000000119
32562  41.699  -50.987  -9.589 0.5000000000
32547  41.631  -51.263  -8.613 0.5000000000
33563  41.023  -50.676  -8.375 0.5000000000
32561  42.608  -51.950  -9.224 0.5000000000
33464  42.594  -50.090  2.490 0.1000000015
33466  41.150  -49.805  2.537 0.1000000015
34534  40.600  -48.792  1.672 0.1000000015
34532  42.366  -49.109  1.033 0.1000000015
35484  41.807  -48.518  0.728 0.1000000015
35485  40.483  -48.010  1.186 0.1000000015
35518  42.408  -48.591  -0.242 0.1000000015
35520  40.801  -48.276  -0.547 0.1000000015
36480  41.057  -47.654  -0.204 0.1000000015
34562  39.213  -49.277  -0.288 0.1000000015
34570  37.198  -49.293  -1.109 0.2000000030
33535  37.247  -50.391  -2.393 0.2000000030
34579  36.875  -49.359  -1.976 0.2000000030
34589  37.255  -49.477  -2.985 0.2000000030
33548  38.072  -50.214  -4.108 0.2000000030
38587  42.458  -45.386  -7.674 0.1000000015
38588  41.294  -45.582  -7.692 0.1000000015
38589  40.671  -46.158  -7.967 0.1000000015
36595  39.777  -47.624  -8.085 0.1000000015
34611  38.853  -48.999  -6.148 0.1000000015
34603  39.314  -49.729  -5.937 0.2000000030
34604  38.884  -49.565  -5.582 0.2000000030
36583  39.653  -47.321  -7.628 0.1000000015
36596  39.511  -48.108  -7.716 0.1000000015
35584  39.688  -48.679  -8.025 0.1000000015
34614  39.739  -49.520  -7.504 0.2000000030
33561  39.816  -50.144  -6.789 0.2000000030
34502  39.250  -49.314  3.692 0.1000000015
34519  39.800  -49.127  2.498 0.1000000015
36397  38.210  -47.520  4.460 0.1000000015
35468  40.124  -48.803  1.937 0.1000000015
35470  38.556  -47.802  2.527 0.1000000015
35486  39.163  -47.605  1.737 0.1000000015
36481  40.497  -47.086  0.101 0.1000000015
35504  40.717  -47.518  0.446 0.1000000015
36501  40.382  -47.451  -0.261 0.1000000015
36503  38.131  -47.358  -0.470 0.1000000015
35523  37.613  -48.330  -0.703 0.1000000015
34571  36.970  -48.948  -1.615 0.2000000030
34596  37.746  -49.480  -3.856 0.2000000030
35560  37.470  -48.558  -3.562 0.2000000030
35567  37.848  -48.606  -4.436 0.2000000030
35566  38.250  -48.646  -5.256 0.1000000015
34595  38.193  -49.533  -4.687 0.2000000030
37515  43.103  -46.070  -6.887 0.1000000015
38571  42.286  -45.767  -6.421 0.1000000015
38572  41.357  -45.619  -6.602 0.1000000015
38573  40.283  -46.007  -6.809 0.1000000015
37532  39.787  -46.813  -7.483 0.1000000015
36584  39.429  -47.603  -7.300 0.1000000015
35581  39.437  -48.592  -7.326 0.1000000015
34610  39.300  -49.309  -6.488 0.2000000030
37356  37.962  -46.771  3.715 0.1000000015
37377  38.445  -46.076  2.233 0.1000000015
37394  38.919  -45.968  1.360 0.1000000015
37420  39.519  -46.451  0.319 0.1000000015
37444  38.729  -46.382  -0.249 0.1000000015
36504  37.428  -47.357  -1.053 0.1000000015
35535  37.065  -48.285  -1.608 0.2000000030
37477  37.339  -46.587  -2.296 0.1000000015
36537  37.208  -47.471  -2.447 0.1000000015
36551  37.395  -47.627  -3.299 0.2000000030
37500  37.647  -46.966  -3.838 0.1000000015
36559  37.691  -47.678  -4.146 0.2000000030
39679  41.298  -44.863  -5.130 0.1000000015
39689  40.773  -45.113  -5.209 0.1000000015
39680  40.291  -45.032  -4.782 0.1000000015
38552  40.031  -45.400  -4.913 0.1000000015
37499  38.217  -46.700  -4.536 0.1000000015
38561  41.559  -45.451  -5.657 0.1000000015
38562  40.478  -45.516  -5.494 0.1000000015
38563  39.528  -46.216  -5.852 0.1000000015
37506  38.934  -46.746  -5.828 0.1000000015
37518  38.770  -47.250  -5.948 0.1000000015
36565  38.468  -47.821  -5.632 0.1000000015
38574  39.666  -46.369  -6.542 0.1000000015
37517  39.259  -46.964  -6.618 0.1000000015
36571  39.107  -47.814  -6.695 0.1000000015
35575  38.630  -48.548  -5.913 0.1000000015
38423  38.511  -45.236  2.795 0.1000000015
38453  38.833  -45.186  1.016 0.1000000015
38487  38.484  -45.442  -0.099 0.1000000015
38488  37.917  -45.606  -0.611 0.1000000015
38522  37.451  -45.653  -2.190 0.1000000015
42039  40.309  -43.099  -3.611 0.1000000015
40841  38.834  -44.172  -3.233 0.1000000015
39643  38.220  -44.690  -2.732 0.1000000015
40863  42.148  -43.685  -4.665 0.1000000015
42059  41.299  -43.162  -4.308 0.1000000015
40839  40.192  -43.763  -4.160 0.1000000015
40840  39.574  -43.797  -3.663 0.1000000015
38538  38.774  -45.166  -3.819 0.1000000015
37491  37.902  -46.361  -3.818 0.1000000015
40864  41.371  -44.000  -4.714 0.1000000015
40865  40.622  -44.242  -4.607 0.1000000015
39661  39.239  -44.696  -3.893 0.1000000015
38554  38.356  -46.064  -4.062 0.1000000015
39583  38.568  -44.569  0.282 0.1000000015
40780  38.517  -43.593  -0.446 0.1000000015
39625  37.607  -45.035  -1.500 0.1000000015
41972  38.813  -42.949  -1.027 0.1000000015
40802  38.539  -43.493  -1.490 0.1000000015
39644  37.739  -44.944  -2.182 0.1000000015
42038  41.306  -42.513  -3.524 0.1000000015
42017  39.585  -42.965  -2.747 0.1000000015
38521  37.834  -45.198  -2.618 0.1000000015
42058  42.154  -42.830  -4.184 0.1000000015
42040  39.639  -43.305  -3.255 0.1000000015
26221  43.376  -57.415  -4.808 0.4000000060
31541  43.933  -52.458  -6.358 0.5000000000
27305  42.547  -56.192  -5.036 0.4000000060
28377  41.282  -55.473  -4.696 0.4000000060
29382  39.385  -54.694  -0.095 0.1000000015
26199  40.453  -57.112  -2.942 0.2000000030
29454  40.924  -54.172  -4.940 0.4000000060
30536  41.101  -53.639  -5.205 0.4000000060
29361  46.175  -54.363  0.832 0.1000000015
29365  42.321  -54.299  0.992 0.1000000015
30504  39.008  -53.894  -3.239 0.3000000119
31508  37.713  -52.031  -2.056 0.2000000030
29411  39.318  -54.811  -2.575 0.2000000030
29423  39.495  -54.596  -3.312 0.2000000030
29441  40.025  -54.938  -3.878 0.2000000030
30518  39.013  -53.302  -3.669 0.3000000119
31529  40.486  -52.253  -5.350 0.3000000119
30619  45.526  -52.995  -10.450 0.5000000000
30474  45.807  -53.669  0.588 0.1000000015
31485  45.250  -52.827  0.713 0.1000000015
32465  43.700  -51.795  1.077 0.1000000015
30463  42.733  -53.490  1.246 0.1000000015
31474  41.346  -52.418  1.344 0.1000000015
31473  42.248  -52.568  1.451 0.1000000015
31487  39.588  -52.566  0.563 0.1000000015
30487  38.914  -54.109  -0.345 0.1000000015
29394  38.589  -53.902  -1.282 0.1000000015
31495  38.295  -52.246  -0.688 0.1000000015
31502  37.804  -51.835  -1.331 0.2000000030
32589  45.432  -51.659  -11.911 0.5000000000
32590  44.471  -51.428  -11.660 0.5000000000
33622  45.485  -50.199  -12.374 0.5000000000
33624  43.763  -49.880  -12.206 0.5000000000
33495  44.655  -50.098  0.170 0.1000000015
33513  43.822  -49.445  -0.218 0.1000000015
32485  43.264  -50.921  0.556 0.1000000015
33497  42.676  -50.211  0.067 0.1000000015
33498  41.576  -50.427  0.235 0.1000000015
32500  38.661  -51.579  -0.177 0.1000000015
33528  37.171  -50.331  -1.453 0.2000000030
39745  41.830  -45.088  -9.578 0.2000000030
39767  41.813  -45.221  -10.135 0.2000000030
37588  40.763  -47.281  -9.915 0.2000000030
37597  41.901  -46.618  -10.993 0.2000000030
36635  41.521  -47.532  -10.737 0.3000000119
33564  40.357  -50.258  -7.859 0.4000000060
36650  42.755  -47.490  -11.817 0.5000000000
36634  42.140  -47.469  -11.364 0.4000000060
38656  42.906  -45.469  -11.446 0.2000000030
34643  41.656  -49.253  -10.634 0.5000000000
34628  41.230  -49.573  -10.115 0.5000000000
33565  40.000  -50.149  -7.321 0.3000000119
36649  43.355  -47.508  -12.111 0.5000000000
34655  42.723  -49.396  -11.527 0.5000000000
34516  42.461  -49.694  1.813 0.1000000015
35501  43.248  -48.866  -0.024 0.1000000015
33516  40.956  -49.808  -0.321 0.1000000015
35519  41.569  -48.234  -0.473 0.1000000015
34561  40.346  -49.105  -0.502 0.1000000015
33449  41.191  -50.133  3.120 0.1000000015
34500  40.658  -49.805  2.953 0.1000000015
35503  41.479  -47.929  0.152 0.1000000015
35521  39.787  -48.277  -0.355 0.1000000015
35522  38.608  -48.323  -0.309 0.2000000030
35551  37.049  -48.496  -2.575 0.2000000030
37531  43.203  -45.750  -7.338 0.1000000015
37533  39.470  -47.094  -7.144 0.1000000015
35450  39.294  -49.103  3.005 0.1000000015
34488  39.063  -49.211  4.509 0.1000000015
35451  38.580  -48.568  3.558 0.1000000015
36414  38.060  -47.328  3.400 0.1000000015
35469  39.332  -48.522  2.271 0.1000000015
36433  38.275  -46.994  2.482 0.1000000015
36455  38.771  -46.822  1.770 0.1000000015
36453  40.307  -47.221  0.621 0.1000000015
36454  39.643  -46.816  1.059 0.1000000015
37443  39.794  -46.783  -0.170 0.1000000015
36482  40.051  -46.839  0.504 0.1000000015
36502  39.254  -47.371  -0.266 0.1000000015
37445  37.738  -46.470  -0.767 0.1000000015
36558  38.068  -47.730  -4.946 0.1000000015
37516  39.704  -46.469  -6.881 0.1000000015
37364  38.139  -46.395  3.256 0.1000000015
37393  39.357  -46.142  0.874 0.1000000015
38469  39.213  -46.009  0.645 0.1000000015
37421  38.947  -45.958  0.103 0.1000000015
37461  37.366  -46.492  -1.505 0.1000000015
36519  37.238  -47.236  -1.751 0.1000000015
37492  37.515  -46.647  -3.141 0.1000000015
39678  42.146  -44.668  -5.011 0.1000000015
38551  41.867  -45.267  -5.372 0.1000000015
39681  39.692  -44.940  -4.358 0.1000000015
40866  39.910  -44.379  -4.281 0.1000000015
38553  39.250  -45.621  -4.550 0.1000000015
37498  38.871  -46.452  -5.228 0.1000000015
37507  38.499  -47.077  -5.381 0.1000000015
36572  38.809  -47.785  -6.233 0.1000000015
38438  38.600  -45.079  1.830 0.1000000015
39571  38.758  -44.267  1.210 0.1000000015
39602  38.012  -44.604  -0.771 0.1000000015
38504  37.489  -45.715  -1.203 0.1000000015
42060  40.729  -43.581  -4.356 0.1000000015
42016  40.435  -42.323  -2.485 0.1000000015
40822  38.586  -43.875  -2.437 0.1000000015
39662  38.603  -44.835  -3.423 0.1000000015
40801  38.977  -43.257  -2.286 0.1000000015
38539  38.062  -45.586  -3.357 0.1000000015
40765  38.841  -43.394  0.472 0.1000000015
39624  38.043  -44.391  -1.846 0.1000000015
41993  39.268  -42.753  -1.727 0.1000000015
41971  39.418  -42.490  -0.847 0.1000000015
42015  41.509  -41.958  -2.768 0.1000000015
42037  42.252  -42.302  -3.400 0.1000000015
22836  44.522  -60.856  -1.606 0.1000000015
22866  45.611  -60.915  -2.305 0.1000000015
22893  45.033  -60.481  -3.091 0.1000000015
24017  44.678  -59.765  -3.862 0.1000000015
24036  44.299  -58.989  -4.379 0.1000000015
22869  43.470  -60.275  -2.400 0.1000000015
22895  43.261  -59.962  -3.206 0.1000000015
21680  44.846  -61.102  -1.116 0.2000000030
24019  42.780  -59.349  -3.672 0.1000000015
22865  46.590  -60.932  -2.621 0.2000000030
22892  46.124  -60.487  -3.286 0.1000000015
24016  45.697  -59.862  -3.913 0.1000000015
21705  46.981  -61.410  -1.879 0.2000000030
24015  46.710  -59.752  -3.885 0.2000000030
24035  45.307  -59.059  -4.403 0.2000000030
24034  46.345  -59.071  -4.342 0.2000000030
25133  44.861  -58.188  -4.744 0.3000000119
26220  44.329  -57.339  -5.071 0.3000000119
25132  45.934  -58.187  -4.677 0.3000000119
26219  45.389  -57.244  -5.064 0.3000000119
24033  47.125  -59.068  -4.189 0.2000000030
22889  48.683  -59.867  -3.185 0.2000000030
22890  48.141  -60.060  -3.299 0.2000000030
21674  50.932  -61.430  -1.092 0.1000000015
21704  48.064  -61.454  -1.927 0.2000000030
22891  47.154  -60.310  -3.356 0.2000000030
22864  47.616  -60.861  -2.741 0.2000000030
27281  45.256  -56.582  -5.300 0.4000000060
21675  49.631  -61.680  -0.762 0.1000000015
22863  48.799  -60.446  -2.765 0.1000000015
25113  47.607  -58.775  -4.219 0.2000000030
25131  47.144  -58.202  -4.433 0.2000000030
27280  45.872  -56.180  -5.286 0.4000000060
22862  49.972  -60.445  -2.395 0.2000000030
24014  47.716  -59.397  -3.848 0.2000000030
23990  49.631  -59.422  -2.960 0.2000000030
22834  51.286  -60.455  -1.627 0.1000000015
23971  51.806  -59.509  -1.849 0.2000000030
21701  50.820  -60.869  -1.583 0.1000000015
23972  51.195  -59.952  -1.950 0.1000000015
24013  48.801  -59.252  -3.441 0.2000000030
25112  48.275  -58.309  -4.114 0.2000000030
25130  47.784  -57.722  -4.359 0.2000000030
27279  46.984  -56.262  -4.815 0.4000000060
27278  47.920  -56.328  -4.499 0.4000000060
28375  46.626  -55.305  -5.235 0.4000000060
25087  49.762  -58.781  -3.234 0.3000000119
25111  49.461  -58.291  -3.508 0.3000000119
25086  50.440  -58.419  -3.045 0.4000000060
28374  47.541  -55.402  -4.876 0.4000000060
29448  46.254  -54.210  -5.363 0.4000000060
26197  48.969  -57.355  -3.865 0.3000000119
27258  50.353  -56.487  -3.545 0.4000000060
25110  50.086  -57.894  -3.390 0.3000000119
42105  43.511  -42.755  -8.166 0.1000000015
40926  42.684  -43.730  -8.677 0.1000000015
28373  48.630  -55.429  -4.456 0.4000000060
29438  47.097  -54.651  -5.201 0.5000000000
28359  49.750  -55.562  -4.108 0.4000000060
26196  49.805  -57.338  -3.561 0.3000000119
27260  48.710  -56.486  -4.175 0.4000000060
28360  49.133  -56.020  -4.177 0.4000000060
40913  43.088  -43.571  -8.351 0.1000000015
40927  42.472  -43.699  -9.063 0.1000000015
29447  47.031  -53.952  -5.251 0.4000000060
29437  47.875  -54.407  -4.999 0.5000000000
42115  42.592  -43.288  -9.330 0.1000000015
40936  42.469  -43.713  -9.707 0.1000000015
42126  43.194  -42.487  -9.806 0.1000000015
42127  42.719  -43.073  -9.716 0.1000000015
40958  42.729  -43.529  -10.252 0.1000000015
22812  44.337  -60.865  -0.696 0.1000000015
22868  44.288  -60.582  -2.355 0.1000000015
24018  43.723  -59.586  -3.817 0.1000000015
22894  44.045  -60.235  -3.193 0.1000000015
22837  43.816  -60.584  -1.465 0.1000000015
22838  42.967  -60.184  -1.465 0.1000000015
24020  42.126  -59.130  -3.200 0.1000000015
28389  45.742  -55.065  -5.421 0.4000000060
21656  44.995  -61.143  -0.337 0.1000000015
26218  46.466  -57.206  -4.763 0.3000000119
26216  48.189  -57.218  -4.235 0.3000000119
42114  42.797  -42.785  -8.899 0.1000000015
22814  42.758  -59.986  -0.722 0.1000000015
19660  38.320  -62.954  -9.043 0.1000000015
19677  38.744  -63.200  -9.643 0.1000000015
19674  41.970  -63.179  -9.882 0.1000000015
19678  37.963  -64.050  -10.035 0.1000000015
20710  41.228  -62.622  -9.315 0.1000000015
19661  37.871  -63.355  -8.651 0.1000000015
18619  37.426  -64.596  -9.234 0.1000000015
17662  36.925  -66.076  -9.445 0.1000000015
18627  37.526  -64.888  -10.149 0.1000000015
12507  42.032  -71.040  -3.431 0.1000000015
14569  39.841  -68.326  -7.388 0.1000000015
14579  38.728  -68.518  -8.479 0.1000000015
20692  39.682  -62.299  -8.798 0.1000000015
15613  38.220  -67.870  -8.345 0.1000000015
20712  39.412  -62.693  -9.340 0.1000000015
16646  37.795  -66.651  -7.946 0.1000000015
20690  41.489  -62.181  -8.537 0.1000000015
16659  37.040  -66.755  -9.151 0.1000000015
10629  42.154  -72.435  -2.061 0.1000000015
12506  42.973  -70.807  -3.174 0.1000000015
12526  43.386  -70.413  -4.372 0.1000000015
9723  42.985  -73.399  -0.062 0.1000000015
10606  42.440  -72.912  -1.561 0.1000000015
11545  42.677  -71.791  -2.242 0.1000000015
12489  43.364  -71.216  -2.533 0.1000000015
12524  45.512  -69.903  -4.355 0.1000000015
14550  42.912  -68.621  -6.208 0.1000000015
14552  41.005  -68.529  -6.424 0.1000000015
20693  38.711  -62.594  -8.687 0.1000000015
20694  38.237  -62.694  -8.045 0.1000000015
21822  40.760  -61.733  -8.076 0.1000000015
20709  42.254  -62.601  -9.123 0.1000000015
19673  42.993  -63.132  -9.713 0.1000000015
12488  44.020  -70.909  -2.674 0.1000000015
12505  44.270  -70.465  -3.465 0.1000000015
10605  43.255  -72.750  -1.041 0.1000000015
11521  42.975  -72.349  -1.606 0.1000000015
12504  45.541  -70.251  -3.555 0.1000000015
14506  46.070  -68.874  -4.554 0.1000000015
14508  44.780  -68.482  -4.431 0.1000000015
14527  44.433  -68.545  -5.339 0.1000000015
14509  43.654  -68.555  -4.442 0.1000000015
14528  43.281  -68.578  -5.374 0.1000000015
14511  41.544  -68.497  -4.622 0.1000000015
14530  41.266  -68.512  -5.540 0.1000000015
14531  40.392  -68.404  -5.682 0.1000000015
15585  39.504  -68.010  -6.596 0.1000000015
17652  37.631  -65.553  -7.382 0.1000000015
20669  39.342  -62.024  -8.172 0.1000000015
20671  37.952  -62.902  -7.214 0.1000000015
21820  42.118  -61.833  -7.627 0.1000000015
13427  46.611  -69.406  -2.420 0.1000000015
9706  42.931  -73.657  1.043 0.1000000015
10584  43.481  -72.511  -0.339 0.1000000015
11500  43.892  -71.980  -0.893 0.1000000015
11519  44.376  -71.559  -1.552 0.1000000015
11542  45.346  -70.838  -2.269 0.1000000015
12486  46.098  -70.433  -2.478 0.1000000015
13444  46.371  -69.319  -3.633 0.1000000015
14483  44.942  -68.727  -3.137 0.1000000015
13446  43.347  -68.844  -3.164 0.1000000015
14486  41.600  -68.468  -2.933 0.1000000015
10568  43.409  -72.670  0.492 0.1000000015
11472  43.867  -71.792  0.931 0.1000000015
11487  44.021  -71.835  -0.092 0.1000000015
11499  44.832  -71.504  -0.795 0.1000000015
11518  45.394  -71.048  -1.663 0.1000000015
14510  42.558  -68.596  -4.524 0.1000000015
14498  41.896  -68.569  -3.755 0.1000000015
14512  40.636  -68.344  -4.789 0.1000000015
15565  38.896  -67.503  -4.744 0.1000000015
15572  39.737  -68.222  -5.901 0.1000000015
15573  39.143  -67.799  -5.787 0.1000000015
16625  37.758  -66.247  -5.552 0.1000000015
16624  38.387  -67.075  -5.884 0.1000000015
18580  37.467  -64.649  -5.565 0.1000000015
17643  37.579  -65.506  -6.214 0.1000000015
16634  38.421  -66.987  -7.125 0.1000000015
20670  38.712  -62.146  -7.544 0.1000000015
19642  37.645  -63.800  -7.426 0.1000000015
18593  37.586  -64.634  -6.827 0.1000000015
21799  39.889  -61.621  -7.378 0.1000000015
21797  41.847  -61.670  -7.250 0.1000000015
20688  43.796  -62.559  -8.223 0.1000000015
20689  42.592  -62.200  -8.007 0.1000000015
20646  44.476  -62.626  -6.426 0.1000000015
20667  43.586  -62.415  -7.250 0.1000000015
13428  45.782  -68.961  -2.788 0.1000000015
10555  43.370  -72.873  1.537 0.1000000015
11457  44.377  -71.268  2.640 0.1000000015
11471  44.585  -71.150  1.453 0.1000000015
12420  45.496  -70.652  0.888 0.1000000015
12447  46.531  -70.276  -0.916 0.1000000015
12466  46.196  -70.510  -1.528 0.1000000015
12465  46.784  -69.872  -1.743 0.1000000015
13430  43.519  -69.070  -2.685 0.1000000015
13432  41.756  -68.690  -2.383 0.1000000015
11486  45.092  -71.057  0.202 0.1000000015
14465  41.331  -68.368  -2.105 0.1000000015
14499  40.829  -68.238  -3.721 0.1000000015
14500  40.192  -68.178  -4.262 0.1000000015
15553  40.427  -67.832  -3.175 0.1000000015
15554  39.748  -67.712  -3.678 0.1000000015
17624  37.445  -65.240  -4.571 0.1000000015
16614  37.655  -65.975  -4.612 0.1000000015
21800  39.078  -61.693  -6.696 0.1000000015
21777  38.947  -61.646  -5.806 0.1000000015
20649  38.452  -62.205  -6.412 0.1000000015
20650  37.863  -62.823  -5.923 0.1000000015
17634  37.508  -65.547  -5.300 0.1000000015
21776  39.788  -61.539  -6.190 0.1000000015
19626  37.604  -63.709  -6.372 0.1000000015
21756  40.577  -61.546  -5.510 0.1000000015
21774  41.565  -61.626  -6.598 0.1000000015
20668  42.768  -62.169  -6.958 0.1000000015
20645  45.061  -62.760  -6.103 0.1000000015
11423  44.285  -71.455  4.112 0.1000000015
11442  43.722  -72.293  3.473 0.1000000015
10543  43.362  -73.159  2.598 0.1000000015
12406  45.328  -70.556  2.006 0.1000000015
12419  46.335  -70.174  1.279 0.1000000015
13404  46.211  -69.245  -1.646 0.1000000015
11441  44.308  -71.379  3.409 0.1000000015
12433  46.169  -70.462  0.102 0.1000000015
12446  46.947  -69.543  -0.488 0.1000000015
13381  46.520  -69.063  -0.642 0.1000000015
13405  45.079  -69.334  -1.743 0.1000000015
13406  43.855  -69.417  -1.749 0.1000000015
13407  42.729  -69.327  -1.802 0.1000000015
13367  44.565  -69.397  0.022 0.1000000015
13385  42.045  -69.262  -0.906 0.1000000015
14466  40.735  -67.807  -1.808 0.1000000015
15541  40.200  -67.550  -2.586 0.1000000015
15525  39.973  -67.370  -1.626 0.1000000015
15542  39.248  -66.943  -2.486 0.1000000015
15543  38.547  -66.577  -3.022 0.1000000015
16602  38.004  -66.155  -3.600 0.1000000015
16603  37.609  -65.663  -4.062 0.1000000015
20630  37.695  -62.694  -4.958 0.1000000015
18566  37.412  -64.306  -4.407 0.1000000015
21758  38.849  -61.520  -4.902 0.1000000015
20629  38.224  -62.046  -5.256 0.1000000015
21757  39.692  -61.472  -5.216 0.1000000015
21755  41.446  -61.699  -5.745 0.1000000015
21773  42.210  -61.824  -6.734 0.1000000015
20647  43.374  -62.387  -6.269 0.1000000015
14427  47.335  -68.693  0.896 0.1000000015
13347  46.330  -68.728  1.041 0.1000000015
12370  44.824  -70.796  4.479 0.1000000015
12388  45.025  -70.622  3.348 0.1000000015
12405  46.365  -69.816  2.471 0.1000000015
12432  47.011  -69.546  0.666 0.1000000015
13364  47.494  -68.968  0.589 0.1000000015
13348  45.671  -68.938  0.941 0.1000000015
14405  44.627  -68.829  1.572 0.1000000015
13380  47.039  -69.079  -0.329 0.1000000015
13350  43.971  -69.329  0.587 0.1000000015
14407  42.021  -68.462  1.316 0.1000000015
14431  40.681  -68.155  0.146 0.1000000015
13368  43.418  -69.432  0.125 0.1000000015
13369  42.475  -69.350  -0.144 0.1000000015
15511  39.810  -67.295  -0.785 0.1000000015
16590  38.959  -66.411  -1.645 0.1000000015
16591  38.359  -66.040  -2.402 0.1000000015
17613  37.893  -65.716  -3.016 0.1000000015
18556  37.400  -63.967  -3.335 0.1000000015
17614  37.539  -65.166  -3.504 0.1000000015
20611  37.825  -62.013  -4.045 0.1000000015
19586  37.466  -63.206  -4.194 0.1000000015
20610  38.348  -61.733  -4.586 0.1000000015
21741  39.584  -61.359  -4.302 0.1000000015
21739  41.303  -61.695  -4.914 0.1000000015
14351  48.121  -68.175  3.484 0.1000000015
12356  45.305  -70.213  4.803 0.1000000015
13292  47.714  -68.771  4.188 0.1000000015
14374  47.711  -68.642  2.348 0.1000000015
14401  47.707  -68.763  1.565 0.1000000015
14377  46.156  -68.487  2.229 0.1000000015
12357  44.677  -70.696  5.324 0.1000000015
12387  45.823  -69.997  3.526 0.1000000015
13311  46.534  -69.607  3.438 0.1000000015
13328  47.809  -68.976  1.792 0.1000000015
13345  47.938  -68.990  0.996 0.1000000015
14404  45.758  -68.677  1.568 0.1000000015
14379  43.579  -68.504  2.393 0.1000000015
14380  42.631  -68.381  2.058 0.1000000015
14406  43.387  -68.961  1.223 0.1000000015
15485  40.484  -67.490  1.279 0.1000000015
15499  39.953  -67.389  0.161 0.1000000015
15500  39.479  -66.686  0.530 0.1000000015
16574  38.596  -65.823  -1.255 0.1000000015
17573  38.353  -65.221  -0.643 0.1000000015
17599  37.836  -65.350  -2.617 0.1000000015
18545  37.454  -63.687  -2.249 0.1000000015
21743  38.290  -61.536  -3.648 0.1000000015
19569  37.446  -62.788  -3.064 0.1000000015
21728  40.429  -61.274  -3.452 0.1000000015
21727  41.584  -61.711  -3.804 0.1000000015
13275  47.048  -69.101  5.146 0.1000000015
14353  46.700  -68.233  2.967 0.1000000015
13293  46.826  -69.434  4.253 0.1000000015
14352  47.641  -68.084  2.941 0.1000000015
14355  43.996  -68.293  3.393 0.1000000015
15450  42.868  -67.841  3.694 0.1000000015
15467  42.596  -68.090  2.882 0.1000000015
15452  41.230  -67.211  2.998 0.1000000015
16516  40.315  -66.961  2.186 0.1000000015
15486  39.828  -67.006  1.047 0.1000000015
17561  38.794  -65.631  0.844 0.1000000015
16558  39.066  -66.325  0.035 0.1000000015
18519  37.730  -64.126  -0.350 0.1000000015
16559  38.713  -65.845  -0.333 0.1000000015
19531  37.545  -63.131  -1.417 0.1000000015
18533  37.653  -64.083  -1.288 0.1000000015
20549  37.468  -62.220  -1.449 0.1000000015
21710  38.334  -61.046  -2.452 0.1000000015
21711  37.844  -61.536  -2.529 0.1000000015
20594  37.673  -61.955  -3.050 0.1000000015
22896  39.920  -60.998  -3.180 0.1000000015
21707  42.282  -61.961  -2.531 0.1000000015
20571  43.973  -62.762  -2.464 0.1000000015
14330  48.460  -68.088  4.399 0.1000000015
14333  46.028  -68.078  3.833 0.1000000015
14334  44.765  -68.099  3.965 0.1000000015
15449  43.526  -67.927  4.086 0.1000000015
14312  47.453  -68.795  5.292 0.1000000015
14354  45.425  -68.351  3.150 0.1000000015
15451  41.882  -67.381  3.445 0.1000000015
16500  39.784  -66.117  2.864 0.1000000015
16517  39.855  -66.458  2.328 0.1000000015
17544  39.029  -65.696  1.456 0.1000000015
17545  38.582  -65.093  1.285 0.1000000015
21660  37.532  -61.694  -0.455 0.1000000015
19506  37.612  -63.385  -0.584 0.1000000015
20526  37.512  -62.624  -0.751 0.1000000015
22898  38.925  -60.711  -2.648 0.1000000015
22871  40.340  -60.892  -2.623 0.1000000015
21708  41.290  -61.401  -2.711 0.1000000015
20548  43.238  -62.486  -1.604 0.1000000015
19504  46.220  -63.449  -0.041 0.1000000015
14290  48.590  -67.875  6.495 0.1000000015
14310  48.503  -68.126  5.242 0.1000000015
15393  48.042  -67.407  5.281 0.1000000015
15421  46.552  -67.688  4.498 0.1000000015
15396  44.484  -67.549  5.438 0.1000000015
15424  42.943  -67.428  4.556 0.1000000015
15420  47.737  -67.556  4.363 0.1000000015
15422  45.261  -67.827  4.635 0.1000000015
15425  42.250  -67.229  4.174 0.1000000015
16498  41.255  -66.899  3.508 0.1000000015
16475  40.669  -66.151  4.028 0.1000000015
18466  38.889  -65.113  2.397 0.1000000015
19458  38.020  -63.890  1.424 0.1000000015
19481  37.638  -63.588  0.154 0.1000000015
22782  41.465  -60.171  1.708 0.1000000015
22783  40.783  -60.034  0.877 0.1000000015
22800  40.610  -60.200  0.306 0.1000000015
23959  38.740  -59.805  0.246 0.1000000015
22818  38.561  -60.234  -0.430 0.1000000015
20508  37.557  -62.701  0.186 0.1000000015
22798  42.082  -60.807  1.496 0.1000000015
22799  41.345  -60.629  0.491 0.1000000015
23957  39.754  -59.916  -0.276 0.1000000015
22781  42.365  -60.537  2.230 0.1000000015
21619  42.794  -61.139  1.867 0.1000000015
21636  42.444  -61.361  0.850 0.1000000015
21637  41.866  -61.290  -0.134 0.1000000015
22840  40.374  -60.570  -1.620 0.1000000015
21683  38.355  -60.785  -1.859 0.1000000015
21618  43.650  -61.335  2.139 0.1000000015
20489  44.223  -61.617  2.010 0.1000000015
21657  43.224  -61.888  0.734 0.1000000015
22839  41.150  -61.068  -1.910 0.1000000015
20524  43.756  -62.529  -0.041 0.1000000015
21682  41.824  -61.569  -1.908 0.1000000015
21614  46.947  -62.570  1.256 0.1000000015
19480  46.489  -63.314  0.677 0.1000000015
15372  48.293  -67.396  6.341 0.1000000015
15373  47.487  -67.216  6.113 0.1000000015
15374  46.290  -67.297  6.158 0.1000000015
15395  45.784  -67.573  5.379 0.1000000015
15394  47.053  -67.465  5.276 0.1000000015
15375  45.004  -67.277  6.181 0.1000000015
15377  43.253  -66.757  5.905 0.1000000015
15398  42.671  -66.986  5.043 0.1000000015
16454  41.642  -66.099  5.091 0.1000000015
16474  41.439  -66.518  4.337 0.1000000015
17509  40.274  -65.846  3.867 0.1000000015
18449  39.526  -64.729  3.870 0.1000000015
18457  38.577  -64.164  2.668 0.1000000015
21620  37.640  -61.601  1.688 0.1000000015
19450  37.832  -63.020  1.600 0.1000000015
23934  39.210  -59.263  1.376 0.1000000015
22784  38.174  -59.959  1.130 0.1000000015
22801  38.160  -60.269  0.400 0.1000000015
21638  37.607  -61.655  0.684 0.1000000015
23933  40.387  -59.406  1.544 0.1000000015
22778  45.218  -61.055  1.357 0.1000000015
21617  44.428  -61.075  2.234 0.1000000015
16417  48.126  -66.675  7.626 0.1000000015
16434  46.736  -66.855  6.877 0.1000000015
16433  47.823  -66.910  6.894 0.1000000015
16420  44.722  -66.230  7.390 0.1000000015
16421  43.791  -66.004  7.098 0.1000000015
16435  45.478  -66.816  6.864 0.1000000015
15376  43.820  -67.054  6.090 0.1000000015
16437  43.022  -66.237  6.348 0.1000000015
16438  42.386  -65.999  6.012 0.1000000015
17473  41.644  -65.588  5.551 0.1000000015
17488  41.267  -65.807  4.941 0.1000000015
17490  40.004  -65.303  4.054 0.1000000015
19443  38.716  -63.618  3.325 0.1000000015
21598  38.049  -61.375  3.430 0.1000000015
20470  38.593  -62.622  3.644 0.1000000015
25032  38.906  -59.115  1.920 0.1000000015
23918  38.402  -59.427  2.389 0.1000000015
22771  37.704  -60.755  2.237 0.1000000015
23917  41.001  -59.104  2.500 0.1000000015
25031  39.604  -58.870  2.002 0.1000000015
22785  37.737  -60.596  1.249 0.1000000015
22769  42.786  -60.095  2.624 0.1000000015
22770  41.928  -60.028  2.556 0.1000000015
16405  46.534  -66.050  8.211 0.1000000015
16419  45.828  -66.350  7.686 0.1000000015
17450  45.013  -65.863  7.826 0.1000000015
17452  42.987  -65.306  6.928 0.1000000015
17458  42.737  -65.649  6.542 0.1000000015
18428  42.012  -64.440  6.501 0.1000000015
18437  41.096  -64.720  5.595 0.1000000015
19425  41.097  -64.108  5.840 0.1000000015
19433  40.054  -64.222  4.883 0.1000000015
20460  38.974  -62.073  5.018 0.1000000015
19435  38.992  -63.104  3.946 0.1000000015
22756  38.152  -60.762  4.077 0.1000000015
21597  38.397  -61.820  3.951 0.1000000015
23902  37.900  -60.073  2.649 0.1000000015
23932  41.360  -59.576  2.290 0.1000000015
22768  43.607  -60.254  2.273 0.1000000015
22795  45.115  -60.921  1.089 0.1000000015
17437  45.446  -65.394  8.291 0.1000000015
18421  44.173  -64.263  7.818 0.1000000015
17451  44.236  -65.298  7.634 0.1000000015
19399  43.463  -63.359  7.492 0.1000000015
18422  43.265  -64.345  7.345 0.1000000015
19412  42.050  -63.932  6.690 0.1000000015
18423  42.526  -64.380  6.867 0.1000000015
19414  40.574  -63.176  5.897 0.1000000015
19426  40.341  -63.708  5.443 0.1000000015
20463  39.419  -63.026  4.857 0.1000000015
22746  38.497  -60.655  5.053 0.1000000015
23901  38.119  -59.616  3.506 0.1000000015
25030  40.359  -58.807  2.338 0.1000000015
25017  39.057  -58.752  2.442 0.1000000015
22797  43.873  -60.235  0.969 0.1000000015
22796  44.553  -60.726  0.490 0.1000000015
19400  42.304  -63.410  7.075 0.1000000015
20434  41.707  -62.297  7.117 0.1000000015
19413  41.299  -63.527  6.335 0.1000000015
20450  41.133  -62.462  6.666 0.1000000015
20458  40.224  -62.983  5.721 0.1000000015
20452  39.819  -62.051  5.921 0.1000000015
21582  38.977  -61.511  5.322 0.1000000015
23914  43.178  -59.755  2.235 0.1000000015
23916  41.854  -59.275  2.846 0.1000000015
24977  38.419  -58.825  4.294 0.1000000015
22780  43.676  -60.045  1.815 0.1000000015
20433  42.696  -62.399  7.400 0.1000000015
22689  41.372  -60.602  7.321 0.1000000015
21546  42.027  -61.449  7.377 0.1000000015
24907  39.982  -59.456  6.941 0.1000000015
23820  40.664  -59.890  7.234 0.1000000015
21566  41.163  -61.930  6.885 0.1000000015
24927  39.296  -58.656  6.360 0.1000000015
22728  39.488  -60.989  6.193 0.1000000015
22729  38.974  -60.658  5.814 0.1000000015
23915  42.563  -59.324  2.536 0.1000000015
24998  41.067  -57.781  3.191 0.1000000015
25015  40.935  -58.461  2.903 0.1000000015
25016  39.821  -58.471  2.733 0.1000000015
25000  38.952  -58.395  3.427 0.1000000015
23883  38.243  -59.694  4.660 0.1000000015
23944  43.277  -59.796  1.116 0.1000000015
24999  40.153  -57.942  3.295 0.1000000015
24926  39.952  -58.035  6.850 0.1000000015
22711  39.356  -60.393  6.293 0.1000000015
22709  40.455  -60.947  6.803 0.1000000015
24951  38.880  -58.213  5.660 0.1000000015
23842  38.989  -59.747  6.147 0.1000000015
26098  39.676  -57.628  3.843 0.1000000015
26079  38.823  -58.044  4.621 0.1000000015
24928  38.755  -59.208  5.892 0.1000000015
26099  39.184  -57.855  4.097 0.1000000015
14576  41.264  -68.827  -7.890 0.1000000015
14553  40.180  -68.345  -6.537 0.1000000015
15586  38.902  -67.550  -6.721 0.1000000015
15600  39.248  -67.899  -7.262 0.1000000015
15601  38.670  -67.650  -7.721 0.1000000015
19676  39.925  -63.159  -9.894 0.1000000015
16645  38.240  -67.157  -7.717 0.1000000015
20711  40.267  -62.644  -9.385 0.1000000015
17661  37.241  -65.653  -8.671 0.1000000015
17670  37.169  -65.488  -9.720 0.1000000015
11563  41.582  -71.790  -2.928 0.1000000015
14578  39.637  -68.629  -8.221 0.1000000015
14568  40.725  -68.525  -7.256 0.1000000015
15602  38.117  -67.361  -8.096 0.1000000015
11520  43.471  -71.930  -1.548 0.1000000015
13445  46.034  -69.774  -3.870 0.1000000015
14529  42.227  -68.582  -5.429 0.1000000015
14551  41.943  -68.559  -6.312 0.1000000015
18604  37.541  -64.575  -8.030 0.1000000015
12487  45.027  -70.678  -2.769 0.1000000015
11543  44.706  -71.164  -2.206 0.1000000015
12503  46.428  -69.909  -3.276 0.1000000015
14507  45.590  -68.609  -4.358 0.1000000015
14525  46.023  -69.013  -5.313 0.1000000015
14482  45.508  -68.716  -3.372 0.1000000015
14496  44.070  -68.643  -3.486 0.1000000015
15564  39.746  -68.137  -4.951 0.1000000015
16635  37.948  -66.317  -6.677 0.1000000015
13429  44.596  -69.096  -2.529 0.1000000015
13447  43.009  -68.968  -3.025 0.1000000015
14485  42.160  -68.686  -3.222 0.1000000015
11485  45.661  -70.749  -0.156 0.1000000015
16613  38.187  -66.698  -4.665 0.1000000015
19605  37.560  -63.563  -5.244 0.1000000015
13403  46.718  -69.395  -1.233 0.1000000015
11458  43.727  -71.994  2.111 0.1000000015
13408  41.831  -68.930  -1.822 0.1000000015
15555  38.707  -67.004  -3.671 0.1000000015
13382  45.457  -69.320  -0.800 0.1000000015
13366  45.712  -69.176  0.120 0.1000000015
13384  43.070  -69.563  -0.869 0.1000000015
13349  44.644  -69.197  0.792 0.1000000015
14430  41.650  -68.804  0.165 0.1000000015
14446  41.152  -68.525  -1.018 0.1000000015
14447  40.353  -67.791  -0.816 0.1000000015
15526  39.464  -66.848  -1.287 0.1000000015
21740  40.528  -61.494  -4.533 0.1000000015
20627  42.166  -62.067  -5.432 0.1000000015
20626  42.970  -62.418  -5.421 0.1000000015
14376  47.023  -68.336  2.043 0.1000000015
13365  46.807  -68.769  0.457 0.1000000015
12369  45.365  -70.276  4.095 0.1000000015
13329  47.371  -69.365  2.244 0.1000000015
13346  47.617  -69.171  1.249 0.1000000015
14429  42.532  -69.079  0.590 0.1000000015
15468  41.767  -67.812  2.391 0.1000000015
14408  41.189  -68.171  0.927 0.1000000015
15512  39.470  -66.836  -0.358 0.1000000015
17600  37.595  -64.618  -2.553 0.1000000015
21729  39.441  -61.136  -3.568 0.1000000015
20609  41.928  -61.997  -4.689 0.1000000015
13309  47.735  -68.812  2.957 0.1000000015
14378  44.896  -68.554  2.396 0.1000000015
15469  40.897  -67.335  2.312 0.1000000015
16534  39.498  -66.371  1.471 0.1000000015
17583  37.626  -64.382  -1.941 0.1000000015
18532  37.988  -64.635  -0.810 0.1000000015
21730  38.704  -61.145  -3.244 0.1000000015
21726  42.409  -62.178  -3.443 0.1000000015
14332  47.231  -67.792  3.638 0.1000000015
15447  48.289  -67.828  4.060 0.1000000015
17562  38.515  -65.295  0.314 0.1000000015
18482  38.259  -64.334  1.462 0.1000000015
19551  37.474  -62.768  -2.115 0.1000000015
21684  37.855  -61.185  -1.560 0.1000000015
20572  43.069  -62.451  -2.913 0.1000000015
20547  44.349  -62.886  -1.241 0.1000000015
15418  48.497  -67.905  4.771 0.1000000015
15423  43.987  -67.833  4.647 0.1000000015
17525  39.308  -65.686  2.375 0.1000000015
18467  38.590  -64.633  2.138 0.1000000015
22872  39.568  -60.555  -2.262 0.1000000015
20546  45.108  -63.120  -1.150 0.1000000015
21681  42.475  -61.959  -1.348 0.1000000015
20525  43.022  -62.249  -0.797 0.1000000015
20522  45.741  -63.290  0.248 0.1000000015
17489  40.600  -65.575  4.541 0.1000000015
18456  38.961  -64.767  3.036 0.1000000015
23947  39.384  -59.530  0.672 0.1000000015
22817  39.319  -60.043  -0.727 0.1000000015
22841  39.499  -60.313  -1.444 0.1000000015
22843  38.200  -60.682  -0.946 0.1000000015
22802  37.691  -60.953  0.267 0.1000000015
20490  37.675  -62.491  1.209 0.1000000015
22815  41.189  -60.823  -0.807 0.1000000015
21606  43.091  -60.748  2.334 0.1000000015
20507  43.932  -62.071  1.455 0.1000000015
21659  41.848  -61.466  -1.052 0.1000000015
21658  42.697  -61.798  -0.258 0.1000000015
21604  43.983  -60.584  2.238 0.1000000015
20506  44.863  -62.580  0.959 0.1000000015
21631  47.621  -62.461  0.936 0.1000000015
20505  45.912  -63.087  0.777 0.1000000015
20477  38.214  -62.665  2.851 0.1000000015
23935  38.536  -59.545  1.548 0.1000000015
23936  38.100  -59.907  1.661 0.1000000015
23919  37.887  -60.112  2.029 0.1000000015
22779  44.572  -60.637  1.722 0.1000000015
18438  40.475  -64.729  5.068 0.1000000015
19434  39.492  -63.710  4.407 0.1000000015
23861  38.525  -59.771  5.550 0.1000000015
21568  39.918  -61.583  6.256 0.1000000015
27257  51.208  -56.133  -3.254 0.3000000119
28358  50.702  -55.537  -3.659 0.3000000119
29436  48.888  -54.366  -4.652 0.4000000060
30515  48.398  -53.767  -5.102 0.4000000060
29422  50.353  -55.050  -4.018 0.3000000119
30514  49.262  -53.653  -4.958 0.4000000060
21791  50.875  -61.913  -7.339 0.1000000015
22923  50.809  -60.356  -5.661 0.1000000015
25129  52.115  -58.716  -4.855 0.2000000030
28387  54.600  -55.478  -5.233 0.3000000119
29476  49.531  -54.284  -8.082 0.4000000060
26195  50.529  -57.439  -3.300 0.3000000119
30543  55.052  -53.481  -6.264 0.4000000060
30545  53.080  -53.563  -6.305 0.4000000060
27276  53.341  -56.930  -4.674 0.2000000030
28386  55.076  -55.086  -5.473 0.3000000119
30544  54.181  -53.505  -6.270 0.4000000060
30561  50.489  -53.856  -7.160 0.4000000060
20683  50.825  -62.718  -8.800 0.1000000015
27277  52.865  -57.259  -4.823 0.3000000119
30558  53.994  -53.655  -7.202 0.4000000060
30560  51.568  -53.790  -7.103 0.4000000060
29474  51.298  -54.222  -7.808 0.4000000060
20665  50.020  -62.125  -8.075 0.1000000015
29496  48.320  -54.359  -8.964 0.5000000000
26238  51.720  -57.691  -5.272 0.2000000030
27298  53.596  -55.989  -5.569 0.3000000119
29461  55.418  -54.353  -6.169 0.3000000119
29472  52.776  -53.929  -7.792 0.4000000060
29535  47.723  -54.093  -10.156 0.4000000060
30618  46.140  -53.260  -10.616 0.4000000060
30556  55.557  -53.792  -7.141 0.4000000060
30557  54.963  -53.563  -7.195 0.4000000060
29492  52.106  -54.340  -8.549 0.4000000060
29493  51.041  -54.525  -8.686 0.4000000060
29494  50.047  -54.415  -8.796 0.5000000000
21772  49.633  -61.477  -7.098 0.2000000030
21771  50.183  -61.447  -6.853 0.2000000030
24049  50.145  -59.858  -5.740 0.2000000030
27299  52.475  -56.829  -5.397 0.2000000030
25150  51.230  -58.731  -5.308 0.2000000030
28414  55.396  -54.692  -6.750 0.3000000119
29471  55.757  -54.201  -7.011 0.3000000119
20684  49.843  -62.348  -8.680 0.1000000015
30579  53.782  -53.778  -7.908 0.4000000060
28388  54.234  -55.631  -5.559 0.3000000119
30577  55.565  -53.750  -8.034 0.4000000060
29491  53.187  -54.025  -8.247 0.4000000060
29512  48.804  -54.371  -9.620 0.5000000000
29534  48.439  -54.176  -10.288 0.5000000000
30617  47.109  -53.693  -10.493 0.4000000060
29490  54.378  -53.840  -8.548 0.4000000060
29509  51.834  -54.532  -9.533 0.4000000060
29511  49.723  -54.482  -9.652 0.5000000000
30615  48.808  -53.853  -11.019 0.5000000000
30638  47.642  -53.262  -11.227 0.4000000060
24063  49.423  -60.030  -6.096 0.2000000030
27300  51.752  -57.095  -5.795 0.2000000030
27315  52.588  -56.255  -6.532 0.2000000030
28415  55.059  -55.157  -7.195 0.3000000119
27314  53.554  -55.800  -7.029 0.4000000060
28426  55.608  -54.692  -7.691 0.3000000119
29532  50.435  -54.482  -10.550 0.5000000000
30637  48.421  -53.352  -11.386 0.5000000000
31603  47.330  -52.581  -11.626 0.4000000060
31604  46.113  -52.473  -11.568 0.4000000060
28416  54.423  -55.595  -7.650 0.4000000060
29506  55.096  -53.819  -9.035 0.4000000060
29508  52.971  -54.385  -9.359 0.4000000060
29552  49.496  -53.880  -11.287 0.5000000000
25151  50.111  -58.834  -5.842 0.2000000030
22950  48.565  -61.089  -7.141 0.2000000030
26239  50.757  -58.016  -5.785 0.2000000030
31618  46.511  -51.853  -12.099 0.4000000060
27316  51.870  -56.774  -6.265 0.2000000030
29488  55.898  -54.125  -7.949 0.3000000119
29507  54.099  -54.165  -9.247 0.4000000060
21816  48.981  -61.869  -8.218 0.2000000030
25168  49.609  -58.500  -6.365 0.2000000030
27327  53.690  -55.994  -8.219 0.4000000060
32588  46.119  -51.687  -12.139 0.4000000060
28435  55.626  -54.717  -8.699 0.3000000119
29531  51.521  -54.580  -10.552 0.5000000000
30636  49.183  -53.319  -11.711 0.5000000000
34669  44.118  -49.306  -12.339 0.4000000060
21794  48.352  -61.441  -7.697 0.2000000030
29528  54.725  -54.290  -10.150 0.4000000060
29529  53.785  -54.365  -10.260 0.4000000060
31602  48.217  -52.752  -11.715 0.5000000000
31617  47.086  -51.909  -12.100 0.4000000060
37595  43.222  -45.980  -11.796 0.4000000060
20686  48.270  -62.124  -9.101 0.2000000030
25169  49.064  -58.992  -6.372 0.2000000030
26257  51.082  -57.250  -6.438 0.2000000030
27329  51.645  -56.692  -7.328 0.2000000030
28436  55.229  -55.415  -9.441 0.4000000060
29550  51.211  -54.244  -11.481 0.5000000000
30635  49.999  -53.554  -11.803 0.5000000000
20718  48.243  -62.512  -10.718 0.2000000030
28428  54.384  -55.813  -8.568 0.4000000060
29505  55.643  -54.119  -8.870 0.3000000119
29549  52.333  -54.261  -11.483 0.5000000000
29551  50.181  -54.133  -11.294 0.5000000000
20705  47.676  -62.268  -9.999 0.2000000030
37613  44.734  -46.626  -12.282 0.4000000060
37614  43.649  -46.554  -12.070 0.2000000030
34668  45.060  -49.313  -12.396 0.4000000060
32604  45.879  -51.009  -12.322 0.4000000060
22940  48.443  -60.562  -6.902 0.2000000030
27328  52.755  -56.278  -7.786 0.4000000060
32602  47.804  -51.100  -12.393 0.4000000060
32603  46.760  -51.148  -12.339 0.4000000060
21795  47.666  -61.261  -7.891 0.2000000030
26259  49.314  -58.321  -6.708 0.2000000030
27330  50.967  -56.877  -7.595 0.2000000030
24065  48.034  -60.022  -6.977 0.2000000030
35633  45.680  -48.332  -12.492 0.4000000060
33621  46.467  -50.176  -12.487 0.4000000060
34666  47.131  -49.215  -12.653 0.4000000060
30648  50.649  -53.085  -12.333 0.5000000000
31615  49.121  -52.378  -12.260 0.5000000000
33620  47.487  -50.159  -12.528 0.4000000060
27339  53.907  -56.229  -9.141 0.4000000060
29527  55.250  -54.458  -9.934 0.4000000060
29547  54.417  -54.239  -11.141 0.3000000119
29548  53.451  -54.259  -11.220 0.4000000060
27338  54.606  -55.862  -9.279 0.4000000060
30647  51.644  -53.505  -12.275 0.5000000000
25184  48.932  -58.401  -6.873 0.2000000030
34667  46.096  -49.253  -12.505 0.4000000060
32601  48.879  -51.189  -12.551 0.5000000000
30631  54.065  -53.860  -11.869 0.4000000060
29561  52.214  -53.877  -12.028 0.5000000000
30649  49.833  -52.956  -12.213 0.5000000000
31612  52.489  -52.778  -12.782 0.5000000000
30646  52.697  -53.477  -12.351 0.5000000000
29435  49.979  -54.401  -4.349 0.4000000060
35634  44.642  -48.390  -12.375 0.4000000060
31614  50.321  -52.221  -12.611 0.5000000000
27240  52.728  -56.650  -2.612 0.3000000119
28343  52.328  -55.930  -3.005 0.3000000119
28357  51.673  -55.368  -3.397 0.2000000030
29434  51.083  -53.954  -4.293 0.2000000030
26148  53.502  -58.022  -1.975 0.2000000030
28342  53.289  -55.870  -2.908 0.3000000119
29418  54.075  -54.539  -3.677 0.3000000119
30501  53.309  -54.078  -4.171 0.3000000119
27238  54.571  -56.637  -2.836 0.2000000030
27255  54.777  -55.940  -3.484 0.2000000030
29417  54.620  -54.606  -3.852 0.2000000030
26214  53.070  -57.854  -4.503 0.2000000030
19751  48.488  -63.345  -14.698 0.1000000015
19767  48.044  -63.002  -15.436 0.1000000015
26320  48.532  -57.261  -9.810 0.1000000015
23988  51.561  -59.031  -2.163 0.1000000015
26173  51.262  -57.524  -2.856 0.2000000030
28344  51.743  -56.006  -3.104 0.2000000030
27241  51.760  -56.622  -2.850 0.2000000030
22833  52.045  -60.489  -1.463 0.1000000015
25063  53.545  -58.629  -1.878 0.1000000015
26171  53.047  -57.533  -2.274 0.2000000030
21673  52.038  -61.544  -1.178 0.1000000015
22832  52.913  -60.346  -1.759 0.1000000015
20704  48.484  -62.368  -9.759 0.1000000015
20740  48.349  -62.969  -12.474 0.1000000015
25186  47.474  -59.016  -7.434 0.1000000015
26272  47.949  -58.227  -7.762 0.1000000015
26283  49.455  -57.480  -8.532 0.1000000015
26298  50.609  -56.880  -9.712 0.1000000015
25187  46.748  -59.146  -7.883 0.1000000015
26284  48.362  -57.742  -8.485 0.1000000015
26299  49.746  -57.202  -9.435 0.1000000015
27375  51.517  -56.740  -10.405 0.1000000015
26300  48.835  -57.435  -9.319 0.1000000015
27376  50.568  -56.669  -10.720 0.1000000015
27396  52.401  -56.681  -11.465 0.1000000015
27397  51.329  -56.609  -11.531 0.1000000015
27411  53.130  -56.605  -12.349 0.1000000015
25084  52.362  -57.972  -2.239 0.2000000030
23970  52.843  -59.474  -1.718 0.1000000015
27340  53.034  -56.421  -8.890 0.1000000015
29546  55.107  -54.348  -11.295 0.3000000119
22952  47.176  -60.650  -7.751 0.1000000015
25171  47.782  -59.568  -7.149 0.1000000015
26271  49.064  -57.935  -7.426 0.1000000015
27342  51.068  -56.787  -8.210 0.1000000015
27353  53.342  -56.517  -9.823 0.2000000030
28463  55.172  -55.404  -11.297 0.3000000119
30654  54.192  -53.232  -12.950 0.3000000119
31623  53.477  -52.612  -13.322 0.3000000119
19752  48.004  -62.888  -14.522 0.1000000015
21818  47.096  -61.397  -8.525 0.1000000015
26282  50.405  -57.081  -8.816 0.1000000015
27374  52.799  -56.683  -10.572 0.1000000015
27393  54.667  -55.915  -10.953 0.2000000030
29571  55.149  -53.880  -12.793 0.3000000119
21819  46.206  -61.189  -8.896 0.1000000015
27419  54.492  -55.863  -12.522 0.2000000030
30662  54.379  -53.368  -13.706 0.3000000119
27420  53.838  -56.262  -13.173 0.1000000015
28508  54.127  -55.126  -14.256 0.2000000030
30663  53.625  -53.318  -14.592 0.4000000060
27412  52.157  -56.519  -12.493 0.1000000015
21655  45.710  -61.340  -0.151 0.1000000015
21677  47.320  -61.622  -0.848 0.1000000015
32600  49.930  -51.305  -12.774 0.4000000060
31613  51.483  -52.274  -12.837 0.4000000060
30645  53.644  -53.385  -12.562 0.3000000119
31625  51.846  -51.840  -13.235 0.4000000060
32608  53.278  -51.972  -13.927 0.4000000060
33639  52.332  -51.134  -13.981 0.4000000060
31635  53.906  -52.410  -14.018 0.4000000060
31636  53.161  -52.296  -14.547 0.5000000000
29587  54.320  -54.255  -14.003 0.3000000119
30664  53.050  -52.837  -14.915 0.5000000000
27413  51.057  -56.301  -12.534 0.2000000030
27421  52.924  -56.813  -13.466 0.1000000015
30681  53.246  -53.974  -15.094 0.4000000060
28464  49.576  -56.086  -11.910 0.1000000015
28477  50.482  -55.890  -12.903 0.1000000015
27435  53.428  -56.389  -14.320 0.2000000030
28451  47.682  -56.224  -10.772 0.1000000015
28465  48.795  -55.804  -11.811 0.1000000015
27422  51.862  -56.422  -13.648 0.2000000030
28452  46.809  -56.030  -10.764 0.1000000015
28466  47.683  -55.613  -11.512 0.1000000015
33619  48.557  -50.162  -12.719 0.4000000060
33618  49.763  -50.225  -13.163 0.4000000060
32611  51.506  -51.031  -13.468 0.4000000060
33617  50.437  -50.709  -13.151 0.4000000060
33628  51.890  -50.897  -13.768 0.4000000060
33629  50.941  -50.271  -13.684 0.4000000060
32621  52.610  -51.606  -14.259 0.4000000060
32622  51.761  -51.170  -14.834 0.4000000060
31654  51.921  -52.267  -15.299 0.5000000000
30682  52.601  -53.378  -15.495 0.4000000060
28509  53.654  -55.602  -14.983 0.3000000119
28492  49.283  -54.957  -13.640 0.2000000030
28491  50.390  -55.540  -13.755 0.2000000030
27436  52.675  -56.686  -14.625 0.2000000030
28479  48.402  -55.121  -12.610 0.1000000015
28478  49.618  -55.589  -12.661 0.2000000030
23009  43.161  -60.147  -12.442 0.1000000015
34664  49.129  -49.224  -13.213 0.4000000060
34665  48.160  -49.185  -12.723 0.4000000060
34673  50.125  -49.312  -13.878 0.4000000060
34682  50.470  -49.873  -14.386 0.4000000060
34672  50.535  -49.762  -14.169 0.4000000060
33656  50.681  -50.546  -14.774 0.4000000060
32638  51.403  -51.661  -15.221 0.4000000060
32639  50.740  -51.260  -15.198 0.4000000060
31668  51.403  -52.696  -15.770 0.3000000119
30697  52.311  -53.890  -16.477 0.4000000060
30698  51.562  -53.248  -16.295 0.4000000060
27451  52.383  -56.562  -15.759 0.3000000119
28528  53.285  -55.671  -16.077 0.3000000119
29611  53.256  -54.587  -15.704 0.4000000060
28493  48.408  -54.695  -13.477 0.2000000030
28512  49.267  -54.733  -14.348 0.2000000030
28490  51.179  -56.086  -14.138 0.2000000030
27437  51.751  -56.430  -14.869 0.2000000030
28480  47.235  -54.927  -12.290 0.2000000030
21914  42.631  -61.763  -14.030 0.1000000015
23030  42.737  -60.658  -13.054 0.1000000015
24134  42.653  -59.683  -12.039 0.1000000015
35632  46.768  -48.256  -12.643 0.3000000119
35630  48.540  -48.322  -13.067 0.4000000060
36644  48.113  -47.761  -13.007 0.3000000119
35655  49.008  -48.296  -14.184 0.4000000060
34684  48.666  -48.976  -14.709 0.4000000060
35654  49.662  -48.779  -14.043 0.4000000060
34697  49.478  -49.987  -15.045 0.4000000060
34683  49.821  -49.426  -14.496 0.4000000060
32640  49.570  -51.384  -15.868 0.4000000060
33657  49.972  -50.451  -15.021 0.4000000060
31669  50.826  -52.686  -16.278 0.4000000060
31656  50.343  -52.049  -15.820 0.3000000119
28574  53.122  -55.705  -17.632 0.3000000119
29655  53.299  -54.895  -17.339 0.3000000119
30714  52.754  -54.192  -17.396 0.3000000119
30715  51.734  -53.441  -17.311 0.3000000119
30699  51.060  -53.059  -16.719 0.3000000119
29591  48.143  -54.503  -14.811 0.2000000030
29590  49.086  -54.599  -14.935 0.2000000030
28529  50.857  -55.911  -16.258 0.3000000119
27474  52.000  -56.693  -16.825 0.2000000030
29635  53.290  -54.976  -16.585 0.3000000119
29636  52.895  -54.424  -16.509 0.3000000119
29574  47.875  -54.472  -13.988 0.2000000030
28510  50.823  -55.825  -15.066 0.2000000030
29564  46.728  -54.519  -12.944 0.2000000030
36646  46.307  -47.320  -12.599 0.3000000119
37611  46.767  -46.304  -12.654 0.3000000119
36645  47.492  -47.225  -12.901 0.3000000119
35631  47.770  -48.279  -12.772 0.3000000119
36668  47.685  -47.602  -14.522 0.3000000119
37637  47.560  -46.914  -14.261 0.4000000060
34685  48.013  -48.815  -14.846 0.4000000060
35668  47.433  -48.477  -15.041 0.4000000060
35656  48.235  -48.226  -14.532 0.4000000060
34699  47.861  -49.420  -15.458 0.4000000060
34698  48.905  -49.725  -15.149 0.4000000060
33671  48.563  -50.682  -16.203 0.3000000119
32641  49.002  -50.960  -16.012 0.4000000060
33659  48.415  -50.159  -15.683 0.4000000060
31695  52.805  -52.843  -18.866 0.3000000119
31696  51.607  -52.603  -18.458 0.2000000030
31697  50.466  -52.112  -18.222 0.2000000030
32669  49.266  -51.220  -17.703 0.2000000030
32653  49.306  -51.647  -16.890 0.3000000119
32654  48.932  -51.126  -16.559 0.3000000119
28591  53.197  -55.315  -18.280 0.3000000119
30729  52.307  -53.424  -18.132 0.3000000119
30730  51.704  -53.243  -17.987 0.2000000030
31683  50.795  -52.863  -17.345 0.2000000030
31684  49.818  -52.077  -17.523 0.2000000030
29615  48.412  -54.570  -15.650 0.2000000030
28556  50.343  -55.560  -16.879 0.3000000119
28576  51.052  -56.250  -17.367 0.3000000119
28575  52.725  -56.126  -17.799 0.3000000119
37612  45.743  -46.493  -12.474 0.3000000119
36647  45.214  -47.443  -12.411 0.3000000119
34706  47.430  -49.406  -16.566 0.3000000119
34729  50.000  -49.537  -18.833 0.2000000030
34730  49.225  -49.282  -18.550 0.2000000030
34717  48.120  -49.616  -17.606 0.2000000030
34718  47.602  -49.283  -17.241 0.2000000030
33720  51.342  -50.392  -19.250 0.2000000030
32681  50.362  -51.120  -18.642 0.2000000030
33700  49.373  -50.458  -18.331 0.2000000030
33701  48.674  -49.837  -18.061 0.2000000030
38677  44.429  -45.947  -12.127 0.2000000030
28467  46.412  -55.316  -11.524 0.1000000015
29657  49.373  -55.111  -17.004 0.3000000119
29575  46.996  -54.385  -13.794 0.2000000030
30513  50.368  -53.543  -4.845 0.3000000119
29433  51.762  -53.799  -4.349 0.3000000119
29420  52.108  -54.294  -3.891 0.3000000119
29429  55.055  -54.521  -4.642 0.2000000030
21706  46.172  -61.234  -1.815 0.1000000015
29421  50.967  -54.723  -3.892 0.2000000030
28450  55.137  -55.494  -10.400 0.3000000119
38676  45.212  -45.838  -12.316 0.3000000119
27352  54.136  -56.304  -9.927 0.3000000119
30630  54.788  -53.864  -11.797 0.2000000030
27371  54.689  -55.910  -10.498 0.2000000030
27239  53.725  -56.628  -2.513 0.2000000030
28356  52.752  -55.155  -3.385 0.3000000119
26170  53.987  -57.412  -2.173 0.1000000015
28341  54.191  -55.820  -2.885 0.2000000030
26319  49.179  -57.184  -10.004 0.1000000015
26172  52.125  -57.435  -2.480 0.2000000030
24079  46.820  -59.827  -7.655 0.1000000015
26273  47.396  -58.458  -7.902 0.1000000015
27355  51.316  -56.756  -9.251 0.1000000015
26317  50.692  -56.773  -10.224 0.1000000015
27410  53.971  -56.386  -12.069 0.1000000015
27354  52.347  -56.639  -9.618 0.2000000030
30643  55.062  -53.814  -12.249 0.3000000119
27394  54.152  -56.388  -11.223 0.2000000030
28476  55.174  -55.230  -12.273 0.3000000119
31634  54.172  -53.006  -13.475 0.4000000060
32609  52.657  -51.679  -13.755 0.4000000060
27409  54.616  -55.903  -11.721 0.3000000119
29560  55.151  -54.697  -12.810 0.3000000119
33630  50.232  -49.731  -13.581 0.4000000060
33641  51.002  -50.369  -14.396 0.4000000060
27423  51.011  -56.062  -13.387 0.2000000030
34674  49.624  -49.032  -13.658 0.4000000060
35644  49.213  -48.497  -13.656 0.4000000060
27473  52.868  -56.336  -16.759 0.3000000119
28511  49.857  -54.967  -14.740 0.2000000030
36657  48.360  -47.420  -13.499 0.4000000060
36667  48.300  -47.515  -14.177 0.4000000060
30728  53.188  -53.841  -18.508 0.3000000119
29614  49.353  -54.750  -15.768 0.2000000030
28530  50.095  -55.225  -15.852 0.2000000030
36658  47.701  -46.802  -13.253 0.4000000060
33672  47.951  -50.158  -16.361 0.4000000060
33688  48.557  -50.581  -17.331 0.2000000030
31709  52.503  -52.076  -19.209 0.2000000030
32694  51.866  -51.379  -19.210 0.2000000030
32695  51.126  -51.162  -19.007 0.2000000030
31698  49.831  -51.601  -18.127 0.2000000030
37627  47.481  -46.465  -13.553 0.3000000119
37610  47.410  -46.222  -12.966 0.2000000030
37628  46.880  -45.933  -13.677 0.3000000119
38675  46.076  -45.556  -12.535 0.2000000030
39798  46.303  -45.158  -12.709 0.2000000030
26193  54.580  -57.612  -3.047 0.1000000015
26194  54.271  -57.950  -3.460 0.1000000015
26212  54.383  -57.263  -3.637 0.1000000015
23989  50.873  -59.437  -2.341 0.1000000015
27274  54.802  -56.025  -4.024 0.1000000015
24031  53.006  -59.519  -4.409 0.1000000015
27275  54.307  -56.389  -4.428 0.1000000015
26213  53.831  -57.682  -4.005 0.1000000015
38655  43.837  -45.464  -11.780 0.1000000015
39777  44.531  -44.633  -11.719 0.1000000015
40967  44.472  -43.635  -11.423 0.1000000015
38653  45.440  -45.214  -12.300 0.1000000015
40966  45.169  -44.298  -11.948 0.1000000015
40987  45.332  -43.929  -12.284 0.1000000015
39815  45.724  -44.293  -13.107 0.1000000015
38674  46.820  -45.520  -12.803 0.1000000015
38693  46.565  -45.339  -13.327 0.2000000030
39816  45.014  -43.868  -13.447 0.2000000030
36669  46.999  -47.270  -14.643 0.2000000030
39827  44.873  -44.465  -14.116 0.2000000030
38706  45.776  -45.382  -14.135 0.2000000030
37639  45.667  -46.041  -14.677 0.2000000030
37638  46.470  -46.454  -14.452 0.2000000030
41026  43.966  -43.401  -14.627 0.2000000030
38707  45.026  -45.206  -14.529 0.2000000030
36680  46.331  -47.436  -15.331 0.2000000030
35669  46.754  -48.195  -15.476 0.2000000030
35677  46.954  -48.832  -15.958 0.2000000030
35687  47.034  -48.394  -17.215 0.1000000015
41014  44.415  -43.504  -13.691 0.2000000030
37647  45.981  -46.864  -15.190 0.2000000030
36681  45.799  -46.995  -15.672 0.2000000030
35678  46.402  -48.097  -16.216 0.1000000015
37657  45.887  -46.520  -16.805 0.1000000015
35688  46.476  -47.789  -16.783 0.1000000015
38654  44.788  -45.300  -12.054 0.1000000015
39778  43.420  -44.431  -11.275 0.1000000015
40956  44.034  -43.182  -10.885 0.1000000015
40988  44.976  -43.283  -12.171 0.1000000015
38694  45.984  -44.913  -13.520 0.2000000030
38717  45.128  -45.691  -14.881 0.2000000030
28594  50.408  -56.326  -18.407 0.2000000030
28592  52.600  -55.876  -18.328 0.2000000030
27493  51.294  -56.436  -17.853 0.2000000030
28595  49.807  -56.199  -18.512 0.2000000030
27510  50.376  -56.634  -19.008 0.2000000030
29685  53.339  -54.450  -18.799 0.2000000030
27509  51.497  -56.448  -18.899 0.2000000030
29686  52.929  -54.536  -19.535 0.2000000030
27511  49.088  -56.702  -19.422 0.2000000030
31694  53.391  -52.933  -19.281 0.2000000030
29699  52.586  -54.265  -20.195 0.1000000015
28623  51.530  -55.554  -20.455 0.2000000030
30740  53.429  -53.549  -19.507 0.2000000030
31708  53.244  -52.135  -19.527 0.2000000030
28633  51.336  -55.342  -21.168 0.1000000015
30748  52.765  -53.680  -20.690 0.1000000015
30747  53.478  -53.119  -20.363 0.1000000015
28634  50.651  -55.723  -21.691 0.1000000015
28635  49.681  -55.983  -22.068 0.1000000015
32693  52.972  -51.247  -19.553 0.1000000015
32720  53.490  -51.536  -21.058 0.1000000015
32692  53.633  -51.317  -19.969 0.1000000015
29711  51.362  -54.706  -21.520 0.1000000015
30761  52.592  -53.206  -21.188 0.1000000015
29712  50.557  -54.741  -22.304 0.1000000015
31731  51.488  -52.679  -21.359 0.1000000015
29724  49.860  -53.981  -23.049 0.1000000015
41027  43.631  -42.530  -14.479 0.1000000015
42211  43.478  -42.035  -13.941 0.1000000015
41015  43.805  -42.832  -13.844 0.1000000015
33699  50.382  -50.176  -18.894 0.1000000015
33719  52.607  -50.321  -19.595 0.1000000015
32705  53.678  -51.404  -20.587 0.1000000015
34747  53.585  -50.099  -20.332 0.1000000015
32722  52.289  -52.136  -21.200 0.1000000015
29723  50.192  -54.173  -22.903 0.1000000015
30763  50.656  -53.615  -22.151 0.1000000015
43329  43.301  -41.302  -14.274 0.1000000015
39838  44.372  -44.262  -15.192 0.1000000015
35722  51.548  -48.174  -19.513 0.1000000015
34750  50.979  -49.301  -19.170 0.1000000015
35721  52.430  -48.361  -20.197 0.1000000015
34749  52.186  -49.256  -19.603 0.1000000015
35731  52.749  -48.935  -20.490 0.1000000015
35720  52.989  -49.061  -20.467 0.1000000015
34761  51.438  -49.280  -20.504 0.1000000015
34760  52.538  -49.398  -20.700 0.1000000015
32706  52.873  -51.088  -21.172 0.1000000015
33733  53.615  -50.622  -21.038 0.1000000015
34762  50.097  -49.382  -20.560 0.1000000015
33736  50.663  -50.361  -20.637 0.1000000015
33735  51.830  -50.380  -20.649 0.1000000015
32709  50.134  -51.168  -20.926 0.1000000015
43341  43.513  -41.504  -14.967 0.1000000015
42223  43.696  -42.336  -15.215 0.1000000015
35699  50.197  -48.410  -18.931 0.1000000015
36743  50.437  -47.162  -20.443 0.1000000015
35732  52.046  -48.274  -20.437 0.1000000015
35734  49.759  -48.242  -20.518 0.1000000015
35700  48.964  -48.277  -18.544 0.1000000015
27523  50.463  -56.901  -20.091 0.1000000015
27536  50.512  -56.552  -21.096 0.1000000015
31718  51.064  -52.164  -21.015 0.1000000015
32723  50.218  -51.849  -21.351 0.1000000015
21916  38.560  -61.731  -14.502 0.1000000015
23043  37.892  -60.696  -14.190 0.1000000015
21931  38.088  -61.475  -15.577 0.1000000015
20799  38.989  -62.604  -15.702 0.1000000015
20823  39.304  -62.667  -17.278 0.1000000015
19812  40.428  -63.815  -18.543 0.1000000015
18795  41.874  -65.058  -19.875 0.1000000015
21876  39.005  -60.919  -13.153 0.1000000015
23014  38.580  -59.831  -13.164 0.1000000015
20814  38.676  -62.191  -16.392 0.1000000015
20813  39.125  -62.732  -16.443 0.1000000015
24150  38.367  -59.330  -13.408 0.1000000015
25255  39.208  -58.194  -12.848 0.1000000015
25246  40.169  -57.914  -12.077 0.1000000015
24137  39.668  -59.330  -12.266 0.1000000015
20780  39.088  -62.399  -14.728 0.1000000015
21932  37.670  -60.903  -15.566 0.1000000015
27416  40.729  -56.786  -12.655 0.1000000015
27405  41.093  -56.781  -11.983 0.1000000015
24165  37.494  -59.230  -14.609 0.1000000015
26346  39.292  -57.702  -13.414 0.1000000015
26358  39.635  -57.227  -14.116 0.1000000015
25269  37.856  -58.390  -14.433 0.1000000015
25268  38.467  -58.124  -14.013 0.1000000015
26360  38.290  -57.730  -14.557 0.1000000015
24138  38.866  -59.343  -12.870 0.1000000015
18807  42.300  -64.611  -20.522 0.1000000015
9740  42.704  -73.472  -0.804 0.1000000015
11498  45.719  -70.796  -0.703 0.1000000015
11544  43.787  -71.452  -2.139 0.1000000015
11546  41.963  -72.191  -2.319 0.1000000015
11562  42.277  -71.285  -2.908 0.1000000015
12404  46.995  -69.575  2.088 0.1000000015
12418  47.026  -69.572  1.627 0.1000000015
12434  45.573  -70.700  0.378 0.1000000015
12485  46.695  -69.741  -2.695 0.1000000015
12502  46.619  -69.565  -3.107 0.1000000015
13274  47.591  -68.793  4.950 0.1000000015
13294  45.963  -69.846  4.225 0.1000000015
13310  47.304  -69.287  3.297 0.1000000015
13330  46.932  -69.491  2.845 0.1000000015
13363  47.897  -69.017  0.818 0.1000000015
13383  44.233  -69.535  -0.825 0.1000000015
13431  42.402  -68.907  -2.677 0.1000000015
13443  46.723  -69.437  -2.931 0.1000000015
13461  45.879  -69.603  -4.570 0.1000000015
14311  47.944  -68.580  5.171 0.1000000015
14331  48.276  -68.286  4.487 0.1000000015
14335  44.031  -68.084  4.046 0.1000000015
14350  48.452  -68.002  4.086 0.1000000015
14356  43.212  -68.240  3.118 0.1000000015
14375  47.654  -68.484  2.268 0.1000000015
14402  47.509  -68.599  1.441 0.1000000015
14403  46.840  -68.532  1.249 0.1000000015
14426  47.745  -68.849  0.994 0.1000000015
14428  46.897  -68.691  0.876 0.1000000015
14484  44.281  -68.819  -2.938 0.1000000015
14487  40.875  -67.996  -2.718 0.1000000015
14494  45.851  -68.769  -3.759 0.1000000015
14495  45.181  -68.561  -3.752 0.1000000015
14497  42.863  -68.755  -3.535 0.1000000015
14526  45.538  -68.680  -5.196 0.1000000015
14570  39.230  -68.176  -7.830 0.1000000015
15392  48.444  -67.756  5.407 0.1000000015
15397  43.252  -67.146  5.404 0.1000000015
15419  48.325  -67.700  4.656 0.1000000015
15446  48.433  -67.875  4.364 0.1000000015
15448  47.969  -67.766  3.617 0.1000000015
15484  41.267  -67.839  1.650 0.1000000015
16436  44.275  -66.647  6.713 0.1000000015
16452  42.950  -66.630  5.775 0.1000000015
16453  42.321  -66.407  5.430 0.1000000015
16473  42.311  -66.898  4.710 0.1000000015
16499  40.508  -66.536  3.211 0.1000000015
16533  39.956  -66.891  1.688 0.1000000015
16545  39.109  -66.107  0.786 0.1000000015
16546  38.815  -65.868  0.337 0.1000000015
16573  39.057  -66.357  -0.807 0.1000000015
16660  36.849  -66.449  -9.663 0.1000000015
17453  42.444  -64.874  6.654 0.1000000015
17459  42.234  -65.367  6.267 0.1000000015
17460  41.612  -65.063  5.903 0.1000000015
17472  42.133  -65.844  5.824 0.1000000015
17474  40.985  -65.304  5.182 0.1000000015
17510  39.696  -65.613  3.378 0.1000000015
17526  38.848  -65.269  1.947 0.1000000015
17582  37.983  -65.045  -1.683 0.1000000015
17823  42.514  -65.012  -20.878 0.1000000015
18429  41.544  -64.544  6.096 0.1000000015
18448  40.012  -64.714  4.492 0.1000000015
18483  37.942  -64.130  1.054 0.1000000015
18501  38.220  -64.618  0.752 0.1000000015
18502  37.817  -64.147  0.449 0.1000000015
18518  38.133  -64.672  -0.055 0.1000000015
19401  41.612  -62.928  6.818 0.1000000015
19427  39.650  -63.278  5.078 0.1000000015
19442  39.180  -64.197  3.663 0.1000000015
19449  38.204  -63.587  2.066 0.1000000015
19459  37.751  -63.469  1.042 0.1000000015
19479  47.056  -63.397  0.659 0.1000000015
19737  48.616  -63.345  -13.545 0.1000000015
19738  47.879  -62.823  -13.786 0.1000000015
19791  39.637  -63.372  -16.523 0.1000000015
19813  39.969  -63.441  -18.022 0.1000000015
20451  40.376  -62.503  6.138 0.1000000015
20459  39.590  -62.540  5.407 0.1000000015
20464  38.994  -62.563  4.497 0.1000000015
20478  37.817  -62.514  2.036 0.1000000015
20485  47.089  -62.860  1.255 0.1000000015
20486  46.512  -62.714  1.222 0.1000000015
20503  47.517  -63.132  1.070 0.1000000015
20504  46.770  -63.165  1.078 0.1000000015
20523  45.156  -63.132  -0.117 0.1000000015
20573  37.559  -62.053  -2.314 0.1000000015
20593  42.261  -62.177  -4.099 0.1000000015
20608  42.573  -62.347  -4.680 0.1000000015
20628  41.715  -61.859  -5.196 0.1000000015
20648  42.572  -62.144  -6.158 0.1000000015
20664  50.538  -62.307  -8.045 0.1000000015
20685  48.858  -62.177  -8.994 0.2000000030
20691  40.551  -62.207  -8.752 0.1000000015
20724  47.869  -62.609  -11.620 0.2000000030
20741  47.496  -62.633  -12.509 0.2000000030
20742  46.661  -62.196  -12.713 0.1000000015
20757  47.309  -62.570  -13.367 0.2000000030
20781  38.414  -61.813  -14.998 0.1000000015
20800  38.541  -62.066  -15.617 0.1000000015
20824  38.859  -62.288  -16.982 0.1000000015
21547  41.176  -61.382  7.074 0.1000000015
21548  40.731  -61.138  6.895 0.1000000015
21567  40.608  -61.586  6.674 0.1000000015
21581  39.467  -61.538  5.807 0.1000000015
21592  38.620  -61.569  4.674 0.1000000015
21605  43.660  -60.623  2.297 0.1000000015
21607  38.175  -62.029  3.324 0.1000000015
21608  37.809  -61.658  2.689 0.1000000015
21615  46.504  -62.199  1.286 0.1000000015
21635  43.219  -61.596  1.482 0.1000000015
21672  52.749  -61.136  -1.844 0.1000000015
21702  50.275  -61.147  -1.699 0.1000000015
21709  40.743  -61.185  -2.831 0.1000000015
21731  38.079  -61.539  -3.176 0.1000000015
21742  38.676  -61.449  -4.067 0.1000000015
21754  42.008  -61.831  -6.128 0.1000000015
21775  40.717  -61.528  -6.455 0.1000000015
21792  50.036  -61.802  -7.576 0.1000000015
21793  49.171  -61.544  -7.447 0.2000000030
21796  42.329  -61.901  -7.323 0.1000000015
21798  41.070  -61.557  -7.292 0.1000000015
21815  49.609  -61.946  -7.999 0.2000000030
21817  48.089  -61.832  -8.471 0.2000000030
21821  41.656  -61.767  -7.839 0.1000000015
21823  40.003  -61.826  -8.314 0.1000000015
21895  42.306  -61.294  -13.428 0.1000000015
21898  38.829  -61.419  -13.707 0.1000000015
21899  38.150  -60.953  -13.991 0.1000000015
21910  46.185  -61.655  -14.989 0.1000000015
21917  37.976  -61.176  -14.651 0.1000000015
21918  37.557  -60.673  -15.082 0.1000000015
21941  37.816  -61.112  -16.305 0.1000000015
22690  40.679  -60.680  7.037 0.1000000015
22691  40.308  -60.633  6.827 0.1000000015
22710  39.950  -60.770  6.600 0.1000000015
22757  37.860  -60.676  3.105 0.1000000015
22767  44.140  -60.619  2.183 0.1000000015
22816  40.283  -60.260  -0.485 0.1000000015
22819  37.913  -60.796  -0.468 0.1000000015
22835  45.048  -61.048  -1.723 0.2000000030
22842  38.600  -60.478  -1.310 0.1000000015
22861  50.755  -60.405  -1.965 0.1000000015
22867  44.898  -60.790  -2.240 0.1000000015
22870  40.892  -61.133  -2.524 0.1000000015
22873  38.823  -60.545  -2.038 0.1000000015
22897  39.470  -60.831  -2.966 0.1000000015
22938  50.276  -60.774  -6.133 0.2000000030
22939  49.207  -60.972  -6.625 0.2000000030
22951  47.922  -60.720  -7.348 0.2000000030
22967  46.462  -60.543  -8.225 0.1000000015
22992  43.734  -60.129  -12.000 0.2000000030
22993  43.341  -59.863  -11.984 0.1000000015
23013  39.031  -60.282  -12.882 0.1000000015
23028  43.914  -60.576  -13.050 0.1000000015
23032  38.734  -60.753  -13.316 0.1000000015
23033  38.162  -60.296  -13.641 0.1000000015
23034  37.662  -59.771  -14.140 0.1000000015
23044  37.543  -60.218  -14.622 0.1000000015
23821  40.166  -60.205  6.898 0.1000000015
23841  39.582  -59.858  6.569 0.1000000015
23946  40.097  -59.784  0.318 0.1000000015
23948  38.639  -59.666  0.869 0.1000000015
23955  43.333  -60.024  0.510 0.1000000015
23958  39.289  -59.775  -0.083 0.1000000015
23991  48.985  -59.742  -3.121 0.2000000030
23993  41.795  -59.059  -2.464 0.1000000015
24012  49.428  -58.943  -3.309 0.3000000119
24038  42.709  -58.673  -4.155 0.2000000030
24048  50.925  -59.638  -5.424 0.2000000030
24064  48.643  -60.002  -6.526 0.2000000030
24078  47.461  -59.969  -7.280 0.1000000015
24093  46.255  -59.652  -8.193 0.1000000015
24115  43.470  -58.928  -10.904 0.2000000030
24122  43.219  -59.314  -11.504 0.2000000030
24126  39.932  -58.742  -12.044 0.1000000015
24133  43.122  -59.739  -12.020 0.1000000015
24151  37.834  -59.277  -13.907 0.1000000015
24952  38.558  -58.749  5.323 0.1000000015
25064  52.612  -58.536  -1.960 0.2000000030
25065  51.910  -58.848  -2.066 0.2000000030
25085  51.632  -58.382  -2.353 0.1000000015
25108  54.294  -58.432  -3.161 0.1000000015
25109  53.831  -58.622  -3.577 0.1000000015
25127  53.349  -58.663  -4.113 0.1000000015
25128  52.824  -58.737  -4.536 0.2000000030
25136  42.281  -58.142  -4.226 0.3000000119
25137  41.868  -58.246  -3.895 0.3000000119
25152  49.662  -59.411  -5.988 0.2000000030
25170  48.197  -59.337  -6.889 0.2000000030
25185  48.414  -58.594  -7.095 0.2000000030
25194  47.018  -58.650  -7.988 0.1000000015
25196  45.803  -58.805  -8.740 0.1000000015
25213  44.903  -58.538  -9.463 0.1000000015
25227  43.228  -58.005  -10.758 0.2000000030
25239  40.162  -58.405  -11.969 0.1000000015
25247  39.677  -58.321  -12.373 0.2000000030
25248  39.178  -58.731  -12.664 0.1000000015
25256  38.737  -58.482  -13.288 0.1000000015
25257  38.220  -58.716  -13.785 0.1000000015
26058  38.794  -58.089  5.288 0.1000000015
26147  54.011  -57.992  -1.930 0.2000000030
26150  40.838  -57.527  -1.343 0.1000000015
26174  40.865  -57.991  -2.535 0.2000000030
26215  52.463  -58.098  -4.738 0.2000000030
26217  47.424  -57.155  -4.498 0.2000000030
26237  52.532  -57.522  -4.917 0.3000000119
26241  44.312  -56.586  -5.280 0.5000000000
26258  49.981  -57.934  -6.537 0.2000000030
26269  50.957  -56.943  -7.220 0.2000000030
26270  50.344  -57.268  -7.598 0.1000000015
26304  44.706  -58.036  -9.704 0.1000000015
26318  50.055  -56.901  -10.107 0.1000000015
26335  40.606  -57.366  -12.037 0.1000000015
26342  39.476  -57.876  -12.794 0.1000000015
26347  38.804  -57.906  -13.715 0.1000000015
26357  39.918  -57.086  -14.096 0.2000000030
26359  38.914  -57.468  -14.289 0.1000000015
27219  40.358  -56.955  -1.481 0.1000000015
27237  54.738  -56.123  -3.101 0.2000000030
27242  51.043  -56.848  -3.173 0.3000000119
27244  39.722  -56.013  -2.634 0.1000000015
27256  54.591  -56.623  -3.501 0.1000000015
27259  49.438  -56.541  -3.873 0.4000000060
27263  39.783  -55.762  -3.100 0.2000000030
27283  42.864  -56.699  -4.898 0.4000000060
27297  54.216  -55.809  -5.149 0.3000000119
27304  43.066  -56.091  -5.239 0.5000000000
27341  52.036  -56.627  -8.545 0.1000000015
27351  54.696  -55.905  -10.038 0.2000000030
27372  54.345  -56.231  -10.553 0.2000000030
27373  53.714  -56.536  -10.601 0.2000000030
27382  44.091  -56.785  -10.520 0.2000000030
27383  43.416  -56.822  -10.686 0.1000000015
27395  53.375  -56.603  -11.388 0.1000000015
27403  42.825  -56.444  -11.110 0.2000000030
27414  50.182  -56.099  -12.309 0.1000000015
27415  41.349  -56.242  -12.457 0.2000000030
27438  42.891  -56.443  -15.165 0.2000000030
27439  42.492  -56.557  -15.059 0.2000000030
27450  53.147  -56.366  -15.457 0.2000000030
27452  51.551  -56.330  -15.936 0.2000000030
27453  43.983  -56.436  -15.981 0.2000000030
27475  51.340  -56.318  -16.873 0.3000000119
27477  44.725  -56.596  -17.103 0.2000000030
27491  52.768  -56.229  -17.481 0.3000000119
27492  52.285  -56.486  -17.792 0.3000000119
27494  50.718  -56.397  -18.280 0.2000000030
27508  52.125  -56.322  -18.414 0.2000000030
27512  47.953  -56.888  -19.381 0.2000000030
27514  46.098  -57.226  -18.790 0.2000000030
27516  44.857  -57.015  -18.123 0.1000000015
27522  51.208  -56.311  -20.116 0.2000000030
27528  45.872  -57.259  -18.960 0.2000000030
27535  51.049  -56.125  -20.706 0.1000000015
27537  49.678  -57.184  -21.001 0.2000000030
27538  48.743  -57.226  -21.017 0.2000000030
27547  50.140  -56.382  -21.798 0.2000000030
27548  49.703  -56.749  -21.582 0.2000000030
28299  43.952  -55.136  0.837 0.1000000015
28317  39.428  -55.675  -1.083 0.1000000015
28340  54.665  -55.826  -3.229 0.2000000030
28345  39.585  -55.346  -2.876 0.2000000030
28353  54.914  -55.113  -3.788 0.2000000030
28354  54.444  -55.149  -3.389 0.2000000030
28355  53.723  -55.120  -3.290 0.3000000119
28371  54.698  -55.779  -4.483 0.4000000060
28372  49.298  -54.916  -4.371 0.4000000060
28376  41.805  -55.691  -4.933 0.4000000060
28378  40.478  -55.645  -4.030 0.2000000030
28379  40.141  -55.409  -3.750 0.2000000030
28394  41.705  -55.348  -5.008 0.5000000000
28400  55.234  -54.775  -6.023 0.3000000119
28401  54.982  -55.083  -6.193 0.3000000119
28402  54.376  -55.461  -6.353 0.3000000119
28427  55.120  -55.383  -8.379 0.3000000119
28449  55.521  -54.815  -9.709 0.4000000060
28454  44.949  -55.905  -10.882 0.3000000119
28462  55.414  -54.855  -10.735 0.3000000119
28471  42.580  -55.701  -11.811 0.2000000030
28472  41.926  -55.799  -12.288 0.2000000030
28475  55.414  -54.801  -11.613 0.3000000119
28481  46.393  -54.775  -12.269 0.2000000030
28482  43.926  -55.354  -11.838 0.2000000030
28485  41.725  -55.758  -13.063 0.1000000015
28488  54.626  -55.212  -13.331 0.2000000030
28489  53.986  -55.796  -14.039 0.3000000119
28494  44.079  -55.043  -13.831 0.3000000119
28497  41.693  -56.082  -13.775 0.2000000030
28515  43.005  -56.047  -14.681 0.2000000030
28517  41.931  -56.180  -14.154 0.2000000030
28531  49.650  -54.988  -16.193 0.2000000030
28535  43.537  -55.975  -15.142 0.2000000030
28554  53.282  -55.576  -16.887 0.3000000119
28555  50.894  -55.986  -17.029 0.3000000119
28557  49.736  -55.194  -16.670 0.2000000030
28559  47.030  -55.510  -17.005 0.3000000119
28560  46.157  -55.859  -16.783 0.3000000119
28561  45.321  -56.144  -16.521 0.3000000119
28577  50.566  -56.016  -17.773 0.3000000119
28578  49.514  -55.495  -17.627 0.3000000119
28584  43.704  -56.487  -17.108 0.1000000015
28593  52.089  -56.129  -18.722 0.2000000030
28596  48.710  -56.229  -18.613 0.2000000030
28598  45.948  -55.952  -19.142 0.1000000015
28608  53.329  -54.922  -18.492 0.3000000119
28609  53.053  -55.145  -18.805 0.2000000030
28610  52.120  -55.618  -19.333 0.2000000030
28611  48.125  -56.042  -20.655 0.1000000015
28614  45.794  -57.073  -19.141 0.1000000015
28624  51.017  -55.905  -21.071 0.1000000015
28625  49.291  -55.953  -21.772 0.2000000030
28627  47.947  -57.022  -20.810 0.2000000030
28636  49.197  -56.776  -21.555 0.1000000015
29352  45.189  -54.450  1.487 0.1000000015
29363  44.500  -54.834  1.088 0.1000000015
29375  46.109  -54.127  0.627 0.1000000015
29416  54.892  -54.599  -4.102 0.2000000030
29419  53.312  -54.374  -3.850 0.3000000119
29424  39.160  -54.414  -2.914 0.2000000030
29430  54.760  -54.257  -4.365 0.5000000000
29432  53.835  -54.199  -4.010 0.3000000119
29439  41.143  -54.941  -4.798 0.4000000060
29446  55.212  -54.700  -5.373 0.4000000060
29473  52.300  -54.048  -7.779 0.4000000060
29475  50.312  -54.272  -7.948 0.4000000060
29489  54.871  -53.719  -8.623 0.4000000060
29495  49.050  -54.384  -8.723 0.4000000060
29510  50.741  -54.618  -9.636 0.4000000060
29513  47.986  -54.290  -9.545 0.4000000060
29530  52.665  -54.485  -10.417 0.4000000060
29533  49.393  -54.264  -10.544 0.5000000000
29553  45.633  -54.826  -11.979 0.3000000119
29554  44.781  -55.027  -11.840 0.2000000030
29555  44.306  -55.236  -11.825 0.2000000030
29559  55.311  -54.278  -12.363 0.3000000119
29562  51.836  -54.031  -11.857 0.5000000000
29563  47.641  -54.583  -13.134 0.2000000030
29567  44.174  -55.040  -12.393 0.2000000030
29568  43.728  -55.112  -12.748 0.1000000015
29572  54.975  -54.116  -13.184 0.3000000119
29573  48.703  -54.610  -14.173 0.2000000030
29577  45.221  -54.592  -13.433 0.2000000030
29579  43.912  -54.997  -12.940 0.1000000015
29588  53.694  -54.507  -14.759 0.4000000060
29589  49.544  -54.772  -15.185 0.2000000030
29593  46.302  -54.446  -14.520 0.3000000119
29612  52.720  -54.107  -16.018 0.4000000060
29613  49.749  -54.901  -15.369 0.2000000030
29616  47.449  -54.567  -15.552 0.2000000030
29637  49.299  -54.900  -16.544 0.3000000119
29638  48.622  -54.763  -16.458 0.2000000030
29639  47.694  -54.843  -16.374 0.4000000060
29656  53.090  -54.634  -16.954 0.3000000119
29658  48.871  -55.072  -17.147 0.3000000119
29663  43.711  -55.988  -17.263 0.1000000015
29672  53.347  -54.786  -18.113 0.3000000119
29687  52.163  -54.862  -20.006 0.1000000015
29690  46.405  -55.829  -19.290 0.1000000015
29700  51.946  -54.600  -20.750 0.1000000015
30462  43.574  -53.522  1.033 0.1000000015
30465  40.877  -53.349  1.374 0.1000000015
30479  39.159  -53.592  0.222 0.1000000015
30488  38.561  -53.451  -0.783 0.1000000015
30502  52.967  -54.045  -4.195 0.3000000119
30503  39.401  -54.101  -3.498 0.2000000030
30507  55.142  -54.187  -4.955 0.4000000060
30509  54.549  -53.854  -4.764 0.5000000000
30510  53.620  -53.869  -4.475 0.3000000119
30522  55.068  -53.662  -5.442 0.4000000060
30542  55.491  -53.846  -6.233 0.3000000119
30549  48.969  -53.567  -6.962 0.5000000000
30550  48.283  -53.519  -7.095 0.5000000000
30559  52.864  -53.783  -7.375 0.4000000060
30565  47.100  -53.496  -7.804 0.5000000000
30567  45.662  -53.356  -8.144 0.5000000000
30578  54.893  -53.657  -8.224 0.4000000060
30580  53.277  -53.835  -7.837 0.4000000060
30581  48.298  -54.216  -8.333 0.5000000000
30598  55.464  -53.779  -8.571 0.4000000060
30599  55.225  -53.712  -8.637 0.4000000060
30602  45.551  -53.296  -9.722 0.5000000000
30603  44.901  -52.985  -9.463 0.5000000000
30616  48.018  -53.761  -10.761 0.4000000060
30632  53.152  -53.862  -11.928 0.5000000000
30633  52.598  -53.887  -11.969 0.5000000000
30634  50.720  -53.751  -11.870 0.5000000000
30639  46.840  -53.134  -11.165 0.4000000060
30644  54.501  -53.613  -12.444 0.3000000119
30652  55.127  -53.823  -12.554 0.3000000119
30653  54.753  -53.486  -12.970 0.3000000119
30683  51.829  -52.941  -15.664 0.4000000060
30713  53.183  -54.459  -17.847 0.3000000119
30716  51.234  -53.222  -16.929 0.3000000119
30741  53.156  -53.845  -20.091 0.1000000015
30749  52.068  -53.972  -21.183 0.1000000015
30760  53.229  -52.936  -20.915 0.1000000015
30762  51.568  -53.680  -21.552 0.1000000015
30775  50.113  -53.447  -22.882 0.1000000015
31471  44.001  -52.785  1.148 0.1000000015
31496  37.915  -51.640  -0.928 0.2000000030
31536  48.617  -53.294  -6.515 0.5000000000
31537  47.917  -53.199  -6.531 0.5000000000
31549  46.587  -53.281  -7.494 0.5000000000
31558  44.437  -52.888  -8.912 0.5000000000
31601  48.718  -52.983  -11.800 0.5000000000
31605  44.987  -52.162  -11.356 0.5000000000
31606  44.437  -52.004  -11.210 0.5000000000
31611  53.116  -53.018  -12.757 0.4000000060
31616  48.060  -52.013  -12.155 0.4000000060
31622  54.208  -53.093  -13.225 0.4000000060
31624  52.338  -52.095  -13.274 0.4000000060
31637  52.465  -51.913  -14.785 0.5000000000
31653  52.678  -52.494  -15.015 0.5000000000
31655  51.064  -52.148  -15.526 0.3000000119
31670  49.962  -52.283  -16.595 0.4000000060
31682  51.401  -53.113  -17.806 0.2000000030
31707  53.681  -52.373  -19.997 0.1000000015
31717  53.531  -52.264  -20.713 0.1000000015
31719  50.632  -52.051  -21.165 0.1000000015
31729  53.133  -52.365  -21.159 0.1000000015
31730  52.400  -52.633  -21.284 0.1000000015
31732  50.420  -52.667  -21.818 0.1000000015
32464  44.579  -52.126  0.900 0.1000000015
32468  41.396  -51.890  1.224 0.1000000015
32489  39.245  -51.737  0.241 0.1000000015
32523  42.361  -52.319  -5.767 0.5000000000
32574  43.357  -51.887  -10.346 0.5000000000
32576  41.707  -50.485  -10.176 0.5000000000
32591  43.643  -51.296  -11.322 0.5000000000
32598  51.555  -51.563  -13.243 0.4000000060
32599  50.930  -51.274  -13.078 0.4000000060
32605  45.094  -50.986  -12.224 0.5000000000
32610  52.014  -51.460  -13.531 0.4000000060
32620  53.279  -52.037  -14.176 0.4000000060
32623  51.091  -50.790  -14.771 0.4000000060
32670  48.930  -51.209  -17.135 0.2000000030
32680  51.057  -51.698  -18.732 0.2000000030
32682  49.643  -51.142  -18.257 0.2000000030
32707  52.098  -51.508  -20.985 0.1000000015
32708  50.908  -51.416  -20.755 0.1000000015
32721  52.956  -51.650  -21.248 0.1000000015
32735  49.825  -52.156  -22.061 0.1000000015
33465  41.814  -49.949  2.515 0.1000000015
33501  39.012  -51.200  0.033 0.1000000015
33512  44.094  -49.497  -0.208 0.1000000015
33560  40.307  -50.535  -7.065 0.4000000060
33583  40.919  -50.082  -9.349 0.5000000000
33596  41.527  -49.938  -10.302 0.5000000000
33627  52.248  -51.252  -13.790 0.4000000060
33640  51.846  -50.814  -14.158 0.4000000060
33642  50.425  -50.086  -14.577 0.4000000060
33658  49.113  -50.488  -15.550 0.4000000060
33687  49.033  -50.774  -17.811 0.2000000030
33689  47.815  -49.893  -17.076 0.2000000030
33717  53.731  -50.600  -20.447 0.1000000015
33718  53.453  -50.442  -19.934 0.1000000015
33734  52.916  -50.412  -21.104 0.1000000015
33747  53.409  -51.151  -21.134 0.1000000015
33748  53.237  -50.941  -21.172 0.1000000015
34501  39.950  -49.529  3.185 0.1000000015
34517  41.592  -49.518  1.905 0.1000000015
34518  40.601  -49.351  2.235 0.1000000015
34530  43.905  -49.663  1.023 0.1000000015
34531  43.292  -49.513  1.124 0.1000000015
34533  41.250  -48.888  1.445 0.1000000015
34546  43.271  -49.127  0.285 0.1000000015
34547  42.687  -48.901  0.470 0.1000000015
34556  44.062  -49.345  -0.039 0.1000000015
34557  43.614  -49.110  -0.206 0.1000000015
34558  43.108  -49.036  -0.307 0.1000000015
34580  36.864  -48.963  -1.841 0.2000000030
34613  39.962  -49.608  -8.023 0.3000000119
34617  39.837  -49.277  -8.051 0.2000000030
34656  42.150  -49.004  -11.196 0.4000000060
34663  49.817  -49.453  -13.524 0.4000000060
34748  53.186  -49.550  -20.212 0.1000000015
34758  53.654  -50.004  -20.649 0.1000000015
34759  53.214  -49.634  -20.762 0.1000000015
35483  42.398  -48.767  0.574 0.1000000015
35487  38.642  -47.337  2.100 0.1000000015
35517  43.033  -48.856  -0.156 0.1000000015
35536  36.925  -48.738  -1.739 0.2000000030
35552  36.860  -48.754  -1.980 0.2000000030
35578  39.215  -48.351  -6.856 0.1000000015
35579  38.940  -48.466  -6.417 0.1000000015
35620  43.026  -48.741  -11.912 0.4000000060
35643  49.662  -48.901  -13.824 0.4000000060
35733  50.948  -48.181  -20.487 0.1000000015
36398  37.909  -47.046  3.924 0.1000000015
36415  37.897  -47.052  3.666 0.1000000015
36500  41.016  -47.854  -0.429 0.1000000015
36679  46.996  -47.839  -14.942 0.2000000030
36690  45.985  -47.165  -16.455 0.1000000015
36691  45.604  -46.779  -15.982 0.2000000030
37355  38.144  -46.473  4.197 0.1000000015
37365  37.927  -46.887  3.485 0.1000000015
37419  40.109  -46.723  -0.043 0.1000000015
37442  40.268  -46.933  -0.145 0.1000000015
37546  40.924  -46.286  -8.774 0.1000000015
37615  43.051  -47.004  -12.002 0.5000000000
37626  48.084  -46.975  -14.014 0.4000000060
37636  47.986  -47.185  -14.234 0.4000000060
37648  45.554  -46.381  -15.375 0.2000000030
38452  39.096  -45.760  0.883 0.1000000015
38470  38.895  -45.655  0.474 0.1000000015
38540  37.518  -46.092  -2.766 0.1000000015
38550  41.990  -45.114  -5.223 0.1000000015
38644  42.438  -45.273  -10.974 0.2000000030
38673  47.210  -45.789  -13.148 0.2000000030
38692  47.106  -45.847  -13.377 0.2000000030
38705  46.477  -45.740  -13.894 0.3000000119
38718  44.634  -45.083  -14.985 0.2000000030
39603  37.620  -45.196  -0.964 0.1000000015
39688  41.017  -45.165  -5.423 0.1000000015
39776  45.176  -44.796  -12.109 0.1000000015
39799  45.742  -44.746  -12.499 0.1000000015
39814  46.357  -44.942  -12.852 0.2000000030
39826  45.620  -44.745  -13.688 0.2000000030
40821  39.155  -43.504  -2.963 0.1000000015
41994  38.837  -43.027  -1.404 0.1000000015
42224  43.490  -41.951  -14.608 0.1000000015
