#!ascii label  , from subject abby vox2ras=TkReg
322
29451  43.455  -54.307  -5.507 0.0000000000
29507  54.099  -54.165  -9.247 0.0000000000
22891  47.154  -60.310  -3.356 0.0000000000
31520  48.556  -53.015  -6.034 0.0000000000
27239  53.725  -56.628  -2.513 0.0000000000
25086  50.440  -58.419  -3.045 0.0000000000
21650  51.112  -62.319  -0.602 0.0000000000
29474  51.298  -54.222  -7.808 0.0000000000
30638  47.642  -53.262  -11.227 0.0000000000
26219  45.389  -57.244  -5.064 0.0000000000
28373  48.630  -55.429  -4.456 0.0000000000
29434  51.083  -53.954  -4.293 0.0000000000
30523  54.353  -53.552  -5.408 0.0000000000
26212  54.383  -57.263  -3.637 0.0000000000
29454  40.924  -54.172  -4.940 0.0000000000
25135  43.005  -58.140  -4.518 0.0000000000
22868  44.288  -60.582  -2.355 0.0000000000
31574  45.006  -52.797  -10.142 0.0000000000
21675  49.631  -61.680  -0.762 0.0000000000
29491  53.187  -54.025  -8.247 0.0000000000
29532  50.435  -54.482  -10.550 0.0000000000
24034  46.345  -59.071  -4.342 0.0000000000
25112  48.275  -58.309  -4.114 0.0000000000
26172  52.125  -57.435  -2.480 0.0000000000
27257  51.208  -56.133  -3.254 0.0000000000
28343  52.328  -55.930  -3.005 0.0000000000
30511  52.488  -53.657  -4.582 0.0000000000
29418  54.075  -54.539  -3.677 0.0000000000
28387  54.600  -55.478  -5.233 0.0000000000
24020  42.126  -59.130  -3.200 0.0000000000
24018  43.723  -59.586  -3.817 0.0000000000
22838  42.967  -60.184  -1.465 0.0000000000
30529  47.515  -53.434  -5.494 0.0000000000
30566  46.336  -53.448  -8.063 0.0000000000
32602  47.804  -51.100  -12.393 0.0000000000
31618  46.511  -51.853  -12.099 0.0000000000
21704  48.064  -61.454  -1.927 0.0000000000
24013  48.801  -59.252  -3.441 0.0000000000
22862  49.972  -60.445  -2.395 0.0000000000
23972  51.195  -59.952  -1.950 0.0000000000
23970  52.843  -59.474  -1.718 0.0000000000
30562  49.594  -53.901  -7.393 0.0000000000
30582  47.612  -54.070  -8.650 0.0000000000
29512  48.804  -54.371  -9.620 0.0000000000
30636  49.183  -53.319  -11.711 0.0000000000
29527  55.250  -54.458  -9.934 0.0000000000
27302  44.838  -55.997  -5.431 0.0000000000
29438  47.097  -54.651  -5.201 0.0000000000
30515  48.398  -53.767  -5.102 0.0000000000
26196  49.805  -57.338  -3.561 0.0000000000
28359  49.750  -55.562  -4.108 0.0000000000
30527  49.604  -53.237  -5.691 0.0000000000
30526  50.999  -53.316  -5.506 0.0000000000
30545  53.080  -53.563  -6.305 0.0000000000
30557  54.963  -53.563  -7.195 0.0000000000
27238  54.571  -56.637  -2.836 0.0000000000
29429  55.055  -54.521  -4.642 0.0000000000
29461  55.418  -54.353  -6.169 0.0000000000
29488  55.898  -54.125  -7.949 0.0000000000
31528  41.287  -52.652  -5.471 0.0000000000
29452  42.522  -54.484  -5.425 0.0000000000
27284  41.965  -56.387  -4.756 0.0000000000
27282  43.642  -56.703  -5.125 0.0000000000
26220  44.329  -57.339  -5.071 0.0000000000
24035  45.307  -59.059  -4.403 0.0000000000
22892  46.124  -60.487  -3.286 0.0000000000
21680  44.846  -61.102  -1.116 0.0000000000
21706  46.172  -61.234  -1.815 0.0000000000
30618  46.140  -53.260  -10.616 0.0000000000
30533  43.682  -53.361  -5.533 0.0000000000
31542  43.087  -52.294  -6.237 0.0000000000
29508  52.971  -54.385  -9.359 0.0000000000
24033  47.125  -59.068  -4.189 0.0000000000
25113  47.607  -58.775  -4.219 0.0000000000
24014  47.716  -59.397  -3.848 0.0000000000
27240  52.728  -56.650  -2.612 0.0000000000
27241  51.760  -56.622  -2.850 0.0000000000
28356  52.752  -55.155  -3.385 0.0000000000
28342  53.289  -55.870  -2.908 0.0000000000
27277  52.865  -57.259  -4.823 0.0000000000
23992  42.589  -59.708  -2.572 0.0000000000
31521  47.681  -52.929  -5.983 0.0000000000
31538  46.926  -53.033  -6.802 0.0000000000
30551  47.612  -53.380  -7.174 0.0000000000
33620  47.487  -50.159  -12.528 0.0000000000
22863  48.799  -60.446  -2.765 0.0000000000
21703  49.239  -61.351  -1.856 0.0000000000
21674  50.932  -61.430  -1.092 0.0000000000
21701  50.820  -60.869  -1.583 0.0000000000
22834  51.286  -60.455  -1.627 0.0000000000
23971  51.806  -59.509  -1.849 0.0000000000
22833  52.045  -60.489  -1.463 0.0000000000
30561  50.489  -53.856  -7.160 0.0000000000
29476  49.531  -54.284  -8.082 0.0000000000
29494  50.047  -54.415  -8.796 0.0000000000
29552  49.496  -53.880  -11.287 0.0000000000
30635  49.999  -53.554  -11.803 0.0000000000
31615  49.121  -52.378  -12.260 0.0000000000
27281  45.256  -56.582  -5.300 0.0000000000
27301  45.367  -55.570  -5.440 0.0000000000
27280  45.872  -56.180  -5.286 0.0000000000
29437  47.875  -54.407  -4.999 0.0000000000
25087  49.762  -58.781  -3.234 0.0000000000
25111  49.461  -58.291  -3.508 0.0000000000
25110  50.086  -57.894  -3.390 0.0000000000
29421  50.967  -54.723  -3.892 0.0000000000
28358  50.702  -55.537  -3.659 0.0000000000
29422  50.353  -55.050  -4.018 0.0000000000
29435  49.979  -54.401  -4.349 0.0000000000
30513  50.368  -53.543  -4.845 0.0000000000
30512  51.455  -53.493  -4.766 0.0000000000
30524  53.338  -53.516  -5.389 0.0000000000
30525  52.195  -53.406  -5.443 0.0000000000
30558  53.994  -53.655  -7.202 0.0000000000
30544  54.181  -53.505  -6.270 0.0000000000
20622  52.301  -62.125  -5.477 0.0000000000
24030  53.429  -59.356  -3.929 0.0000000000
22908  53.423  -59.864  -3.868 0.0000000000
26194  54.271  -57.950  -3.460 0.0000000000
26193  54.580  -57.612  -3.047 0.0000000000
27255  54.777  -55.940  -3.484 0.0000000000
27274  54.802  -56.025  -4.024 0.0000000000
28388  54.234  -55.631  -5.559 0.0000000000
28386  55.076  -55.086  -5.473 0.0000000000
28414  55.396  -54.692  -6.750 0.0000000000
29471  55.757  -54.201  -7.011 0.0000000000
28426  55.608  -54.692  -7.691 0.0000000000
31514  40.607  -53.003  -5.222 0.0000000000
30536  41.101  -53.639  -5.205 0.0000000000
30535  41.907  -53.605  -5.384 0.0000000000
29453  41.490  -54.663  -5.082 0.0000000000
26223  41.520  -57.542  -4.077 0.0000000000
27285  41.059  -56.398  -4.228 0.0000000000
26222  42.500  -57.397  -4.565 0.0000000000
27305  42.547  -56.192  -5.036 0.0000000000
26221  43.376  -57.415  -4.808 0.0000000000
25134  43.868  -58.191  -4.709 0.0000000000
22894  44.045  -60.235  -3.193 0.0000000000
24036  44.299  -58.989  -4.379 0.0000000000
24017  44.678  -59.765  -3.862 0.0000000000
24016  45.697  -59.862  -3.913 0.0000000000
22893  45.033  -60.481  -3.091 0.0000000000
22795  45.115  -60.921  1.089 0.0000000000
21656  44.995  -61.143  -0.337 0.0000000000
21679  45.503  -61.241  -1.204 0.0000000000
29535  47.723  -54.093  -10.156 0.0000000000
30600  47.220  -54.031  -9.553 0.0000000000
30617  47.109  -53.693  -10.493 0.0000000000
32588  46.119  -51.687  -12.139 0.0000000000
29492  52.106  -54.340  -8.549 0.0000000000
29493  51.041  -54.525  -8.686 0.0000000000
25132  45.934  -58.187  -4.677 0.0000000000
26218  46.466  -57.206  -4.763 0.0000000000
25131  47.144  -58.202  -4.433 0.0000000000
26216  48.189  -57.218  -4.235 0.0000000000
26173  51.262  -57.524  -2.856 0.0000000000
26195  50.529  -57.439  -3.300 0.0000000000
28344  51.743  -56.006  -3.104 0.0000000000
28357  51.673  -55.368  -3.397 0.0000000000
29433  51.762  -53.799  -4.349 0.0000000000
29420  52.108  -54.294  -3.891 0.0000000000
30501  53.309  -54.078  -4.171 0.0000000000
29431  54.258  -54.192  -4.168 0.0000000000
27275  54.307  -56.389  -4.428 0.0000000000
27276  53.341  -56.930  -4.674 0.0000000000
27298  53.596  -55.989  -5.569 0.0000000000
25114  42.217  -58.681  -3.756 0.0000000000
24037  43.379  -58.870  -4.287 0.0000000000
24019  42.780  -59.349  -3.672 0.0000000000
22895  43.261  -59.962  -3.206 0.0000000000
22869  43.470  -60.275  -2.400 0.0000000000
31550  46.028  -53.192  -7.421 0.0000000000
30584  45.951  -53.551  -8.849 0.0000000000
31603  47.330  -52.581  -11.626 0.0000000000
31617  47.086  -51.909  -12.100 0.0000000000
32603  46.760  -51.148  -12.339 0.0000000000
22864  47.616  -60.861  -2.741 0.0000000000
22890  48.141  -60.060  -3.299 0.0000000000
22889  48.683  -59.867  -3.185 0.0000000000
23990  49.631  -59.422  -2.960 0.0000000000
23989  50.873  -59.437  -2.341 0.0000000000
23988  51.561  -59.031  -2.163 0.0000000000
25084  52.362  -57.972  -2.239 0.0000000000
31535  49.046  -53.361  -6.537 0.0000000000
30564  47.917  -53.801  -7.770 0.0000000000
30563  48.773  -54.037  -7.715 0.0000000000
29496  48.320  -54.359  -8.964 0.0000000000
29534  48.439  -54.176  -10.288 0.0000000000
29511  49.723  -54.482  -9.652 0.0000000000
30615  48.808  -53.853  -11.019 0.0000000000
30637  48.421  -53.352  -11.386 0.0000000000
31602  48.217  -52.752  -11.715 0.0000000000
32601  48.879  -51.189  -12.551 0.0000000000
29528  54.725  -54.290  -10.150 0.0000000000
28391  44.124  -55.125  -5.494 0.0000000000
29450  44.350  -54.181  -5.488 0.0000000000
28390  44.955  -55.012  -5.491 0.0000000000
30528  48.490  -53.316  -5.564 0.0000000000
27260  48.710  -56.486  -4.175 0.0000000000
27258  50.353  -56.487  -3.545 0.0000000000
28360  49.133  -56.020  -4.177 0.0000000000
29436  48.888  -54.366  -4.652 0.0000000000
30514  49.262  -53.653  -4.958 0.0000000000
31519  49.066  -53.190  -6.219 0.0000000000
30548  49.612  -53.477  -6.587 0.0000000000
30547  50.669  -53.447  -6.369 0.0000000000
30560  51.568  -53.790  -7.103 0.0000000000
30546  51.876  -53.512  -6.320 0.0000000000
29472  52.776  -53.929  -7.792 0.0000000000
30579  53.782  -53.778  -7.908 0.0000000000
29490  54.378  -53.840  -8.548 0.0000000000
25063  53.545  -58.629  -1.878 0.0000000000
21738  53.052  -60.675  -4.359 0.0000000000
26169  54.341  -57.793  -2.365 0.0000000000
26170  53.987  -57.412  -2.173 0.0000000000
28341  54.191  -55.820  -2.885 0.0000000000
29417  54.620  -54.606  -3.852 0.0000000000
30508  55.021  -53.987  -4.867 0.0000000000
28370  54.937  -55.323  -4.514 0.0000000000
30521  55.259  -54.139  -5.379 0.0000000000
30543  55.052  -53.481  -6.264 0.0000000000
30556  55.557  -53.792  -7.141 0.0000000000
30577  55.565  -53.750  -8.034 0.0000000000
29506  55.096  -53.819  -9.035 0.0000000000
29505  55.643  -54.119  -8.870 0.0000000000
32525  40.767  -51.480  -5.860 0.0000000000
32524  41.833  -52.018  -5.754 0.0000000000
31527  42.205  -52.751  -5.576 0.0000000000
30534  42.792  -53.504  -5.538 0.0000000000
27286  40.605  -56.290  -3.813 0.0000000000
28377  41.282  -55.473  -4.696 0.0000000000
28393  42.277  -55.536  -5.193 0.0000000000
28392  43.218  -55.267  -5.446 0.0000000000
27303  43.873  -55.978  -5.366 0.0000000000
26240  44.837  -56.785  -5.275 0.0000000000
25133  44.861  -58.188  -4.744 0.0000000000
24015  46.710  -59.752  -3.885 0.0000000000
22866  45.611  -60.915  -2.305 0.0000000000
22865  46.590  -60.932  -2.621 0.0000000000
30583  46.758  -53.732  -8.755 0.0000000000
30601  46.406  -53.701  -9.682 0.0000000000
30619  45.526  -52.995  -10.450 0.0000000000
31604  46.113  -52.473  -11.568 0.0000000000
31587  45.739  -52.889  -10.903 0.0000000000
21702  50.275  -61.147  -1.699 0.0000000000
21737  53.276  -60.203  -4.113 0.0000000000
22835  45.048  -61.048  -1.723 0.0000000000
22861  50.755  -60.405  -1.965 0.0000000000
23991  48.985  -59.742  -3.121 0.0000000000
23993  41.795  -59.059  -2.464 0.0000000000
24012  49.428  -58.943  -3.309 0.0000000000
24038  42.709  -58.673  -4.155 0.0000000000
25062  54.140  -58.443  -2.088 0.0000000000
25064  52.612  -58.536  -1.960 0.0000000000
25065  51.910  -58.848  -2.066 0.0000000000
25085  51.632  -58.382  -2.353 0.0000000000
25108  54.294  -58.432  -3.161 0.0000000000
25109  53.831  -58.622  -3.577 0.0000000000
25136  42.281  -58.142  -4.226 0.0000000000
25137  41.868  -58.246  -3.895 0.0000000000
26146  54.212  -58.007  -2.066 0.0000000000
26237  52.532  -57.522  -4.917 0.0000000000
26241  44.312  -56.586  -5.280 0.0000000000
27237  54.738  -56.123  -3.101 0.0000000000
27242  51.043  -56.848  -3.173 0.0000000000
27256  54.591  -56.623  -3.501 0.0000000000
27259  49.438  -56.541  -3.873 0.0000000000
27261  40.754  -56.911  -3.602 0.0000000000
27283  42.864  -56.699  -4.898 0.0000000000
27297  54.216  -55.809  -5.149 0.0000000000
27304  43.066  -56.091  -5.239 0.0000000000
28340  54.665  -55.826  -3.229 0.0000000000
28353  54.914  -55.113  -3.788 0.0000000000
28354  54.444  -55.149  -3.389 0.0000000000
28355  53.723  -55.120  -3.290 0.0000000000
28371  54.698  -55.779  -4.483 0.0000000000
28372  49.298  -54.916  -4.371 0.0000000000
28376  41.805  -55.691  -4.933 0.0000000000
28394  41.705  -55.348  -5.008 0.0000000000
28400  55.234  -54.775  -6.023 0.0000000000
28401  54.982  -55.083  -6.193 0.0000000000
28415  55.059  -55.157  -7.195 0.0000000000
28449  55.521  -54.815  -9.709 0.0000000000
29416  54.892  -54.599  -4.102 0.0000000000
29419  53.312  -54.374  -3.850 0.0000000000
29430  54.760  -54.257  -4.365 0.0000000000
29432  53.835  -54.199  -4.010 0.0000000000
29439  41.143  -54.941  -4.798 0.0000000000
29446  55.212  -54.700  -5.373 0.0000000000
29473  52.300  -54.048  -7.779 0.0000000000
29475  50.312  -54.272  -7.948 0.0000000000
29489  54.871  -53.719  -8.623 0.0000000000
29495  49.050  -54.384  -8.723 0.0000000000
29510  50.741  -54.618  -9.636 0.0000000000
29513  47.986  -54.290  -9.545 0.0000000000
29533  49.393  -54.264  -10.544 0.0000000000
30502  52.967  -54.045  -4.195 0.0000000000
30507  55.142  -54.187  -4.955 0.0000000000
30509  54.549  -53.854  -4.764 0.0000000000
30510  53.620  -53.869  -4.475 0.0000000000
30522  55.068  -53.662  -5.442 0.0000000000
30542  55.491  -53.846  -6.233 0.0000000000
30549  48.969  -53.567  -6.962 0.0000000000
30550  48.283  -53.519  -7.095 0.0000000000
30559  52.864  -53.783  -7.375 0.0000000000
30565  47.100  -53.496  -7.804 0.0000000000
30567  45.662  -53.356  -8.144 0.0000000000
30578  54.893  -53.657  -8.224 0.0000000000
30580  53.277  -53.835  -7.837 0.0000000000
30581  48.298  -54.216  -8.333 0.0000000000
30598  55.464  -53.779  -8.571 0.0000000000
30599  55.225  -53.712  -8.637 0.0000000000
30602  45.551  -53.296  -9.722 0.0000000000
30603  44.901  -52.985  -9.463 0.0000000000
30616  48.018  -53.761  -10.761 0.0000000000
30639  46.840  -53.134  -11.165 0.0000000000
30649  49.833  -52.956  -12.213 0.0000000000
31536  48.617  -53.294  -6.515 0.0000000000
31537  47.917  -53.199  -6.531 0.0000000000
31549  46.587  -53.281  -7.494 0.0000000000
31601  48.718  -52.983  -11.800 0.0000000000
31616  48.060  -52.013  -12.155 0.0000000000
