#!ascii label  , from subject abby vox2ras=TkReg
655
67935  23.174  -19.283  -19.193 0.1428571492
66964  22.465  -20.175  -19.037 0.1428571492
69071  22.494  -18.227  -20.678 0.1428571492
69026  23.532  -19.055  -19.098 0.1428571492
69051  23.330  -18.463  -19.683 0.2857142985
67936  22.514  -19.455  -19.601 0.1428571492
69050  24.400  -18.127  -19.229 0.1428571492
70210  23.379  -17.247  -20.953 0.5714285970
70192  24.296  -17.150  -19.993 0.1428571492
72459  26.000  -15.754  -19.856 0.2857142985
71356  25.289  -16.446  -19.915 0.2857142985
72475  26.350  -15.209  -20.319 0.1428571492
75649  27.019  -12.826  -21.655 0.2857142985
74559  26.373  -13.215  -21.773 0.1428571492
74560  25.628  -13.712  -21.851 0.2857142985
77797  27.601  -10.663  -23.213 0.2857142985
76720  27.590  -11.301  -22.548 0.2857142985
77814  27.180  -10.582  -24.227 0.2857142985
80074  28.304  -8.461  -25.728 0.2857142985
82212  28.778  -6.758  -27.086 0.8571428657
81158  28.428  -7.664  -26.089 0.4285714328
80056  28.536  -8.418  -24.690 0.2857142985
84096  29.431  -5.762  -28.843 0.7142857313
84089  29.495  -5.501  -27.727 0.7142857313
83126  29.160  -5.985  -27.253 0.7142857313
82194  28.516  -7.310  -26.815 0.7142857313
85121  30.636  -3.815  -29.481 0.8571428657
84095  29.965  -4.706  -29.090 0.5714285970
83137  29.242  -6.523  -28.460 0.7142857313
86104  32.274  -2.174  -31.697 0.4285714328
85129  30.617  -3.759  -30.539 0.7142857313
84101  29.963  -4.508  -30.006 0.8571428657
88356  32.439  -0.387  -32.605 0.2857142985
88357  31.417  -0.130  -32.840 0.5714285970
86098  31.345  -2.881  -31.268 0.8571428657
86105  31.388  -2.064  -31.668 0.7142857313
86099  30.134  -2.848  -30.790 0.8571428657
90686  31.547  0.756  -32.385 0.1428571492
88351  32.584  0.154  -31.970 0.1428571492
89523  31.798  0.335  -32.628 0.4285714328
87213  31.698  -0.793  -32.492 0.5714285970
87201  30.643  -2.282  -31.421 0.8571428657
91795  30.208  2.523  -31.899 0.1428571492
90667  31.301  1.175  -31.435 0.1428571492
90679  31.106  1.535  -31.899 0.1428571492
90687  31.002  1.286  -32.816 0.4285714328
87208  30.708  -1.336  -31.938 0.8571428657
93910  29.149  4.019  -31.438 0.1428571492
91782  29.815  2.772  -30.933 0.1428571492
92850  29.386  3.498  -32.190 0.1428571492
91807  30.647  2.034  -32.443 0.1428571492
91818  30.086  2.104  -33.375 0.4285714328
90688  30.601  0.992  -33.244 0.5714285970
88358  30.502  -0.041  -33.024 0.7142857313
87209  29.392  -1.230  -32.016 0.8571428657
93911  28.863  4.621  -31.954 0.1428571492
92861  29.411  3.234  -33.073 0.5714285970
89526  29.259  0.715  -33.062 0.8571428657
88352  30.002  -0.617  -32.504 0.8571428657
88353  29.103  -0.537  -32.505 0.8571428657
94970  28.551  5.495  -31.501 0.1428571492
94978  28.433  5.515  -32.539 0.2857142985
92851  28.750  4.164  -32.551 0.1428571492
92862  28.402  3.754  -32.944 0.8571428657
91809  29.255  2.571  -33.247 0.8571428657
90692  30.173  1.377  -33.316 0.7142857313
90690  28.242  1.797  -32.608 0.8571428657
96043  27.271  6.692  -33.294 0.1428571492
97060  27.270  7.648  -32.753 0.1428571492
94987  27.989  5.609  -33.327 0.4285714328
93934  27.455  4.490  -33.192 0.8571428657
92874  27.721  4.018  -33.167 0.8571428657
91810  28.164  2.526  -32.741 0.8571428657
90681  28.007  1.891  -32.137 0.8571428657
94988  27.075  5.549  -33.402 0.4285714328
92863  27.189  3.634  -32.670 0.8571428657
91796  27.492  2.553  -31.990 0.8571428657
92852  26.823  3.160  -31.762 0.8571428657
97067  26.935  7.533  -33.239 0.1428571492
98107  26.172  7.991  -33.204 0.2857142985
96044  26.379  6.643  -33.602 0.5714285970
94989  26.130  6.017  -33.297 0.8571428657
94979  26.454  5.472  -33.101 0.8571428657
93923  26.728  4.839  -32.866 0.8571428657
92864  26.595  3.647  -32.056 0.8571428657
93924  26.337  4.429  -32.145 0.8571428657
98108  25.486  8.398  -33.238 0.2857142985
97069  25.778  7.517  -33.465 0.7142857313
96045  25.545  6.808  -33.459 0.5714285970
96037  25.063  6.615  -32.940 0.8571428657
94971  25.741  5.392  -31.846 0.8571428657
94964  25.834  5.402  -30.979 0.8571428657
92853  26.478  3.759  -31.514 0.8571428657
97055  24.692  7.537  -32.326 0.8571428657
96020  25.101  6.697  -31.408 0.8571428657
94972  25.384  5.911  -31.424 0.8571428657
96012  25.665  6.415  -29.979 0.7142857313
94965  25.433  6.073  -30.765 0.7142857313
97049  24.789  7.880  -31.190 0.8571428657
97042  25.481  7.773  -30.121 0.8571428657
98085  25.024  8.847  -30.448 0.8571428657
96006  25.593  6.953  -29.763 0.7142857313
98093  23.742  9.708  -32.229 0.7142857313
98086  24.327  9.235  -31.340 0.8571428657
99089  24.544  9.783  -30.599 0.8571428657
99080  24.982  9.764  -29.715 0.8571428657
100849  24.951  11.237  -29.104 0.7142857313
96013  25.354  6.815  -30.519 0.8571428657
136673  23.908  13.658  -32.675 0.1428571492
99081  24.567  10.505  -30.252 0.8571428657
100011  24.530  11.665  -30.080 0.7142857313
100003  24.794  10.706  -29.602 0.8571428657
136664  23.829  14.090  -32.762 0.1428571492
136670  24.374  12.513  -30.774 0.5714285970
136667  24.352  13.439  -31.160 0.5714285970
104543  24.544  14.063  -30.165 0.5714285970
136669  24.305  13.995  -31.829 0.1428571492
136708  23.200  16.140  -35.356 0.1428571492
104544  24.480  15.000  -29.899 0.5714285970
136697  23.151  16.650  -33.711 0.1428571492
107434  23.716  17.714  -33.391 0.1428571492
104565  24.313  15.423  -31.240 0.1428571492
106515  24.013  17.688  -32.511 0.1428571492
104560  24.474  14.701  -30.854 0.5714285970
136711  23.432  16.801  -32.117 0.1428571492
106498  24.217  17.269  -30.890 0.1428571492
106499  23.280  17.207  -30.755 0.1428571492
67916  22.879  -19.762  -18.920 0.1428571492
66942  22.836  -20.436  -18.367 0.1428571492
70178  24.053  -17.640  -19.680 0.2857142985
70176  25.786  -17.089  -19.122 0.2857142985
71357  24.686  -16.870  -19.992 0.2857142985
74558  27.222  -13.182  -21.266 0.2857142985
73550  26.894  -13.670  -20.953 0.2857142985
73551  26.040  -14.012  -21.265 0.1428571492
78933  28.112  -9.285  -25.511 0.2857142985
78914  27.582  -10.337  -24.984 0.2857142985
82193  28.931  -6.590  -25.971 0.4285714328
80089  28.226  -8.605  -26.647 0.5714285970
85120  31.746  -3.436  -29.987 0.2857142985
82224  28.925  -7.090  -28.113 0.7142857313
87206  32.920  -1.572  -32.229 0.1428571492
85130  29.430  -3.772  -30.532 0.8571428657
87214  30.866  -0.548  -32.556 0.7142857313
90680  28.169  1.304  -32.374 0.8571428657
97061  24.890  8.063  -33.245 0.8571428657
99090  23.995  10.657  -31.158 0.8571428657
136681  24.299  11.670  -30.835 0.7142857313
136671  24.299  12.914  -31.376 0.2857142985
136679  24.222  14.901  -31.692 0.1428571492
136700  23.220  15.980  -34.440 0.1428571492
106505  25.016  17.590  -32.010 0.1428571492
65855  22.310  -21.043  -18.427 0.1428571492
71371  23.739  -16.962  -20.841 0.4285714328
72476  25.404  -15.550  -20.567 0.2857142985
71370  24.373  -16.645  -20.584 0.4285714328
71385  23.769  -16.729  -21.592 0.2857142985
73534  25.755  -14.733  -20.863 0.1428571492
75648  27.602  -12.618  -21.416 0.2857142985
75675  26.359  -12.176  -23.147 0.2857142985
75661  26.161  -12.728  -22.902 0.2857142985
76721  26.779  -11.658  -23.005 0.2857142985
81177  28.093  -8.040  -27.165 0.7142857313
91781  30.337  2.013  -30.839 0.1428571492
93898  29.113  4.431  -30.596 0.1428571492
96034  28.167  6.231  -31.966 0.1428571492
96042  27.937  6.183  -32.796 0.2857142985
96035  27.561  6.848  -32.335 0.1428571492
93933  27.932  4.727  -33.381 0.8571428657
89521  28.574  0.701  -32.525 0.8571428657
88354  28.613  -0.032  -32.084 1.0000000000
98098  26.711  8.085  -32.938 0.1428571492
98099  25.935  8.893  -32.494 0.1428571492
98100  24.916  9.565  -33.276 0.2857142985
94956  26.035  5.767  -30.062 0.8571428657
97056  24.053  8.823  -32.907 0.5714285970
98101  24.135  9.940  -32.973 0.5714285970
99098  24.025  11.059  -32.218 0.5714285970
99099  24.216  12.883  -32.114 0.4285714328
99107  24.323  13.008  -32.550 0.2857142985
136665  23.887  14.459  -32.427 0.1428571492
105523  23.917  15.822  -30.688 0.2857142985
136693  23.594  15.876  -34.175 0.1428571492
136696  23.248  16.737  -33.000 0.1428571492
136703  23.478  16.702  -31.421 0.1428571492
136710  22.806  16.857  -30.629 0.1428571492
136704  22.653  17.234  -35.096 0.1428571492
99106  24.661  11.550  -32.888 0.4285714328
136682  24.153  11.723  -31.468 0.5714285970
69025  23.998  -18.828  -18.888 0.1428571492
69052  22.609  -18.808  -20.080 0.1428571492
66965  21.850  -20.422  -19.401 0.1428571492
69070  23.120  -17.942  -20.342 0.4285714328
67955  22.201  -19.013  -20.258 0.2857142985
70193  23.629  -17.421  -20.305 0.5714285970
70177  24.847  -17.331  -19.572 0.1428571492
71369  24.956  -16.139  -20.507 0.1428571492
73535  25.302  -15.044  -21.120 0.1428571492
75660  26.920  -12.387  -22.296 0.2857142985
83143  29.199  -6.760  -29.185 0.7142857313
84104  29.833  -4.217  -30.415 0.8571428657
87212  32.579  -1.026  -32.593 0.5714285970
89524  30.943  0.539  -33.080 0.5714285970
91808  30.149  2.761  -32.995 0.2857142985
91794  30.656  1.891  -31.605 0.1428571492
90691  30.463  1.736  -33.177 0.1428571492
93922  28.489  4.758  -32.964 0.5714285970
90689  28.726  1.544  -33.099 0.8571428657
96027  25.506  5.772  -32.308 0.8571428657
94980  25.900  5.563  -32.652 0.8571428657
93912  26.216  4.604  -31.293 0.8571428657
96028  25.186  6.224  -32.143 0.8571428657
97050  24.173  8.614  -32.068 0.8571428657
136663  24.037  14.363  -32.283 0.1428571492
104559  24.456  13.877  -30.656 0.5714285970
103540  24.647  13.016  -29.818 0.5714285970
136716  24.249  17.538  -34.986 0.1428571492
136683  23.559  16.281  -32.850 0.1428571492
107421  24.784  18.008  -32.649 0.1428571492
136722  24.207  18.160  -34.465 0.1428571492
136691  23.673  15.735  -33.431 0.1428571492
105533  23.924  15.970  -31.644 0.1428571492
106507  23.799  17.366  -31.954 0.1428571492
74557  27.881  -13.147  -20.845 0.1428571492
71384  24.358  -16.280  -21.249 0.4285714328
76735  26.357  -11.611  -23.939 0.5714285970
75676  25.831  -12.626  -23.703 0.5714285970
74600  24.937  -13.300  -24.324 0.5714285970
74585  23.591  -13.613  -23.728 0.2857142985
76749  26.150  -11.833  -24.845 0.5714285970
75695  24.253  -12.313  -24.415 0.5714285970
73577  23.393  -14.225  -23.388 0.4285714328
76736  25.872  -12.248  -24.421 0.5714285970
75679  22.787  -12.842  -23.435 0.2857142985
76737  23.177  -12.136  -23.851 0.4285714328
77827  27.298  -10.930  -25.712 0.4285714328
77828  26.274  -11.316  -25.471 0.5714285970
77829  25.385  -10.899  -24.959 0.5714285970
77830  24.214  -10.749  -24.459 0.4285714328
77840  27.180  -10.491  -26.397 0.5714285970
78953  26.254  -10.224  -26.337 0.5714285970
78952  27.030  -9.826  -26.695 0.7142857313
80091  27.644  -9.088  -27.237 0.4285714328
75680  22.251  -12.263  -23.194 0.2857142985
78966  27.568  -9.477  -26.827 0.7142857313
81189  27.910  -7.703  -27.879 0.7142857313
81159  26.642  -7.980  -26.556 0.4285714328
82226  27.575  -7.002  -28.291 0.7142857313
82214  27.303  -6.527  -27.647 0.5714285970
83139  27.509  -6.073  -27.795 0.7142857313
83127  27.345  -5.817  -26.902 0.2857142985
81188  28.079  -7.793  -27.740 0.5714285970
82225  28.370  -7.370  -28.374 0.5714285970
81190  27.453  -7.331  -27.779 0.7142857313
83144  28.052  -5.969  -28.772 0.7142857313
84090  27.669  -4.684  -27.722 0.7142857313
85114  27.392  -4.139  -29.078 0.7142857313
85084  27.700  -3.932  -27.336 0.7142857313
84077  27.437  -4.698  -26.582 0.4285714328
86058  27.790  -3.122  -27.102 0.4285714328
83148  29.026  -6.382  -29.437 0.5714285970
82237  28.334  -6.997  -29.193 0.5714285970
84102  29.017  -5.085  -29.602 0.5714285970
85123  28.079  -4.113  -29.857 0.5714285970
86083  27.781  -3.125  -29.174 0.7142857313
87186  28.125  -2.083  -29.270 0.7142857313
86072  27.817  -2.441  -27.515 0.7142857313
88317  28.163  -1.241  -28.388 0.5714285970
85131  28.617  -3.607  -30.333 0.5714285970
86100  28.924  -2.693  -30.712 0.7142857313
86090  28.143  -2.961  -30.064 0.7142857313
88340  28.163  -0.754  -30.451 0.8571428657
89481  28.097  -0.130  -28.596 0.7142857313
89494  27.996  0.069  -29.729 0.7142857313
88348  28.286  -0.372  -31.343 0.8571428657
89506  27.922  0.252  -30.740 0.8571428657
89507  27.765  1.123  -30.242 0.7142857313
89495  27.851  1.003  -28.956 0.5714285970
90630  27.543  2.161  -27.988 0.2857142985
87210  28.735  -0.788  -31.891 0.7142857313
89516  28.030  0.967  -30.951 0.7142857313
91753  27.389  3.033  -29.094 0.7142857313
89515  28.133  0.724  -31.645 0.7142857313
92839  26.781  3.226  -30.924 0.8571428657
90660  27.578  2.030  -30.491 0.8571428657
92824  26.902  3.529  -29.943 0.8571428657
92808  26.873  4.032  -28.828 0.7142857313
90670  27.901  1.709  -31.279 0.8571428657
92825  26.642  4.279  -29.780 0.8571428657
92840  26.560  3.996  -30.693 0.8571428657
93900  26.407  4.850  -30.442 0.8571428657
93888  26.587  4.986  -29.548 0.7142857313
97035  25.729  7.499  -29.010 0.7142857313
98070  25.521  8.482  -28.307 0.7142857313
98076  25.392  8.637  -29.397 0.5714285970
97012  25.604  7.606  -26.621 0.7142857313
99073  25.252  9.498  -28.707 0.7142857313
99984  25.278  10.239  -27.354 0.7142857313
99046  25.222  9.501  -26.824 0.7142857313
99965  24.973  10.623  -26.601 0.7142857313
100809  24.994  11.606  -26.748 0.7142857313
99944  23.945  10.786  -25.612 0.5714285970
136685  25.245  11.195  -28.408 0.7142857313
101675  25.378  12.150  -27.546 0.7142857313
100787  23.968  11.426  -25.653 0.5714285970
102540  25.471  12.895  -26.914 0.4285714328
101661  24.866  12.392  -26.529 0.5714285970
101662  24.032  12.596  -25.998 0.5714285970
102573  25.080  12.181  -28.450 0.5714285970
100788  23.388  11.549  -25.444 0.5714285970
102560  25.037  13.274  -27.586 0.5714285970
102541  24.533  13.510  -26.666 0.5714285970
102517  23.293  12.857  -25.626 0.5714285970
101635  23.533  12.260  -25.531 0.4285714328
100789  22.389  11.537  -25.479 0.5714285970
102518  22.522  13.187  -25.733 0.5714285970
101636  22.836  12.332  -25.442 0.5714285970
103510  24.368  14.268  -27.423 0.5714285970
101637  21.891  12.489  -25.616 0.4285714328
99947  20.832  10.611  -25.493 0.4285714328
102520  20.365  13.734  -25.315 0.4285714328
83112  29.083  -6.188  -26.583 0.2857142985
85122  28.830  -4.265  -30.215 0.5714285970
102519  21.499  13.680  -25.684 0.2857142985
101638  20.826  12.667  -25.340 0.4285714328
101639  19.685  12.837  -25.133 0.2857142985
74584  24.536  -13.733  -24.019 0.5714285970
73563  24.148  -14.642  -22.987 0.5714285970
77815  26.635  -11.340  -24.953 0.2857142985
74586  22.966  -13.665  -23.378 0.2857142985
76752  23.724  -11.707  -24.268 0.4285714328
77842  25.934  -10.815  -26.021 0.4285714328
77816  22.928  -11.452  -23.919 0.2857142985
85101  30.596  -4.177  -27.218 0.2857142985
82196  25.332  -6.688  -25.303 0.2857142985
84091  27.635  -5.205  -27.311 0.7142857313
90669  28.030  1.398  -31.858 0.8571428657
90647  27.626  2.021  -29.503 0.7142857313
96005  25.983  6.483  -29.249 0.7142857313
97024  26.412  6.824  -28.114 0.7142857313
100790  21.332  11.591  -25.458 0.2857142985
102559  25.362  12.618  -27.553 0.5714285970
103526  24.813  13.706  -28.491 0.5714285970
102542  23.366  13.666  -26.118 0.5714285970
103495  22.754  14.735  -26.689 0.2857142985
78935  25.541  -9.893  -25.653 0.4285714328
76734  27.060  -11.125  -23.366 0.2857142985
84105  29.390  -4.400  -30.177 0.7142857313
82236  28.977  -7.288  -29.010 0.5714285970
87202  29.732  -1.954  -31.276 0.7142857313
87203  28.704  -1.430  -31.176 0.7142857313
91783  27.249  2.546  -31.136 0.7142857313
100002  25.185  10.459  -28.965 0.8571428657
78964  28.180  -9.089  -26.920 0.5714285970
81178  27.938  -8.357  -27.490 0.5714285970
94949  26.452  5.670  -28.995 0.7142857313
83149  28.616  -6.114  -29.223 0.5714285970
74599  25.115  -13.103  -24.391 0.5714285970
74583  25.253  -13.273  -24.076 0.4285714328
75678  23.891  -12.849  -24.162 0.5714285970
75694  24.766  -12.850  -24.458 0.4285714328
73576  23.928  -14.196  -23.713 0.5714285970
76750  25.536  -12.068  -24.849 0.5714285970
76751  24.650  -11.793  -24.605 0.4285714328
77841  26.659  -10.798  -26.336 0.5714285970
80075  26.970  -8.911  -27.022 0.5714285970
80076  26.346  -9.116  -26.135 0.4285714328
81179  27.520  -8.045  -27.248 0.7142857313
82215  26.783  -6.987  -27.426 0.5714285970
82195  26.264  -6.895  -25.980 0.4285714328
81160  25.703  -7.852  -25.503 0.4285714328
83145  27.686  -6.287  -28.427 0.7142857313
83128  26.674  -5.969  -26.151 0.2857142985
83138  27.671  -5.533  -28.101 0.7142857313
84103  27.999  -5.100  -29.288 0.7142857313
84097  27.571  -4.947  -28.601 0.7142857313
86071  27.597  -3.229  -28.151 0.7142857313
87174  27.917  -2.267  -28.310 0.7142857313
87195  28.318  -1.854  -30.225 0.5714285970
88330  28.236  -0.999  -29.429 0.7142857313
88318  27.798  -0.465  -27.519 0.2857142985
90612  27.286  1.452  -26.982 0.2857142985
91771  27.309  2.748  -30.215 0.8571428657
99066  25.321  9.413  -27.756 0.7142857313
100827  25.301  11.341  -27.570 0.8571428657
103494  23.870  14.263  -26.756 0.7142857313
102543  22.234  14.003  -26.091 0.5714285970
78937  23.616  -9.695  -24.382 0.1428571492
78936  24.754  -9.810  -24.645 0.4285714328
77796  28.299  -10.492  -22.652 0.1428571492
77813  28.115  -10.079  -23.454 0.1428571492
81134  28.601  -7.763  -25.200 0.1428571492
81157  28.916  -7.199  -25.332 0.1428571492
78912  28.777  -9.326  -23.414 0.1428571492
77812  28.741  -9.845  -22.857 0.1428571492
82166  29.381  -6.726  -25.074 0.1428571492
80037  28.789  -8.739  -23.897 0.1428571492
85113  30.605  -3.940  -28.310 0.2857142985
106469  23.746  17.393  -28.561 0.1428571492
93868  26.837  4.755  -27.710 0.4285714328
106470  22.773  17.987  -28.360 0.1428571492
136719  22.103  17.506  -30.463 0.1428571492
95982  26.103  6.665  -26.874 0.4285714328
97025  26.106  7.434  -27.780 0.5714285970
97013  24.977  7.681  -25.799 0.4285714328
105491  21.183  16.945  -28.930 0.2857142985
104498  22.400  15.458  -27.525 0.2857142985
104496  23.956  15.083  -27.761 0.2857142985
104513  22.840  15.807  -28.364 0.2857142985
95985  23.003  6.401  -25.618 0.1428571492
98050  25.162  8.586  -26.298 0.5714285970
104484  21.789  15.239  -26.925 0.2857142985
96999  23.527  7.938  -25.321 0.4285714328
99025  23.745  9.684  -25.482 0.5714285970
98033  22.073  8.711  -25.333 0.4285714328
103496  21.530  14.655  -26.190 0.1428571492
98034  21.128  8.709  -25.645 0.1428571492
99946  21.919  10.618  -25.470 0.4285714328
103477  20.766  14.432  -25.650 0.1428571492
104485  21.009  15.545  -26.760 0.1428571492
99027  21.463  9.653  -25.459 0.2857142985
102503  19.267  13.637  -24.608 0.1428571492
103497  20.463  15.142  -26.126 0.1428571492
103478  19.977  14.737  -25.269 0.1428571492
104466  20.306  15.594  -24.648 0.1428571492
70212  21.882  -17.157  -21.398 0.4285714328
71387  21.884  -16.273  -21.504 0.2857142985
80055  29.259  -8.177  -24.023 0.1428571492
83111  29.644  -5.649  -26.168 0.1428571492
94936  26.368  5.957  -27.191 0.2857142985
136686  24.494  12.387  -30.214 0.4285714328
104529  24.034  15.329  -29.168 0.2857142985
104499  21.377  15.802  -27.498 0.2857142985
105490  22.420  16.433  -28.892 0.2857142985
104500  20.760  16.220  -27.370 0.2857142985
71372  21.174  -16.388  -21.060 0.2857142985
73533  26.679  -14.419  -20.617 0.1428571492
75659  27.935  -11.830  -21.621 0.1428571492
76719  28.658  -11.144  -21.912 0.1428571492
84075  29.594  -5.407  -27.081 0.1428571492
94935  26.627  5.631  -27.960 0.4285714328
95975  22.486  7.134  -25.580 0.2857142985
99024  24.252  10.154  -25.726 0.5714285970
104528  24.617  14.386  -29.320 0.4285714328
104515  20.979  16.368  -28.045 0.2857142985
104514  21.832  16.160  -28.208 0.2857142985
104530  23.366  15.737  -28.898 0.2857142985
105489  22.967  16.012  -28.949 0.2857142985
105503  21.499  17.494  -29.880 0.2857142985
106488  21.010  17.931  -30.174 0.1428571492
107399  21.036  18.003  -29.867 0.1428571492
104486  20.445  16.010  -26.565 0.2857142985
136743  21.273  17.665  -30.497 0.1428571492
107407  21.918  18.027  -29.730 0.1428571492
136718  21.503  17.776  -30.380 0.1428571492
105513  24.104  15.462  -30.165 0.4285714328
106472  20.602  17.763  -28.634 0.2857142985
105501  23.311  16.035  -29.635 0.2857142985
105502  22.170  16.787  -29.611 0.1428571492
71386  22.692  -16.438  -21.822 0.4285714328
69090  22.458  -17.829  -21.060 0.4285714328
84088  29.871  -4.699  -27.954 0.4285714328
104511  24.355  14.807  -28.390 0.2857142985
98062  25.531  8.515  -27.242 0.5714285970
98051  24.648  8.589  -25.607 0.5714285970
99966  24.514  10.541  -25.955 0.5714285970
102544  21.758  14.130  -25.962 0.2857142985
95995  26.402  6.333  -28.432 0.5714285970
99047  24.715  9.621  -25.911 0.5714285970
99026  22.542  9.675  -25.343 0.5714285970
103512  22.999  15.086  -27.306 0.2857142985
81133  29.375  -7.454  -24.556 0.1428571492
82192  29.733  -6.043  -25.225 0.1428571492
95983  25.437  6.694  -25.993 0.2857142985
104497  23.278  15.338  -27.733 0.2857142985
104512  23.690  15.424  -28.360 0.2857142985
95974  23.293  7.245  -25.509 0.2857142985
98032  23.093  8.748  -25.316 0.4285714328
97000  22.698  7.899  -25.457 0.2857142985
98052  23.965  8.651  -25.340 0.5714285970
83110  30.354  -5.418  -25.369 0.1428571492
94922  26.011  5.678  -26.437 0.2857142985
136726  21.508  17.911  -30.114 0.1428571492
87175  27.896  -1.572  -27.461 0.4285714328
89482  27.636  0.731  -27.752 0.2857142985
106446  20.609  17.741  -26.461 0.1428571492
105478  20.452  16.843  -28.059 0.1428571492
107368  20.549  18.715  -27.018 0.1428571492
105453  20.510  16.554  -24.914 0.1428571492
105469  20.753  16.860  -27.060 0.1428571492
105462  20.465  16.779  -25.991 0.1428571492
106440  20.880  17.808  -25.058 0.1428571492
106439  21.232  18.538  -24.455 0.1428571492
107363  20.680  18.741  -25.847 0.1428571492
108242  20.925  19.382  -25.512 0.1428571492
108262  20.664  19.666  -27.563 0.1428571492
78950  28.149  -9.174  -26.412 0.2857142985
106458  20.411  17.710  -27.636 0.1428571492
107381  20.560  18.663  -28.116 0.1428571492
78951  27.602  -9.845  -26.296 0.4285714328
73552  25.068  -14.564  -21.860 0.2857142985
74571  24.661  -13.961  -23.151 0.2857142985
74570  25.413  -13.454  -22.840 0.2857142985
72510  24.078  -15.412  -22.339 0.2857142985
99945  22.993  10.642  -25.440 0.4285714328
74569  26.231  -12.953  -22.466 0.1428571492
73562  24.772  -14.106  -22.685 0.2857142985
73553  24.382  -15.046  -22.193 0.2857142985
71400  22.996  -15.977  -22.287 0.2857142985
72511  23.450  -15.514  -22.467 0.2857142985
72512  22.479  -15.403  -22.180 0.2857142985
73564  23.038  -14.787  -22.920 0.2857142985
80057  25.604  -8.824  -25.459 0.2857142985
84078  26.914  -5.008  -26.087 0.1428571492
85068  26.440  -4.540  -25.795 0.1428571492
85085  27.539  -3.809  -26.666 0.2857142985
87159  27.616  -2.118  -26.794 0.1428571492
90631  27.133  2.285  -26.799 0.1428571492
91730  27.291  3.453  -27.999 0.1428571492
91731  27.212  3.164  -27.038 0.1428571492
92789  27.018  4.050  -27.275 0.1428571492
92775  26.546  3.890  -26.461 0.1428571492
94923  25.141  5.659  -25.497 0.1428571492
95984  24.230  6.787  -25.570 0.1428571492
100791  20.198  11.611  -25.383 0.1428571492
99948  19.840  10.562  -25.676 0.1428571492
69091  22.202  -17.806  -21.188 0.2857142985
72495  23.881  -16.005  -22.161 0.1428571492
93867  26.939  4.449  -28.358 0.2857142985
93856  25.851  4.702  -25.960 0.1428571492
69072  21.506  -17.999  -20.893 0.2857142985
80058  25.117  -8.909  -24.861 0.2857142985
81135  25.338  -8.334  -25.065 0.2857142985
85086  26.725  -3.888  -25.943 0.1428571492
88303  27.333  -1.027  -26.700 0.1428571492
88304  26.351  -0.668  -26.007 0.1428571492
89467  25.804  0.501  -25.777 0.1428571492
90613  26.380  1.683  -26.174 0.1428571492
91711  26.449  2.898  -26.309 0.1428571492
93855  26.527  4.747  -26.774 0.1428571492
94924  23.832  5.514  -25.723 0.1428571492
80059  24.167  -8.791  -24.549 0.2857142985
86059  27.226  -2.874  -26.322 0.1428571492
99028  20.424  9.609  -25.788 0.1428571492
72496  22.178  -15.872  -21.684 0.2857142985
81136  24.718  -7.837  -24.736 0.1428571492
90614  25.027  1.577  -25.735 0.1428571492
70196  20.713  -17.323  -20.464 0.1428571492
70195  21.263  -17.272  -21.079 0.1428571492
71358  20.125  -16.812  -19.869 0.1428571492
71373  20.411  -16.252  -20.359 0.1428571492
72513  21.725  -14.780  -22.139 0.1428571492
85128  31.913  -3.319  -30.871 0.1428571492
85119  32.703  -3.094  -30.545 0.1428571492
99105  25.486  10.561  -32.006 0.1428571492
69053  21.201  -18.634  -20.205 0.1428571492
72478  21.161  -15.752  -21.073 0.1428571492
72497  21.516  -15.428  -21.440 0.1428571492
74572  22.391  -13.462  -23.006 0.1428571492
99112  25.200  11.749  -32.463 0.1428571492
75663  22.002  -12.714  -22.845 0.1428571492
67956  21.801  -18.745  -20.496 0.1428571492
86097  32.488  -2.774  -31.311 0.1428571492
73578  22.759  -14.125  -23.138 0.1428571492
69073  20.955  -18.053  -20.364 0.1428571492
73565  22.186  -14.357  -22.661 0.1428571492
66943  22.245  -20.740  -18.849 0.1428571492
70194  23.068  -17.665  -20.720 0.5714285970
70211  22.747  -17.445  -21.259 0.4285714328
71399  23.388  -16.214  -22.170 0.2857142985
72477  24.741  -15.926  -20.966 0.1428571492
75662  22.388  -13.001  -23.094 0.2857142985
75677  24.413  -13.180  -24.271 0.5714285970
75693  25.418  -12.757  -24.396 0.5714285970
78934  27.720  -10.032  -25.428 0.2857142985
78965  27.971  -9.363  -26.968 0.5714285970
80090  28.108  -8.891  -27.240 0.5714285970
82213  28.431  -7.456  -27.663 0.7142857313
82227  27.250  -7.070  -27.897 0.7142857313
82238  27.875  -6.665  -28.787 0.7142857313
82239  28.916  -7.056  -29.491 0.7142857313
82240  28.730  -6.772  -29.480 0.5714285970
83125  29.638  -5.446  -26.761 0.1428571492
84060  30.292  -5.115  -25.912 0.1428571492
84076  27.706  -4.451  -27.067 0.4285714328
85102  27.510  -4.075  -28.096 0.7142857313
85127  32.605  -3.011  -31.005 0.1428571492
86057  27.647  -3.568  -27.647 0.7142857313
87207  31.956  -1.485  -32.108 0.7142857313
88359  29.616  0.016  -32.920 0.7142857313
88360  28.984  0.140  -32.661 0.8571428657
89519  32.398  0.165  -32.357 0.1428571492
89520  31.957  0.470  -31.983 0.1428571492
89522  32.475  0.046  -32.586 0.2857142985
89525  30.083  0.677  -33.275 0.5714285970
89527  29.847  1.033  -33.327 0.8571428657
89528  29.653  0.897  -33.262 0.8571428657
90678  31.468  1.030  -31.962 0.1428571492
90693  29.505  1.210  -33.292 0.7142857313
91817  30.507  2.023  -33.024 0.1428571492
91819  29.543  1.771  -33.377 0.7142857313
92788  27.106  4.179  -28.012 0.2857142985
92809  26.704  4.495  -29.197 0.8571428657
92873  27.899  4.238  -33.313 0.8571428657
93881  26.866  4.419  -28.609 0.2857142985
93882  26.748  4.795  -28.644 0.7142857313
94921  26.537  5.363  -27.161 0.4285714328
94957  25.590  6.235  -30.339 0.7142857313
94981  25.385  6.033  -32.857 0.8571428657
94990  25.541  6.167  -33.103 0.8571428657
95973  23.826  7.423  -25.434 0.2857142985
95996  26.417  6.480  -27.703 0.2857142985
96036  25.344  6.000  -32.593 0.8571428657
97001  21.733  7.737  -25.687 0.2857142985
97014  24.248  7.822  -25.372 0.4285714328
97034  26.172  6.920  -28.527 0.7142857313
97062  24.240  9.126  -33.490 0.5714285970
97068  26.531  7.346  -33.451 0.1428571492
98091  26.935  8.467  -32.188 0.1428571492
98106  26.599  7.723  -33.228 0.2857142985
99048  24.316  9.146  -25.520 0.5714285970
99995  25.313  10.351  -28.132 0.7142857313
100810  24.444  11.485  -26.076 0.5714285970
100811  23.918  11.871  -25.690 0.5714285970
101659  25.464  12.218  -27.234 0.7142857313
101660  25.398  12.153  -26.991 0.7142857313
102539  25.521  12.485  -27.191 0.4285714328
102558  25.454  12.372  -27.431 0.4285714328
103493  24.253  14.021  -26.945 0.5714285970
103511  23.568  14.857  -27.240 0.2857142985
103552  24.467  13.302  -30.479 0.5714285970
105500  23.971  15.456  -29.722 0.4285714328
105551  23.975  15.697  -35.220 0.1428571492
106514  24.237  17.705  -32.413 0.1428571492
107362  20.995  18.966  -24.940 0.1428571492
107398  21.176  18.124  -29.718 0.1428571492
107415  24.482  17.746  -32.430 0.1428571492
107422  24.194  17.841  -32.694 0.1428571492
136672  23.999  13.711  -32.232 0.1428571492
136674  23.763  15.872  -32.560 0.1428571492
136677  24.485  12.935  -30.349 0.4285714328
136680  24.407  11.929  -30.567 0.7142857313
136684  25.293  11.589  -28.147 0.5714285970
136695  23.376  16.517  -33.075 0.1428571492
136705  22.613  16.996  -35.418 0.1428571492
136706  22.834  16.611  -34.863 0.1428571492
136712  23.221  17.703  -35.011 0.1428571492
136713  22.843  17.005  -34.941 0.1428571492
136717  23.255  17.058  -35.544 0.1428571492
136729  24.879  18.208  -33.558 0.1428571492
136731  22.780  17.239  -34.724 0.1428571492
136732  21.160  17.809  -30.234 0.1428571492
136733  21.179  17.850  -30.639 0.1428571492
136742  21.209  17.949  -30.378 0.1428571492
136744  21.147  18.040  -30.134 0.1428571492
