#!ascii label  , from subject abby vox2ras=TkReg
276
87195  28.318  -1.854  -30.225 0.0000000000
77827  27.298  -10.930  -25.712 0.0000000000
91753  27.389  3.033  -29.094 0.0000000000
102517  23.293  12.857  -25.626 0.0000000000
74599  25.115  -13.103  -24.391 0.0000000000
94971  25.741  5.392  -31.846 0.0000000000
97042  25.481  7.773  -30.121 0.0000000000
85084  27.700  -3.932  -27.336 0.0000000000
82226  27.575  -7.002  -28.291 0.0000000000
84105  29.390  -4.400  -30.177 0.0000000000
89526  29.259  0.715  -33.062 0.0000000000
86105  31.388  -2.064  -31.668 0.0000000000
89507  27.765  1.123  -30.242 0.0000000000
91796  27.492  2.553  -31.990 0.0000000000
99966  24.514  10.541  -25.955 0.0000000000
100003  24.794  10.706  -29.602 0.0000000000
80089  28.226  -8.605  -26.647 0.0000000000
96005  25.983  6.483  -29.249 0.0000000000
98070  25.521  8.482  -28.307 0.0000000000
86083  27.781  -3.125  -29.174 0.0000000000
85123  28.079  -4.113  -29.857 0.0000000000
85131  28.617  -3.607  -30.333 0.0000000000
76749  26.150  -11.833  -24.845 0.0000000000
90647  27.626  2.021  -29.503 0.0000000000
90670  27.901  1.709  -31.279 0.0000000000
92839  26.781  3.226  -30.924 0.0000000000
96037  25.063  6.615  -32.940 0.0000000000
94979  26.454  5.472  -33.101 0.0000000000
101637  21.891  12.489  -25.616 0.0000000000
99026  22.542  9.675  -25.343 0.0000000000
100787  23.968  11.426  -25.653 0.0000000000
104560  24.474  14.701  -30.854 0.0000000000
136667  24.352  13.439  -31.160 0.0000000000
100849  24.951  11.237  -29.104 0.0000000000
136681  24.299  11.670  -30.835 0.0000000000
99090  23.995  10.657  -31.158 0.0000000000
83137  29.242  -6.523  -28.460 0.0000000000
81188  28.079  -7.793  -27.740 0.0000000000
74584  24.536  -13.733  -24.019 0.0000000000
92840  26.560  3.996  -30.693 0.0000000000
94956  26.035  5.767  -30.062 0.0000000000
96020  25.101  6.697  -31.408 0.0000000000
97055  24.692  7.537  -32.326 0.0000000000
82214  27.303  -6.527  -27.647 0.0000000000
83138  27.671  -5.533  -28.101 0.0000000000
83149  28.616  -6.114  -29.223 0.0000000000
84096  29.431  -5.762  -28.843 0.0000000000
87210  28.735  -0.788  -31.891 0.0000000000
87202  29.732  -1.954  -31.276 0.0000000000
87214  30.866  -0.548  -32.556 0.0000000000
88317  28.163  -1.241  -28.388 0.0000000000
89481  28.097  -0.130  -28.596 0.0000000000
88340  28.163  -0.754  -30.451 0.0000000000
89515  28.133  0.724  -31.645 0.0000000000
90690  28.242  1.797  -32.608 0.0000000000
92862  28.402  3.754  -32.944 0.0000000000
92864  26.595  3.647  -32.056 0.0000000000
93933  27.932  4.727  -33.381 0.0000000000
98051  24.648  8.589  -25.607 0.0000000000
102560  25.037  13.274  -27.586 0.0000000000
101675  25.378  12.150  -27.546 0.0000000000
99984  25.278  10.239  -27.354 0.0000000000
99066  25.321  9.413  -27.756 0.0000000000
98085  25.024  8.847  -30.448 0.0000000000
98086  24.327  9.235  -31.340 0.0000000000
78953  26.254  -10.224  -26.337 0.0000000000
81179  27.520  -8.045  -27.248 0.0000000000
86099  30.134  -2.848  -30.790 0.0000000000
85121  30.636  -3.815  -29.481 0.0000000000
97025  26.106  7.434  -27.780 0.0000000000
97012  25.604  7.606  -26.621 0.0000000000
86090  28.143  -2.961  -30.064 0.0000000000
86100  28.924  -2.693  -30.712 0.0000000000
73563  24.148  -14.642  -22.987 0.0000000000
77815  26.635  -11.340  -24.953 0.0000000000
91771  27.309  2.748  -30.215 0.0000000000
97069  25.778  7.517  -33.465 0.0000000000
96045  25.545  6.808  -33.459 0.0000000000
101636  22.836  12.332  -25.442 0.0000000000
100789  22.389  11.537  -25.479 0.0000000000
100788  23.388  11.549  -25.444 0.0000000000
101662  24.032  12.596  -25.998 0.0000000000
136670  24.374  12.513  -30.774 0.0000000000
136682  24.153  11.723  -31.468 0.0000000000
83126  29.160  -5.985  -27.253 0.0000000000
82212  28.778  -6.758  -27.086 0.0000000000
77829  25.385  -10.899  -24.959 0.0000000000
93888  26.587  4.986  -29.548 0.0000000000
94949  26.452  5.670  -28.995 0.0000000000
96006  25.593  6.953  -29.763 0.0000000000
96012  25.665  6.415  -29.979 0.0000000000
96013  25.354  6.815  -30.519 0.0000000000
97049  24.789  7.880  -31.190 0.0000000000
102543  22.234  14.003  -26.091 0.0000000000
84091  27.635  -5.205  -27.311 0.0000000000
84090  27.669  -4.684  -27.722 0.0000000000
85122  28.830  -4.265  -30.215 0.0000000000
84103  27.999  -5.100  -29.288 0.0000000000
84102  29.017  -5.085  -29.602 0.0000000000
83148  29.026  -6.382  -29.437 0.0000000000
84095  29.965  -4.706  -29.090 0.0000000000
74600  24.937  -13.300  -24.324 0.0000000000
88353  29.103  -0.537  -32.505 0.0000000000
88352  30.002  -0.617  -32.504 0.0000000000
88358  30.502  -0.041  -33.024 0.0000000000
86072  27.817  -2.441  -27.515 0.0000000000
89495  27.851  1.003  -28.956 0.0000000000
89494  27.996  0.069  -29.729 0.0000000000
89506  27.922  0.252  -30.740 0.0000000000
89516  28.030  0.967  -30.951 0.0000000000
90681  28.007  1.891  -32.137 0.0000000000
91810  28.164  2.526  -32.741 0.0000000000
91809  29.255  2.571  -33.247 0.0000000000
93912  26.216  4.604  -31.293 0.0000000000
92853  26.478  3.759  -31.514 0.0000000000
93924  26.337  4.429  -32.145 0.0000000000
94988  27.075  5.549  -33.402 0.0000000000
93922  28.489  4.758  -32.964 0.0000000000
99024  24.252  10.154  -25.726 0.0000000000
99025  23.745  9.684  -25.482 0.0000000000
98052  23.965  8.651  -25.340 0.0000000000
99047  24.715  9.621  -25.911 0.0000000000
104543  24.544  14.063  -30.165 0.0000000000
104544  24.480  15.000  -29.899 0.0000000000
103526  24.813  13.706  -28.491 0.0000000000
102559  25.362  12.618  -27.553 0.0000000000
136685  25.245  11.195  -28.408 0.0000000000
100002  25.185  10.459  -28.965 0.0000000000
99073  25.252  9.498  -28.707 0.0000000000
99080  24.982  9.764  -29.715 0.0000000000
99098  24.025  11.059  -32.218 0.0000000000
98093  23.742  9.708  -32.229 0.0000000000
98101  24.135  9.940  -32.973 0.0000000000
97056  24.053  8.823  -32.907 0.0000000000
82215  26.783  -6.987  -27.426 0.0000000000
81190  27.453  -7.331  -27.779 0.0000000000
81177  28.093  -8.040  -27.165 0.0000000000
81178  27.938  -8.357  -27.490 0.0000000000
78964  28.180  -9.089  -26.920 0.0000000000
78966  27.568  -9.477  -26.827 0.0000000000
87201  30.643  -2.282  -31.421 0.0000000000
86098  31.345  -2.881  -31.268 0.0000000000
95995  26.402  6.333  -28.432 0.0000000000
97024  26.412  6.824  -28.114 0.0000000000
97035  25.729  7.499  -29.010 0.0000000000
86071  27.597  -3.229  -28.151 0.0000000000
85114  27.392  -4.139  -29.078 0.0000000000
76736  25.872  -12.248  -24.421 0.0000000000
75676  25.831  -12.626  -23.703 0.0000000000
76735  26.357  -11.611  -23.939 0.0000000000
90692  30.173  1.377  -33.316 0.0000000000
90688  30.601  0.992  -33.244 0.0000000000
90660  27.578  2.030  -30.491 0.0000000000
91783  27.249  2.546  -31.136 0.0000000000
92852  26.823  3.160  -31.762 0.0000000000
96027  25.506  5.772  -32.308 0.0000000000
94980  25.900  5.563  -32.652 0.0000000000
94989  26.130  6.017  -33.297 0.0000000000
96044  26.379  6.643  -33.602 0.0000000000
99944  23.945  10.786  -25.612 0.0000000000
104559  24.456  13.877  -30.656 0.0000000000
103540  24.647  13.016  -29.818 0.0000000000
100011  24.530  11.665  -30.080 0.0000000000
99081  24.567  10.505  -30.252 0.0000000000
82236  28.977  -7.288  -29.010 0.0000000000
82225  28.370  -7.370  -28.374 0.0000000000
82224  28.925  -7.090  -28.113 0.0000000000
82194  28.516  -7.310  -26.815 0.0000000000
73576  23.928  -14.196  -23.713 0.0000000000
75678  23.891  -12.849  -24.162 0.0000000000
75695  24.253  -12.313  -24.415 0.0000000000
76750  25.536  -12.068  -24.849 0.0000000000
77828  26.274  -11.316  -25.471 0.0000000000
92808  26.873  4.032  -28.828 0.0000000000
92824  26.902  3.529  -29.943 0.0000000000
92825  26.642  4.279  -29.780 0.0000000000
93900  26.407  4.850  -30.442 0.0000000000
94964  25.834  5.402  -30.979 0.0000000000
94965  25.433  6.073  -30.765 0.0000000000
94972  25.384  5.911  -31.424 0.0000000000
96028  25.186  6.224  -32.143 0.0000000000
97061  24.890  8.063  -33.245 0.0000000000
102518  22.522  13.187  -25.733 0.0000000000
102542  23.366  13.666  -26.118 0.0000000000
83139  27.509  -6.073  -27.795 0.0000000000
83145  27.686  -6.287  -28.427 0.0000000000
84097  27.571  -4.947  -28.601 0.0000000000
83144  28.052  -5.969  -28.772 0.0000000000
82237  28.334  -6.997  -29.193 0.0000000000
83143  29.199  -6.760  -29.185 0.0000000000
84089  29.495  -5.501  -27.727 0.0000000000
87203  28.704  -1.430  -31.176 0.0000000000
87209  29.392  -1.230  -32.016 0.0000000000
87208  30.708  -1.336  -31.938 0.0000000000
87213  31.698  -0.793  -32.492 0.0000000000
89524  30.943  0.539  -33.080 0.0000000000
88357  31.417  -0.130  -32.840 0.0000000000
87212  32.579  -1.026  -32.593 0.0000000000
87174  27.917  -2.267  -28.310 0.0000000000
87186  28.125  -2.083  -29.270 0.0000000000
88330  28.236  -0.999  -29.429 0.0000000000
88348  28.286  -0.372  -31.343 0.0000000000
88354  28.613  -0.032  -32.084 0.0000000000
89521  28.574  0.701  -32.525 0.0000000000
90669  28.030  1.398  -31.858 0.0000000000
90680  28.169  1.304  -32.374 0.0000000000
90689  28.726  1.544  -33.099 0.0000000000
92861  29.411  3.234  -33.073 0.0000000000
92863  27.189  3.634  -32.670 0.0000000000
93923  26.728  4.839  -32.866 0.0000000000
93934  27.455  4.490  -33.192 0.0000000000
92874  27.721  4.018  -33.167 0.0000000000
98050  25.162  8.586  -26.298 0.0000000000
103494  23.870  14.263  -26.756 0.0000000000
103510  24.368  14.268  -27.423 0.0000000000
102541  24.533  13.510  -26.666 0.0000000000
101661  24.866  12.392  -26.529 0.0000000000
100809  24.994  11.606  -26.748 0.0000000000
99965  24.973  10.623  -26.601 0.0000000000
102573  25.080  12.181  -28.450 0.0000000000
100827  25.301  11.341  -27.570 0.0000000000
99046  25.222  9.501  -26.824 0.0000000000
98062  25.531  8.515  -27.242 0.0000000000
98076  25.392  8.637  -29.397 0.0000000000
99089  24.544  9.783  -30.599 0.0000000000
97050  24.173  8.614  -32.068 0.0000000000
77842  25.934  -10.815  -26.021 0.0000000000
77841  26.659  -10.798  -26.336 0.0000000000
81159  26.642  -7.980  -26.556 0.0000000000
81189  27.910  -7.703  -27.879 0.0000000000
80075  26.970  -8.911  -27.022 0.0000000000
78952  27.030  -9.826  -26.695 0.0000000000
77840  27.180  -10.491  -26.397 0.0000000000
85130  29.430  -3.772  -30.532 0.0000000000
84104  29.833  -4.217  -30.415 0.0000000000
85129  30.617  -3.759  -30.539 0.0000000000
84101  29.963  -4.508  -30.006 0.0000000000
75677  24.413  -13.180  -24.271 0.0000000000
75693  25.418  -12.757  -24.396 0.0000000000
78965  27.971  -9.363  -26.968 0.0000000000
80090  28.108  -8.891  -27.240 0.0000000000
82213  28.431  -7.456  -27.663 0.0000000000
82227  27.250  -7.070  -27.897 0.0000000000
82238  27.875  -6.665  -28.787 0.0000000000
82239  28.916  -7.056  -29.491 0.0000000000
82240  28.730  -6.772  -29.480 0.0000000000
85102  27.510  -4.075  -28.096 0.0000000000
86057  27.647  -3.568  -27.647 0.0000000000
87207  31.956  -1.485  -32.108 0.0000000000
88318  27.798  -0.465  -27.519 0.0000000000
88359  29.616  0.016  -32.920 0.0000000000
88360  28.984  0.140  -32.661 0.0000000000
89525  30.083  0.677  -33.275 0.0000000000
89527  29.847  1.033  -33.327 0.0000000000
89528  29.653  0.897  -33.262 0.0000000000
90693  29.505  1.210  -33.292 0.0000000000
91819  29.543  1.771  -33.377 0.0000000000
92809  26.704  4.495  -29.197 0.0000000000
92873  27.899  4.238  -33.313 0.0000000000
93882  26.748  4.795  -28.644 0.0000000000
94957  25.590  6.235  -30.339 0.0000000000
94981  25.385  6.033  -32.857 0.0000000000
94990  25.541  6.167  -33.103 0.0000000000
96036  25.344  6.000  -32.593 0.0000000000
97034  26.172  6.920  -28.527 0.0000000000
97062  24.240  9.126  -33.490 0.0000000000
99048  24.316  9.146  -25.520 0.0000000000
99995  25.313  10.351  -28.132 0.0000000000
100810  24.444  11.485  -26.076 0.0000000000
100811  23.918  11.871  -25.690 0.0000000000
101659  25.464  12.218  -27.234 0.0000000000
101660  25.398  12.153  -26.991 0.0000000000
103493  24.253  14.021  -26.945 0.0000000000
103552  24.467  13.302  -30.479 0.0000000000
136680  24.407  11.929  -30.567 0.0000000000
136684  25.293  11.589  -28.147 0.0000000000
